1.428571428571428492e-01 9.821428571428571230e-02 4.680187207488299528e+00 4.815409309791331971e+00
2.000000000000000111e-01 1.384615384615384692e-01 4.604758250191864910e+00 4.758128469468675625e+00
1.212121212121212155e-01 7.575757575757575968e-02 4.491017964071856383e+00 4.746835443037975111e+00
1.782945736434108641e-01 1.627906976744186163e-01 4.583651642475172316e+00 4.746835443037975111e+00
2.142857142857142738e-01 1.587301587301587213e-01 4.680187207488299528e+00 4.780876494023904577e+00
1.523809523809523947e-01 1.238095238095238138e-01 4.746835443037975111e+00 4.850444624090541446e+00
1.250000000000000000e-01 8.593750000000000000e-02 4.511278195488721998e+00 4.647560030983733270e+00
1.865671641791044888e-01 1.194029850746268634e-01 4.552352048558422126e+00 4.691164972634870978e+00
1.578947368421052544e-01 1.052631578947368363e-01 4.862236628849270659e+00 4.934210526315789380e+00
1.206896551724137984e-01 1.120689655172413812e-01 4.615384615384614975e+00 4.827031375703942473e+00
1.607142857142857262e-01 1.250000000000000000e-01 4.724409448818897239e+00 4.862236628849270659e+00
1.734693877551020391e-01 1.224489795918367319e-01 4.838709677419354982e+00 4.971002485501243129e+00
1.092436974789915971e-01 1.092436974789915971e-01 4.562737642585551257e+00 4.746835443037975111e+00
1.726618705035971313e-01 1.294964028776978415e-01 4.480955937266617006e+00 4.702194357366771271e+00
1.869918699186991773e-01 1.300813008130081438e-01 4.636785162287480944e+00 4.815409309791331971e+00
1.727272727272727293e-01 1.454545454545454475e-01 4.724409448818897239e+00 4.874086108854589483e+00
2.719298245614035214e-01 2.719298245614035214e-01 4.827031375703942473e+00 4.934210526315789380e+00
2.028985507246376940e-01 1.884057971014492794e-01 4.573170731707317138e+00 4.724409448818897239e+00
2.389380530973451433e-01 1.946902654867256610e-01 4.792332268370606663e+00 4.958677685950413583e+00
2.187500000000000000e-01 1.770833333333333426e-01 4.909983633387888347e+00 5.084745762711864181e+00
1.734693877551020391e-01 1.224489795918367319e-01 4.850444624090541446e+00 4.958677685950413583e+00
1.799999999999999933e-01 1.300000000000000044e-01 4.815409309791331971e+00 4.934210526315789380e+00
1.313131313131313260e-01 1.515151515151515194e-01 4.803843074459567930e+00 4.946413849958779529e+00
2.000000000000000111e-01 1.583333333333333259e-01 4.680187207488299528e+00 4.885993485342019937e+00
2.063492063492063378e-01 1.587301587301587213e-01 4.636785162287480944e+00 4.862236628849270659e+00
1.487603305785124008e-01 1.404958677685950452e-01 4.615384615384614975e+00 4.746835443037975111e+00
1.562500000000000000e-01 1.093750000000000000e-01 4.573170731707317138e+00 4.691164972634870978e+00
2.260869565217391297e-01 1.478260869565217461e-01 4.758128469468675625e+00 4.862236628849270659e+00
1.440677966101694962e-01 1.101694915254237267e-01 4.615384615384614975e+00 4.815409309791331971e+00
1.739130434782608647e-01 1.304347826086956486e-01 4.691164972634870978e+00 4.792332268370606663e+00
1.532258064516129059e-01 1.129032258064516098e-01 4.626060138781804554e+00 4.780876494023904577e+00
1.926605504587156070e-01 1.743119266055045968e-01 4.780876494023904577e+00 4.983388704318937101e+00
1.619718309859154992e-01 1.267605633802816878e-01 4.470938897168405646e+00 4.724409448818897239e+00
1.545454545454545414e-01 1.181818181818181795e-01 4.713275726630008045e+00 4.838709677419354982e+00
2.017543859649122695e-01 1.754385964912280604e-01 4.746835443037975111e+00 4.874086108854589483e+00
1.836734693877551117e-01 1.632653061224489666e-01 4.862236628849270659e+00 4.958677685950413583e+00
1.441441441441441429e-01 1.531531531531531432e-01 4.713275726630008045e+00 4.909983633387888347e+00
2.049180327868852514e-01 1.557377049180327933e-01 4.680187207488299528e+00 4.815409309791331971e+00
2.000000000000000111e-01 1.777777777777777846e-01 4.934210526315789380e+00 5.071851225697379562e+00
1.666666666666666574e-01 1.354166666666666574e-01 4.874086108854589483e+00 5.008347245409015436e+00
1.864406779661016977e-01 1.271186440677966045e-01 4.669260700389105345e+00 4.862236628849270659e+00
2.595419847328244156e-01 2.213740458015267254e-01 4.691164972634870978e+00 4.803843074459567930e+00
1.403508771929824483e-01 1.315789473684210453e-01 4.680187207488299528e+00 4.934210526315789380e+00
1.612903225806451568e-01 1.209677419354838745e-01 4.583651642475172316e+00 4.735595895816890000e+00
2.068965517241379282e-01 1.724137931034482873e-01 4.724409448818897239e+00 4.803843074459567930e+00
1.727272727272727293e-01 1.636363636363636354e-01 4.780876494023904577e+00 4.862236628849270659e+00
1.504424778761062065e-01 8.849557522123893682e-02 4.691164972634870978e+00 4.850444624090541446e+00
1.240310077519379828e-01 1.007751937984496110e-01 4.491017964071856383e+00 4.680187207488299528e+00
2.592592592592592449e-01 1.851851851851851749e-01 4.850444624090541446e+00 4.995836802664446630e+00
2.000000000000000111e-01 1.727272727272727293e-01 4.769475357710652119e+00 4.922067268252666494e+00
1.709401709401709435e-01 1.538461538461538547e-01 4.647560030983733270e+00 4.909983633387888347e+00
1.932773109243697551e-01 1.512605042016806622e-01 4.702194357366771271e+00 4.850444624090541446e+00
2.214285714285714191e-01 1.499999999999999944e-01 4.542013626040878549e+00 4.691164972634870978e+00
2.500000000000000000e-01 2.272727272727272652e-01 4.658385093167701996e+00 4.885993485342019937e+00
1.382113821138211407e-01 1.138211382113821085e-01 4.594180704441041208e+00 4.838709677419354982e+00
2.121212121212121271e-01 1.818181818181818232e-01 4.604758250191864910e+00 4.815409309791331971e+00
1.308411214953270896e-01 1.028037383177570069e-01 4.713275726630008045e+00 4.838709677419354982e+00
1.568627450980392135e-01 1.274509803921568540e-01 4.803843074459567930e+00 5.008347245409015436e+00
2.164948453608247503e-01 2.164948453608247503e-01 4.922067268252666494e+00 5.008347245409015436e+00
1.782945736434108641e-01 1.162790697674418589e-01 4.573170731707317138e+00 4.758128469468675625e+00
1.525423728813559421e-01 1.101694915254237267e-01 4.636785162287480944e+00 4.815409309791331971e+00
1.983471074380165344e-01 1.570247933884297564e-01 4.669260700389105345e+00 4.780876494023904577e+00
2.432432432432432567e-01 1.711711711711711714e-01 4.827031375703942473e+00 4.922067268252666494e+00
1.796875000000000000e-01 1.406250000000000000e-01 4.594180704441041208e+00 4.815409309791331971e+00
1.981132075471698228e-01 1.509433962264150886e-01 4.803843074459567930e+00 4.850444624090541446e+00
1.538461538461538547e-01 1.250000000000000000e-01 4.769475357710652119e+00 4.922067268252666494e+00
1.846153846153846256e-01 1.769230769230769329e-01 4.583651642475172316e+00 4.815409309791331971e+00
1.386138613861386260e-01 9.900990099009901457e-02 4.803843074459567930e+00 4.922067268252666494e+00
2.038834951456310607e-01 1.650485436893203983e-01 4.838709677419354982e+00 4.995836802664446630e+00
1.617647058823529493e-01 1.323529411764705899e-01 4.491017964071856383e+00 4.702194357366771271e+00
2.016806722689075682e-01 1.680672268907563160e-01 4.702194357366771271e+00 4.838709677419354982e+00
2.358490566037735880e-01 1.886792452830188815e-01 4.838709677419354982e+00 4.922067268252666494e+00
2.222222222222222099e-01 1.794871794871794879e-01 4.746835443037975111e+00 4.922067268252666494e+00
1.681415929203539938e-01 1.238938053097345116e-01 4.735595895816890000e+00 4.780876494023904577e+00
2.014388489208633060e-01 1.582733812949640162e-01 4.531722054380664666e+00 4.758128469468675625e+00
1.962616822429906482e-01 1.401869158878504551e-01 4.769475357710652119e+00 4.995836802664446630e+00
1.879699248120300648e-01 1.503759398496240518e-01 4.573170731707317138e+00 4.724409448818897239e+00
1.696428571428571508e-01 1.250000000000000000e-01 4.702194357366771271e+00 4.862236628849270659e+00
2.417582417582417598e-01 1.758241758241758379e-01 4.971002485501243129e+00 5.020920502092049986e+00
2.272727272727272652e-01 1.727272727272727293e-01 4.815409309791331971e+00 4.885993485342019937e+00
2.276422764227642170e-01 1.788617886178861804e-01 4.713275726630008045e+00 4.827031375703942473e+00
2.101449275362318736e-01 1.594202898550724501e-01 4.552352048558422126e+00 4.713275726630008045e+00
1.716417910447761153e-01 1.194029850746268634e-01 4.552352048558422126e+00 4.691164972634870978e+00
1.920000000000000040e-01 1.600000000000000033e-01 4.669260700389105345e+00 4.815409309791331971e+00
1.074380165289256228e-01 9.090909090909091161e-02 4.562737642585551257e+00 4.792332268370606663e+00
2.260869565217391297e-01 2.173913043478260809e-01 4.758128469468675625e+00 4.983388704318937101e+00
1.652892561983471120e-01 1.570247933884297564e-01 4.626060138781804554e+00 4.838709677419354982e+00
2.031250000000000000e-01 1.953125000000000000e-01 4.647560030983733270e+00 4.792332268370606663e+00
1.754385964912280604e-01 1.315789473684210453e-01 4.680187207488299528e+00 4.803843074459567930e+00
1.712328767123287576e-01 8.219178082191780366e-02 4.411764705882353255e+00 4.647560030983733270e+00
1.958762886597938124e-01 1.752577319587628746e-01 4.885993485342019937e+00 4.971002485501243129e+00
1.721311475409836034e-01 1.557377049180327933e-01 4.636785162287480944e+00 4.769475357710652119e+00
1.282051282051281937e-01 7.692307692307692735e-02 4.636785162287480944e+00 4.780876494023904577e+00
1.923076923076923184e-01 1.461538461538461620e-01 4.583651642475172316e+00 4.713275726630008045e+00
1.900826446280991788e-01 1.570247933884297564e-01 4.691164972634870978e+00 4.838709677419354982e+00
1.565217391304347949e-01 1.043478260869565161e-01 4.658385093167701996e+00 4.803843074459567930e+00
2.105263157894736725e-01 1.929824561403508665e-01 4.758128469468675625e+00 4.874086108854589483e+00
2.100840336134453812e-01 1.512605042016806622e-01 4.691164972634870978e+00 4.758128469468675625e+00
2.268907563025210072e-01 1.764705882352941291e-01 4.724409448818897239e+00 4.827031375703942473e+00
1.743119266055045968e-01 1.284403669724770714e-01 4.724409448818897239e+00 4.909983633387888347e+00
1.913043478260869623e-01 1.391304347826086973e-01 4.702194357366771271e+00 4.897959183673469497e+00
1.909090909090909172e-01 1.363636363636363535e-01 4.758128469468675625e+00 4.909983633387888347e+00
2.056737588652482185e-01 1.489361702127659504e-01 4.521477015825169588e+00 4.713275726630008045e+00
2.211538461538461453e-01 2.019230769230769273e-01 4.850444624090541446e+00 4.983388704318937101e+00
1.567164179104477695e-01 1.194029850746268634e-01 4.521477015825169588e+00 4.691164972634870978e+00
2.173913043478260809e-01 1.826086956521739135e-01 4.746835443037975111e+00 4.909983633387888347e+00
1.919191919191919060e-01 1.717171717171717127e-01 4.850444624090541446e+00 4.983388704318937101e+00
1.711711711711711714e-01 1.171171171171171144e-01 4.746835443037975111e+00 4.815409309791331971e+00
1.881188118811881194e-01 1.683168316831683275e-01 4.850444624090541446e+00 4.958677685950413583e+00
2.377049180327868716e-01 1.475409836065573743e-01 4.735595895816890000e+00 4.792332268370606663e+00
1.441441441441441429e-01 1.171171171171171144e-01 4.669260700389105345e+00 4.850444624090541446e+00
2.056737588652482185e-01 1.631205673758865382e-01 4.511278195488721998e+00 4.746835443037975111e+00
1.653543307086614289e-01 1.102362204724409434e-01 4.562737642585551257e+00 4.758128469468675625e+00
2.212389380530973559e-01 1.504424778761062065e-01 4.769475357710652119e+00 4.838709677419354982e+00
1.791044776119402882e-01 1.119402985074626905e-01 4.562737642585551257e+00 4.713275726630008045e+00
1.465517241379310220e-01 1.379310344827586188e-01 4.647560030983733270e+00 4.897959183673469497e+00
1.627906976744186163e-01 1.395348837209302306e-01 4.562737642585551257e+00 4.792332268370606663e+00
1.652892561983471120e-01 9.917355371900826722e-02 4.636785162287480944e+00 4.724409448818897239e+00
1.834862385321101019e-01 1.467889908256880815e-01 4.746835443037975111e+00 4.983388704318937101e+00
1.764705882352941291e-01 1.260504201680672232e-01 4.691164972634870978e+00 4.827031375703942473e+00
1.838235294117647189e-01 1.397058823529411797e-01 4.531722054380664666e+00 4.658385093167701996e+00
1.900826446280991788e-01 1.652892561983471120e-01 4.669260700389105345e+00 4.815409309791331971e+00
2.000000000000000111e-01 1.793103448275862044e-01 4.470938897168405646e+00 4.680187207488299528e+00
1.764705882352941291e-01 1.323529411764705899e-01 4.552352048558422126e+00 4.669260700389105345e+00
2.196969696969696961e-01 1.287878787878787845e-01 4.615384615384614975e+00 4.758128469468675625e+00
1.327433628318584191e-01 7.964601769911504314e-02 4.658385093167701996e+00 4.769475357710652119e+00
1.596638655462184753e-01 9.243697478991597105e-02 4.626060138781804554e+00 4.803843074459567930e+00
1.401869158878504551e-01 1.121495327102803724e-01 4.713275726630008045e+00 4.909983633387888347e+00
1.523809523809523947e-01 1.142857142857142821e-01 4.746835443037975111e+00 4.922067268252666494e+00
2.192982456140350755e-01 1.666666666666666574e-01 4.769475357710652119e+00 4.838709677419354982e+00
2.032520325203251987e-01 1.788617886178861804e-01 4.647560030983733270e+00 4.838709677419354982e+00
2.358490566037735880e-01 1.509433962264150886e-01 4.850444624090541446e+00 4.922067268252666494e+00
1.044776119402985037e-01 1.044776119402985037e-01 4.431314623338256986e+00 4.658385093167701996e+00
1.862745098039215730e-01 1.470588235294117696e-01 4.850444624090541446e+00 4.946413849958779529e+00
1.250000000000000000e-01 1.083333333333333370e-01 4.604758250191864910e+00 4.746835443037975111e+00
1.880341880341880323e-01 1.367521367521367659e-01 4.702194357366771271e+00 4.780876494023904577e+00
1.870503597122302186e-01 1.582733812949640162e-01 4.511278195488721998e+00 4.758128469468675625e+00
1.958762886597938124e-01 1.443298969072164817e-01 4.874086108854589483e+00 5.020920502092049986e+00
9.411764705882352811e-02 4.705882352941176405e-02 4.897959183673469497e+00 5.020920502092049986e+00
1.739130434782608647e-01 1.413043478260869457e-01 4.897959183673469497e+00 4.971002485501243129e+00
1.742424242424242542e-01 1.515151515151515194e-01 4.583651642475172316e+00 4.746835443037975111e+00
1.678832116788321061e-01 1.167883211678832078e-01 4.511278195488721998e+00 4.702194357366771271e+00
1.681415929203539938e-01 8.849557522123893682e-02 4.713275726630008045e+00 4.874086108854589483e+00
1.739130434782608647e-01 1.565217391304347949e-01 4.713275726630008045e+00 4.827031375703942473e+00
2.376237623762376128e-01 2.178217821782178210e-01 4.909983633387888347e+00 5.008347245409015436e+00
1.641791044776119424e-01 1.119402985074626905e-01 4.542013626040878549e+00 4.746835443037975111e+00
2.276422764227642170e-01 1.300813008130081438e-01 4.691164972634870978e+00 4.827031375703942473e+00
1.969696969696969613e-01 1.590909090909090884e-01 4.583651642475172316e+00 4.746835443037975111e+00
1.904761904761904656e-01 1.666666666666666574e-01 4.615384615384614975e+00 4.735595895816890000e+00
1.904761904761904656e-01 1.746031746031745935e-01 4.626060138781804554e+00 4.827031375703942473e+00
1.596638655462184753e-01 1.344537815126050362e-01 4.669260700389105345e+00 4.827031375703942473e+00
1.714285714285714302e-01 1.333333333333333315e-01 4.758128469468675625e+00 4.885993485342019937e+00
1.393442622950819554e-01 1.065573770491803213e-01 4.583651642475172316e+00 4.724409448818897239e+00
2.058823529411764608e-01 1.862745098039215730e-01 4.838709677419354982e+00 4.934210526315789380e+00
1.060606060606060635e-01 7.575757575757575968e-02 4.491017964071856383e+00 4.691164972634870978e+00
1.666666666666666574e-01 1.515151515151515194e-01 4.521477015825169588e+00 4.758128469468675625e+00
1.293103448275862155e-01 1.293103448275862155e-01 4.636785162287480944e+00 4.838709677419354982e+00
2.589285714285714524e-01 2.321428571428571508e-01 4.838709677419354982e+00 4.958677685950413583e+00
2.110091743119266172e-01 1.559633027522935866e-01 4.792332268370606663e+00 4.958677685950413583e+00
1.858407079646017812e-01 1.415929203539822989e-01 4.735595895816890000e+00 4.885993485342019937e+00
2.727272727272727071e-01 2.181818181818181712e-01 4.838709677419354982e+00 4.958677685950413583e+00
1.594202898550724501e-01 1.231884057971014551e-01 4.501125281320329741e+00 4.669260700389105345e+00
1.403508771929824483e-01 1.403508771929824483e-01 4.680187207488299528e+00 4.885993485342019937e+00
1.833333333333333204e-01 1.416666666666666630e-01 4.669260700389105345e+00 4.827031375703942473e+00
1.691176470588235392e-01 1.250000000000000000e-01 4.501125281320329741e+00 4.626060138781804554e+00
1.769230769230769329e-01 1.307692307692307765e-01 4.573170731707317138e+00 4.792332268370606663e+00
1.588785046728971861e-01 1.214953271028037379e-01 4.746835443037975111e+00 4.874086108854589483e+00
1.916666666666666796e-01 1.499999999999999944e-01 4.669260700389105345e+00 4.838709677419354982e+00
1.769911504424778736e-01 1.150442477876106179e-01 4.713275726630008045e+00 4.850444624090541446e+00
2.142857142857142738e-01 1.746031746031745935e-01 4.636785162287480944e+00 4.780876494023904577e+00
1.545454545454545414e-01 1.363636363636363535e-01 4.713275726630008045e+00 4.897959183673469497e+00
2.049180327868852514e-01 1.721311475409836034e-01 4.680187207488299528e+00 4.792332268370606663e+00
2.478632478632478708e-01 1.709401709401709435e-01 4.769475357710652119e+00 4.885993485342019937e+00
1.603053435114503711e-01 1.145038167938931262e-01 4.542013626040878549e+00 4.758128469468675625e+00
1.372549019607843257e-01 1.176470588235294101e-01 4.769475357710652119e+00 4.838709677419354982e+00
2.079207920792079112e-01 1.485148514851485080e-01 4.862236628849270659e+00 4.995836802664446630e+00
1.909090909090909172e-01 1.363636363636363535e-01 4.735595895816890000e+00 4.827031375703942473e+00
1.799999999999999933e-01 1.199999999999999956e-01 4.402054292002934410e+00 4.573170731707317138e+00
1.954022988505747238e-01 1.379310344827586188e-01 4.983388704318937101e+00 4.983388704318937101e+00
1.666666666666666574e-01 1.315789473684210453e-01 4.669260700389105345e+00 4.850444624090541446e+00
2.105263157894736725e-01 1.754385964912280604e-01 4.792332268370606663e+00 4.885993485342019937e+00
1.682242990654205517e-01 1.121495327102803724e-01 4.746835443037975111e+00 4.934210526315789380e+00
1.967213114754098324e-01 1.557377049180327933e-01 4.658385093167701996e+00 4.758128469468675625e+00
1.774193548387096864e-01 1.451612903225806550e-01 4.626060138781804554e+00 4.758128469468675625e+00
2.086956521739130321e-01 1.739130434782608647e-01 4.735595895816890000e+00 4.827031375703942473e+00
1.666666666666666574e-01 1.403508771929824483e-01 4.702194357366771271e+00 4.792332268370606663e+00
1.967213114754098324e-01 1.721311475409836034e-01 4.647560030983733270e+00 4.862236628849270659e+00
2.079999999999999905e-01 1.600000000000000033e-01 4.647560030983733270e+00 4.803843074459567930e+00
2.566371681415929307e-01 2.123893805309734484e-01 4.803843074459567930e+00 4.946413849958779529e+00
1.583333333333333259e-01 1.166666666666666685e-01 4.626060138781804554e+00 4.838709677419354982e+00
2.063492063492063378e-01 1.666666666666666574e-01 4.658385093167701996e+00 4.874086108854589483e+00
1.801801801801801717e-01 1.801801801801801717e-01 4.758128469468675625e+00 4.922067268252666494e+00
1.749999999999999889e-01 1.416666666666666630e-01 4.636785162287480944e+00 4.850444624090541446e+00
1.885245901639344135e-01 1.557377049180327933e-01 4.658385093167701996e+00 4.850444624090541446e+00
1.486486486486486569e-01 1.148648648648648712e-01 4.392386530014641188e+00 4.604758250191864910e+00
1.153846153846153910e-01 8.461538461538462008e-02 4.511278195488721998e+00 4.658385093167701996e+00
1.605839416058394142e-01 1.167883211678832078e-01 4.470938897168405646e+00 4.658385093167701996e+00
1.824817518248175174e-01 1.386861313868613110e-01 4.531722054380664666e+00 4.724409448818897239e+00
1.363636363636363535e-01 1.103896103896103847e-01 4.344677769732077977e+00 4.594180704441041208e+00
1.862745098039215730e-01 1.470588235294117696e-01 4.815409309791331971e+00 4.946413849958779529e+00
1.384615384615384692e-01 1.153846153846153910e-01 4.521477015825169588e+00 4.702194357366771271e+00
1.504424778761062065e-01 1.150442477876106179e-01 4.702194357366771271e+00 4.827031375703942473e+00
2.000000000000000111e-01 1.666666666666666574e-01 4.669260700389105345e+00 4.885993485342019937e+00
1.367521367521367659e-01 1.025641025641025605e-01 4.626060138781804554e+00 4.758128469468675625e+00
1.926605504587156070e-01 1.284403669724770714e-01 4.780876494023904577e+00 4.909983633387888347e+00
2.096774193548387177e-01 1.370967741935483764e-01 4.658385093167701996e+00 4.815409309791331971e+00
1.937984496124031120e-01 1.395348837209302306e-01 4.615384615384614975e+00 4.758128469468675625e+00
1.417322834645669272e-01 1.259842519685039353e-01 4.542013626040878549e+00 4.658385093167701996e+00
2.173913043478260809e-01 2.086956521739130321e-01 4.746835443037975111e+00 4.874086108854589483e+00
1.492537313432835688e-01 1.194029850746268634e-01 4.480955937266617006e+00 4.658385093167701996e+00
1.652173913043478160e-01 1.217391304347826136e-01 4.691164972634870978e+00 4.815409309791331971e+00
1.801801801801801717e-01 1.711711711711711714e-01 4.769475357710652119e+00 4.958677685950413583e+00
1.982758620689655249e-01 1.465517241379310220e-01 4.735595895816890000e+00 4.850444624090541446e+00
1.145038167938931262e-01 8.396946564885496289e-02 4.451038575667655373e+00 4.626060138781804554e+00
1.398601398601398704e-01 1.188811188811188801e-01 4.431314623338256986e+00 4.647560030983733270e+00
1.818181818181818232e-01 1.570247933884297564e-01 4.647560030983733270e+00 4.874086108854589483e+00
1.605839416058394142e-01 1.021897810218978103e-01 4.491017964071856383e+00 4.669260700389105345e+00
2.743362831858406903e-01 2.212389380530973559e-01 4.815409309791331971e+00 4.946413849958779529e+00
1.680672268907563160e-01 1.344537815126050362e-01 4.647560030983733270e+00 4.792332268370606663e+00
1.847826086956521618e-01 1.521739130434782705e-01 4.922067268252666494e+00 5.020920502092049986e+00
1.565217391304347949e-01 9.565217391304348116e-02 4.669260700389105345e+00 4.815409309791331971e+00
1.440677966101694962e-01 1.186440677966101725e-01 4.658385093167701996e+00 4.780876494023904577e+00
2.452830188679245293e-01 1.886792452830188815e-01 4.862236628849270659e+00 4.971002485501243129e+00
2.129629629629629650e-01 1.296296296296296224e-01 4.792332268370606663e+00 4.897959183673469497e+00
2.195121951219512202e-01 1.382113821138211407e-01 4.669260700389105345e+00 4.827031375703942473e+00
2.357723577235772416e-01 1.788617886178861804e-01 4.680187207488299528e+00 4.874086108854589483e+00
1.090909090909090856e-01 1.000000000000000056e-01 4.691164972634870978e+00 4.862236628849270659e+00
1.818181818181818232e-01 1.636363636363636354e-01 4.769475357710652119e+00 4.897959183673469497e+00
1.916666666666666796e-01 1.499999999999999944e-01 4.669260700389105345e+00 4.792332268370606663e+00
2.410714285714285754e-01 1.785714285714285754e-01 4.780876494023904577e+00 4.897959183673469497e+00
1.627906976744186163e-01 1.240310077519379828e-01 4.573170731707317138e+00 4.735595895816890000e+00
1.891891891891891997e-01 1.531531531531531432e-01 4.735595895816890000e+00 4.897959183673469497e+00
1.626016260162601590e-01 1.463414634146341375e-01 4.615384615384614975e+00 4.792332268370606663e+00
2.255639097744360777e-01 1.879699248120300648e-01 4.636785162287480944e+00 4.769475357710652119e+00
2.237762237762237760e-01 1.538461538461538547e-01 4.531722054380664666e+00 4.691164972634870978e+00
1.908396946564885621e-01 1.374045801526717625e-01 4.562737642585551257e+00 4.680187207488299528e+00
1.759999999999999898e-01 1.439999999999999891e-01 4.626060138781804554e+00 4.827031375703942473e+00
1.293103448275862155e-01 1.206896551724137984e-01 4.658385093167701996e+00 4.803843074459567930e+00
1.692307692307692402e-01 1.307692307692307765e-01 4.562737642585551257e+00 4.702194357366771271e+00
1.481481481481481399e-01 1.388888888888888951e-01 4.724409448818897239e+00 4.862236628849270659e+00
2.076923076923077038e-01 2.000000000000000111e-01 4.669260700389105345e+00 4.827031375703942473e+00
1.916666666666666796e-01 1.333333333333333315e-01 4.658385093167701996e+00 4.897959183673469497e+00
1.067961165048543631e-01 4.854368932038834877e-02 4.746835443037975111e+00 4.862236628849270659e+00
1.811023622047244208e-01 1.417322834645669272e-01 4.583651642475172316e+00 4.803843074459567930e+00
2.333333333333333370e-01 1.833333333333333204e-01 4.702194357366771271e+00 4.862236628849270659e+00
1.818181818181818232e-01 1.454545454545454475e-01 4.724409448818897239e+00 4.850444624090541446e+00
1.418439716312056842e-01 7.801418439716312214e-02 4.421518054532056041e+00 4.680187207488299528e+00
2.090909090909090773e-01 1.818181818181818232e-01 4.803843074459567930e+00 4.934210526315789380e+00
1.904761904761904656e-01 1.349206349206349131e-01 4.626060138781804554e+00 4.827031375703942473e+00
2.195121951219512202e-01 1.788617886178861804e-01 4.680187207488299528e+00 4.792332268370606663e+00
1.764705882352941291e-01 1.470588235294117696e-01 4.511278195488721998e+00 4.691164972634870978e+00
2.436974789915966333e-01 1.764705882352941291e-01 4.769475357710652119e+00 4.803843074459567930e+00
2.372881355932203451e-01 1.779661016949152519e-01 4.735595895816890000e+00 4.897959183673469497e+00
1.928571428571428659e-01 1.357142857142857040e-01 4.521477015825169588e+00 4.669260700389105345e+00
2.014925373134328346e-01 1.865671641791044888e-01 4.562737642585551257e+00 4.792332268370606663e+00
1.496062992125984370e-01 1.102362204724409434e-01 4.562737642585551257e+00 4.827031375703942473e+00
1.818181818181818232e-01 1.404958677685950452e-01 4.658385093167701996e+00 4.792332268370606663e+00
1.287878787878787845e-01 9.848484848484848064e-02 4.511278195488721998e+00 4.702194357366771271e+00
1.250000000000000000e-01 1.057692307692307682e-01 4.746835443037975111e+00 4.862236628849270659e+00
1.844660194174757295e-01 1.359223300970873738e-01 4.838709677419354982e+00 4.897959183673469497e+00
1.864406779661016977e-01 1.440677966101694962e-01 4.691164972634870978e+00 4.850444624090541446e+00
1.769911504424778736e-01 1.504424778761062065e-01 4.758128469468675625e+00 4.922067268252666494e+00
1.654676258992805737e-01 1.366906474820143991e-01 4.470938897168405646e+00 4.702194357366771271e+00
2.293577981651376274e-01 1.834862385321101019e-01 4.815409309791331971e+00 4.934210526315789380e+00
1.666666666666666574e-01 1.274509803921568540e-01 4.827031375703942473e+00 4.922067268252666494e+00
1.928571428571428659e-01 1.071428571428571369e-01 4.521477015825169588e+00 4.636785162287480944e+00
1.739130434782608647e-01 1.304347826086956486e-01 4.702194357366771271e+00 4.885993485342019937e+00
1.358024691358024616e-01 1.234567901234567833e-01 4.983388704318937101e+00 5.136986301369862673e+00
1.885245901639344135e-01 1.475409836065573743e-01 4.626060138781804554e+00 4.827031375703942473e+00
2.735849056603773533e-01 1.981132075471698228e-01 4.885993485342019937e+00 4.958677685950413583e+00
2.016806722689075682e-01 1.428571428571428492e-01 4.702194357366771271e+00 4.850444624090541446e+00
1.696428571428571508e-01 1.339285714285714246e-01 4.702194357366771271e+00 4.922067268252666494e+00
1.980198019801980291e-01 1.485148514851485080e-01 4.827031375703942473e+00 5.008347245409015436e+00
1.860465116279069742e-01 1.085271317829457349e-01 4.583651642475172316e+00 4.815409309791331971e+00
1.946902654867256610e-01 1.504424778761062065e-01 4.769475357710652119e+00 4.971002485501243129e+00
1.904761904761904656e-01 1.349206349206349131e-01 4.636785162287480944e+00 4.769475357710652119e+00
1.186440677966101725e-01 7.627118644067797104e-02 4.626060138781804554e+00 4.724409448818897239e+00
1.826086956521739135e-01 1.304347826086956486e-01 4.680187207488299528e+00 4.815409309791331971e+00
1.351351351351351426e-01 1.171171171171171144e-01 4.680187207488299528e+00 4.815409309791331971e+00
1.629629629629629761e-01 1.111111111111111049e-01 4.501125281320329741e+00 4.647560030983733270e+00
1.980198019801980291e-01 1.584158415841584178e-01 4.838709677419354982e+00 4.946413849958779529e+00
1.652173913043478160e-01 1.478260869565217461e-01 4.691164972634870978e+00 4.885993485342019937e+00
1.355932203389830504e-01 1.016949152542372947e-01 4.626060138781804554e+00 4.827031375703942473e+00
2.542372881355932090e-01 2.118644067796610075e-01 4.758128469468675625e+00 4.909983633387888347e+00
1.985294117647058709e-01 1.617647058823529493e-01 4.552352048558422126e+00 4.713275726630008045e+00
2.190476190476190466e-01 1.714285714285714302e-01 4.827031375703942473e+00 4.909983633387888347e+00
2.159999999999999976e-01 2.000000000000000111e-01 4.702194357366771271e+00 4.850444624090541446e+00
2.444444444444444364e-01 1.925925925925925930e-01 4.594180704441041208e+00 4.803843074459567930e+00
1.456953642384105907e-01 9.933774834437085477e-02 4.354136429608127301e+00 4.573170731707317138e+00
1.842105263157894635e-01 1.666666666666666574e-01 4.735595895816890000e+00 4.815409309791331971e+00
2.000000000000000111e-01 1.555555555555555580e-01 4.971002485501243129e+00 5.163511187607572772e+00
1.441441441441441429e-01 1.171171171171171144e-01 4.691164972634870978e+00 4.827031375703942473e+00
1.452991452991453103e-01 1.111111111111111049e-01 4.636785162287480944e+00 4.792332268370606663e+00
2.500000000000000000e-01 2.037037037037036924e-01 4.850444624090541446e+00 4.946413849958779529e+00
1.416666666666666630e-01 1.083333333333333370e-01 4.615384615384614975e+00 4.758128469468675625e+00
1.395348837209302306e-01 1.240310077519379828e-01 4.552352048558422126e+00 4.702194357366771271e+00
1.774193548387096864e-01 1.290322580645161255e-01 4.615384615384614975e+00 4.746835443037975111e+00
1.982758620689655249e-01 1.637931034482758563e-01 4.702194357366771271e+00 4.874086108854589483e+00
1.481481481481481399e-01 1.203703703703703637e-01 4.724409448818897239e+00 4.803843074459567930e+00
1.594202898550724501e-01 1.014492753623188470e-01 4.480955937266617006e+00 4.647560030983733270e+00
2.189781021897810320e-01 1.970802919708029288e-01 4.552352048558422126e+00 4.792332268370606663e+00
1.880341880341880323e-01 1.794871794871794879e-01 4.713275726630008045e+00 4.909983633387888347e+00
2.368421052631578816e-01 1.666666666666666574e-01 4.758128469468675625e+00 4.874086108854589483e+00
1.782945736434108641e-01 1.550387596899224785e-01 4.562737642585551257e+00 4.713275726630008045e+00
2.300884955752212357e-01 1.858407079646017812e-01 4.769475357710652119e+00 4.885993485342019937e+00
2.018348623853211121e-01 1.834862385321101019e-01 4.769475357710652119e+00 4.885993485342019937e+00
1.923076923076923184e-01 1.634615384615384637e-01 4.827031375703942473e+00 4.958677685950413583e+00
2.296296296296296280e-01 2.074074074074074014e-01 4.615384615384614975e+00 4.758128469468675625e+00
2.205882352941176405e-01 1.397058823529411797e-01 4.583651642475172316e+00 4.702194357366771271e+00
1.982758620689655249e-01 1.896551724137930939e-01 4.713275726630008045e+00 4.827031375703942473e+00
1.666666666666666574e-01 1.111111111111111049e-01 4.746835443037975111e+00 4.922067268252666494e+00
2.301587301587301460e-01 1.904761904761904656e-01 4.680187207488299528e+00 4.838709677419354982e+00
1.900826446280991788e-01 1.570247933884297564e-01 4.669260700389105345e+00 4.838709677419354982e+00
1.538461538461538547e-01 1.250000000000000000e-01 4.780876494023904577e+00 4.909983633387888347e+00
1.726618705035971313e-01 1.294964028776978415e-01 4.501125281320329741e+00 4.724409448818897239e+00
2.099999999999999922e-01 1.700000000000000122e-01 4.874086108854589483e+00 4.983388704318937101e+00
1.627906976744186163e-01 1.317829457364341206e-01 4.583651642475172316e+00 4.691164972634870978e+00
1.623931623931623991e-01 1.538461538461538547e-01 4.647560030983733270e+00 4.862236628849270659e+00
2.357723577235772416e-01 1.707317073170731836e-01 4.724409448818897239e+00 4.885993485342019937e+00
2.105263157894736725e-01 1.228070175438596423e-01 4.746835443037975111e+00 4.897959183673469497e+00
1.100917431192660612e-01 8.256880733944954587e-02 4.658385093167701996e+00 4.838709677419354982e+00
1.121495327102803724e-01 9.345794392523364136e-02 4.680187207488299528e+00 4.885993485342019937e+00
1.393442622950819554e-01 1.311475409836065642e-01 4.604758250191864910e+00 4.713275726630008045e+00
1.678832116788321061e-01 1.240875912408759135e-01 4.491017964071856383e+00 4.636785162287480944e+00
2.000000000000000111e-01 1.360000000000000098e-01 4.658385093167701996e+00 4.803843074459567930e+00
1.509433962264150886e-01 1.037735849056603821e-01 4.746835443037975111e+00 4.862236628849270659e+00
1.438356164383561564e-01 1.164383561643835552e-01 4.411764705882353255e+00 4.594180704441041208e+00
2.000000000000000111e-01 1.333333333333333315e-01 4.531722054380664666e+00 4.691164972634870978e+00
2.162162162162162282e-01 1.891891891891891997e-01 4.769475357710652119e+00 4.885993485342019937e+00
1.280000000000000027e-01 9.600000000000000200e-02 4.573170731707317138e+00 4.713275726630008045e+00
2.033898305084745894e-01 1.864406779661016977e-01 4.735595895816890000e+00 4.803843074459567930e+00
1.749999999999999889e-01 1.499999999999999944e-01 4.658385093167701996e+00 4.827031375703942473e+00
2.241379310344827624e-01 1.637931034482758563e-01 4.746835443037975111e+00 4.909983633387888347e+00
2.595419847328244156e-01 2.061068702290076438e-01 4.680187207488299528e+00 4.862236628849270659e+00
1.384615384615384692e-01 9.230769230769231282e-02 4.501125281320329741e+00 4.702194357366771271e+00
8.547008547008547175e-02 5.128205128205128027e-02 4.552352048558422126e+00 4.746835443037975111e+00
1.711711711711711714e-01 1.531531531531531432e-01 4.713275726630008045e+00 4.862236628849270659e+00
1.826086956521739135e-01 1.565217391304347949e-01 4.691164972634870978e+00 4.803843074459567930e+00
2.366412213740458070e-01 1.908396946564885621e-01 4.636785162287480944e+00 4.792332268370606663e+00
1.311475409836065642e-01 9.836065573770491621e-02 4.583651642475172316e+00 4.758128469468675625e+00
1.896551724137930939e-01 1.379310344827586188e-01 4.702194357366771271e+00 4.827031375703942473e+00
2.446808510638297796e-01 1.914893617021276584e-01 4.971002485501243129e+00 5.097706032285471700e+00
1.626016260162601590e-01 1.463414634146341375e-01 4.615384615384614975e+00 4.815409309791331971e+00
1.746031746031745935e-01 1.349206349206349131e-01 4.604758250191864910e+00 4.746835443037975111e+00
9.090909090909091161e-02 6.818181818181817677e-02 4.850444624090541446e+00 4.946413849958779529e+00
2.307692307692307820e-01 1.868131868131868156e-01 4.983388704318937101e+00 5.059021922428330598e+00
1.764705882352941291e-01 1.176470588235294101e-01 4.691164972634870978e+00 4.827031375703942473e+00
1.550387596899224785e-01 1.472868217054263684e-01 4.552352048558422126e+00 4.746835443037975111e+00
1.870967741935483930e-01 1.548387096774193616e-01 4.402054292002934410e+00 4.562737642585551257e+00
2.032520325203251987e-01 1.463414634146341375e-01 4.658385093167701996e+00 4.838709677419354982e+00
1.951219512195122019e-01 1.463414634146341375e-01 4.647560030983733270e+00 4.827031375703942473e+00
1.600000000000000033e-01 1.300000000000000044e-01 4.815409309791331971e+00 4.958677685950413583e+00
1.623931623931623991e-01 1.282051282051281937e-01 4.658385093167701996e+00 4.850444624090541446e+00
1.839999999999999969e-01 1.280000000000000027e-01 4.615384615384614975e+00 4.735595895816890000e+00
1.721311475409836034e-01 1.393442622950819554e-01 4.626060138781804554e+00 4.838709677419354982e+00
1.491228070175438514e-01 1.052631578947368363e-01 4.658385093167701996e+00 4.815409309791331971e+00
2.330097087378640852e-01 1.941747572815533951e-01 4.897959183673469497e+00 4.995836802664446630e+00
1.363636363636363535e-01 1.272727272727272596e-01 4.691164972634870978e+00 4.838709677419354982e+00
1.634615384615384637e-01 1.442307692307692180e-01 4.758128469468675625e+00 4.934210526315789380e+00
2.071428571428571563e-01 1.642857142857142849e-01 4.521477015825169588e+00 4.746835443037975111e+00
1.714285714285714302e-01 1.142857142857142821e-01 4.531722054380664666e+00 4.713275726630008045e+00
2.660550458715596478e-01 2.568807339449541427e-01 4.862236628849270659e+00 4.971002485501243129e+00
1.654135338345864570e-01 1.127819548872180389e-01 4.501125281320329741e+00 4.680187207488299528e+00
2.475247524752475226e-01 2.079207920792079112e-01 4.909983633387888347e+00 5.033557046979865390e+00
2.100840336134453812e-01 1.932773109243697551e-01 4.702194357366771271e+00 4.827031375703942473e+00
1.467889908256880815e-01 1.192660550458715663e-01 4.702194357366771271e+00 4.838709677419354982e+00
1.570247933884297564e-01 1.239669421487603340e-01 4.604758250191864910e+00 4.874086108854589483e+00
2.095238095238095288e-01 1.333333333333333315e-01 4.827031375703942473e+00 4.958677685950413583e+00
2.131147540983606425e-01 1.557377049180327933e-01 4.702194357366771271e+00 4.862236628849270659e+00
1.932773109243697551e-01 1.428571428571428492e-01 4.680187207488299528e+00 4.803843074459567930e+00
1.132075471698113234e-01 8.490566037735848559e-02 4.713275726630008045e+00 4.897959183673469497e+00
1.785714285714285754e-01 1.339285714285714246e-01 4.724409448818897239e+00 4.862236628849270659e+00
1.441441441441441429e-01 1.261261261261261146e-01 4.735595895816890000e+00 4.850444624090541446e+00
1.818181818181818232e-01 1.570247933884297564e-01 4.680187207488299528e+00 4.838709677419354982e+00
1.578947368421052544e-01 1.228070175438596423e-01 4.680187207488299528e+00 4.815409309791331971e+00
2.903225806451613100e-01 2.795698924731182533e-01 5.020920502092049986e+00 5.110732538330494457e+00
2.545454545454545192e-01 2.272727272727272652e-01 4.838709677419354982e+00 4.946413849958779529e+00
1.896551724137930939e-01 1.465517241379310220e-01 4.691164972634870978e+00 4.897959183673469497e+00
2.439024390243902385e-01 1.951219512195122019e-01 4.724409448818897239e+00 4.874086108854589483e+00
1.826086956521739135e-01 1.304347826086956486e-01 4.713275726630008045e+00 4.885993485342019937e+00
2.184873949579831942e-01 1.764705882352941291e-01 4.724409448818897239e+00 4.885993485342019937e+00
1.764705882352941291e-01 1.512605042016806622e-01 4.658385093167701996e+00 4.885993485342019937e+00
2.164179104477611804e-01 1.641791044776119424e-01 4.583651642475172316e+00 4.713275726630008045e+00
1.825396825396825295e-01 1.031746031746031689e-01 4.647560030983733270e+00 4.780876494023904577e+00
1.121495327102803724e-01 9.345794392523364136e-02 4.680187207488299528e+00 4.838709677419354982e+00
1.386138613861386260e-01 1.188118811881188064e-01 4.780876494023904577e+00 4.874086108854589483e+00
1.896551724137930939e-01 1.120689655172413812e-01 4.691164972634870978e+00 4.838709677419354982e+00
3.177570093457943723e-01 2.429906542056074759e-01 4.934210526315789380e+00 5.046257359125315034e+00
1.111111111111111049e-01 8.333333333333332871e-02 4.713275726630008045e+00 4.827031375703942473e+00
1.724137931034482873e-01 1.206896551724137984e-01 4.680187207488299528e+00 4.909983633387888347e+00
1.666666666666666574e-01 1.203703703703703637e-01 4.769475357710652119e+00 4.862236628849270659e+00
2.268907563025210072e-01 1.092436974789915971e-01 4.713275726630008045e+00 4.850444624090541446e+00
1.717171717171717127e-01 1.313131313131313260e-01 4.827031375703942473e+00 5.020920502092049986e+00
1.889763779527559029e-01 1.653543307086614289e-01 4.636785162287480944e+00 4.850444624090541446e+00
2.142857142857142738e-01 1.285714285714285587e-01 4.552352048558422126e+00 4.691164972634870978e+00
1.351351351351351426e-01 7.207207207207207145e-02 4.691164972634870978e+00 4.862236628849270659e+00
1.923076923076923184e-01 1.730769230769230727e-01 4.803843074459567930e+00 4.946413849958779529e+00
1.666666666666666574e-01 1.388888888888888951e-01 4.441154700222058160e+00 4.615384615384614975e+00
1.693548387096774077e-01 1.693548387096774077e-01 4.636785162287480944e+00 4.769475357710652119e+00
1.923076923076923184e-01 1.250000000000000000e-01 4.815409309791331971e+00 4.958677685950413583e+00
2.713178294573643234e-01 1.860465116279069742e-01 4.702194357366771271e+00 4.815409309791331971e+00
1.681415929203539938e-01 1.061946902654867242e-01 4.691164972634870978e+00 4.909983633387888347e+00
1.666666666666666574e-01 1.388888888888888951e-01 4.746835443037975111e+00 4.827031375703942473e+00
1.960784313725490169e-01 1.764705882352941291e-01 4.838709677419354982e+00 4.958677685950413583e+00
1.578947368421052544e-01 1.428571428571428492e-01 4.511278195488721998e+00 4.669260700389105345e+00
1.981132075471698228e-01 1.886792452830188815e-01 4.792332268370606663e+00 4.922067268252666494e+00
1.692307692307692402e-01 1.307692307692307765e-01 4.573170731707317138e+00 4.792332268370606663e+00
1.000000000000000056e-01 8.333333333333332871e-02 4.562737642585551257e+00 4.758128469468675625e+00
2.211538461538461453e-01 1.730769230769230727e-01 4.827031375703942473e+00 4.971002485501243129e+00
2.222222222222222099e-01 1.367521367521367659e-01 4.746835443037975111e+00 4.874086108854589483e+00
2.330097087378640852e-01 1.941747572815533951e-01 4.850444624090541446e+00 4.958677685950413583e+00
1.919191919191919060e-01 1.515151515151515194e-01 4.862236628849270659e+00 4.909983633387888347e+00
1.770833333333333426e-01 1.562500000000000000e-01 4.862236628849270659e+00 4.995836802664446630e+00
1.416666666666666630e-01 1.166666666666666685e-01 4.647560030983733270e+00 4.746835443037975111e+00
1.398601398601398704e-01 1.048951048951048959e-01 4.431314623338256986e+00 4.594180704441041208e+00
1.559633027522935866e-01 1.467889908256880815e-01 4.758128469468675625e+00 4.885993485342019937e+00
1.612903225806451568e-01 1.209677419354838745e-01 4.594180704441041208e+00 4.746835443037975111e+00
2.061068702290076438e-01 1.603053435114503711e-01 4.604758250191864910e+00 4.780876494023904577e+00
1.416666666666666630e-01 1.333333333333333315e-01 4.604758250191864910e+00 4.803843074459567930e+00
1.696428571428571508e-01 1.250000000000000000e-01 4.758128469468675625e+00 4.862236628849270659e+00
1.140350877192982393e-01 7.894736842105262720e-02 4.636785162287480944e+00 4.769475357710652119e+00
1.785714285714285754e-01 1.339285714285714246e-01 4.702194357366771271e+00 4.874086108854589483e+00
1.779661016949152519e-01 1.186440677966101725e-01 4.658385093167701996e+00 4.862236628849270659e+00
1.304347826086956486e-01 1.043478260869565161e-01 4.680187207488299528e+00 4.838709677419354982e+00
2.179487179487179516e-01 1.538461538461538547e-01 5.097706032285471700e+00 5.163511187607572772e+00
2.180451127819548751e-01 1.654135338345864570e-01 4.604758250191864910e+00 4.713275726630008045e+00
1.567164179104477695e-01 1.194029850746268634e-01 4.491017964071856383e+00 4.669260700389105345e+00
1.969696969696969613e-01 1.666666666666666574e-01 4.562737642585551257e+00 4.746835443037975111e+00
1.449275362318840632e-01 1.231884057971014551e-01 4.460966542750929520e+00 4.669260700389105345e+00
2.321428571428571508e-01 1.696428571428571508e-01 4.780876494023904577e+00 4.909983633387888347e+00
1.801801801801801717e-01 1.531531531531531432e-01 4.724409448818897239e+00 4.885993485342019937e+00
1.755725190839694527e-01 1.374045801526717625e-01 4.552352048558422126e+00 4.815409309791331971e+00
1.666666666666666574e-01 1.491228070175438514e-01 4.702194357366771271e+00 4.862236628849270659e+00
1.393442622950819554e-01 9.836065573770491621e-02 4.604758250191864910e+00 4.746835443037975111e+00
2.352941176470588203e-01 1.691176470588235392e-01 4.583651642475172316e+00 4.758128469468675625e+00
2.241379310344827624e-01 1.724137931034482873e-01 4.724409448818897239e+00 4.838709677419354982e+00
1.415929203539822989e-01 1.150442477876106179e-01 4.647560030983733270e+00 4.838709677419354982e+00
2.320000000000000118e-01 1.759999999999999898e-01 4.691164972634870978e+00 4.850444624090541446e+00
1.926605504587156070e-01 1.651376146788990917e-01 4.780876494023904577e+00 4.922067268252666494e+00
1.735537190082644676e-01 1.322314049586776896e-01 4.658385093167701996e+00 4.792332268370606663e+00
2.110091743119266172e-01 1.376146788990825764e-01 4.769475357710652119e+00 4.922067268252666494e+00
1.492537313432835688e-01 1.343283582089552231e-01 4.480955937266617006e+00 4.746835443037975111e+00
1.393442622950819554e-01 1.311475409836065642e-01 4.594180704441041208e+00 4.780876494023904577e+00
1.759259259259259300e-01 1.574074074074074125e-01 4.758128469468675625e+00 4.934210526315789380e+00
1.428571428571428492e-01 9.774436090225563367e-02 4.491017964071856383e+00 4.626060138781804554e+00
2.200000000000000011e-01 2.000000000000000111e-01 4.885993485342019937e+00 4.983388704318937101e+00
1.791044776119402882e-01 1.417910447761193959e-01 4.531722054380664666e+00 4.713275726630008045e+00
2.250000000000000056e-01 1.833333333333333204e-01 4.735595895816890000e+00 4.850444624090541446e+00
1.619718309859154992e-01 1.478873239436619691e-01 4.441154700222058160e+00 4.626060138781804554e+00
1.592920353982300863e-01 1.327433628318584191e-01 4.702194357366771271e+00 4.827031375703942473e+00
2.474226804123711432e-01 2.577319587628865705e-01 4.971002485501243129e+00 5.110732538330494457e+00
1.803278688524590223e-01 1.311475409836065642e-01 4.626060138781804554e+00 4.803843074459567930e+00
2.047244094488188948e-01 1.496062992125984370e-01 4.658385093167701996e+00 4.792332268370606663e+00
2.164179104477611804e-01 1.417910447761193959e-01 4.594180704441041208e+00 4.735595895816890000e+00
2.203389830508474534e-01 1.779661016949152519e-01 4.735595895816890000e+00 4.850444624090541446e+00
1.944444444444444475e-01 1.458333333333333426e-01 4.501125281320329741e+00 4.680187207488299528e+00
1.517857142857142738e-01 1.160714285714285754e-01 4.691164972634870978e+00 4.815409309791331971e+00
1.272727272727272596e-01 1.000000000000000056e-01 4.691164972634870978e+00 4.850444624090541446e+00
1.068702290076335853e-01 7.633587786259542207e-02 4.491017964071856383e+00 4.735595895816890000e+00
1.544715447154471621e-01 1.544715447154471621e-01 4.594180704441041208e+00 4.780876494023904577e+00
2.162162162162162282e-01 1.891891891891891997e-01 4.769475357710652119e+00 4.885993485342019937e+00
1.839999999999999969e-01 1.759999999999999898e-01 4.604758250191864910e+00 4.792332268370606663e+00
2.272727272727272652e-01 1.742424242424242542e-01 4.626060138781804554e+00 4.827031375703942473e+00
1.953125000000000000e-01 1.796875000000000000e-01 4.636785162287480944e+00 4.792332268370606663e+00
1.111111111111111049e-01 8.888888888888889228e-02 4.850444624090541446e+00 4.958677685950413583e+00
1.785714285714285754e-01 1.428571428571428492e-01 4.501125281320329741e+00 4.724409448818897239e+00
1.636363636363636354e-01 1.363636363636363535e-01 4.735595895816890000e+00 4.838709677419354982e+00
2.155172413793103314e-01 1.724137931034482873e-01 4.746835443037975111e+00 4.862236628849270659e+00
1.851851851851851749e-01 1.018518518518518462e-01 4.769475357710652119e+00 4.897959183673469497e+00
1.639344262295081844e-01 1.639344262295081844e-01 4.636785162287480944e+00 4.827031375703942473e+00
1.940298507462686617e-01 1.492537313432835688e-01 4.562737642585551257e+00 4.647560030983733270e+00
1.809523809523809479e-01 1.142857142857142821e-01 4.827031375703942473e+00 4.995836802664446630e+00
1.472868217054263684e-01 1.085271317829457349e-01 4.542013626040878549e+00 4.724409448818897239e+00
2.159999999999999976e-01 1.680000000000000104e-01 4.647560030983733270e+00 4.792332268370606663e+00
1.749999999999999889e-01 1.416666666666666630e-01 4.658385093167701996e+00 4.850444624090541446e+00
1.478873239436619691e-01 1.338028169014084390e-01 4.460966542750929520e+00 4.647560030983733270e+00
1.789473684210526327e-01 1.473684210526315652e-01 4.885993485342019937e+00 4.958677685950413583e+00
1.499999999999999944e-01 1.199999999999999956e-01 4.792332268370606663e+00 4.934210526315789380e+00
1.703703703703703665e-01 1.555555555555555580e-01 4.531722054380664666e+00 4.658385093167701996e+00
1.824817518248175174e-01 1.313868613138686192e-01 4.542013626040878549e+00 4.702194357366771271e+00
2.018348623853211121e-01 1.376146788990825764e-01 4.758128469468675625e+00 4.922067268252666494e+00
1.666666666666666574e-01 1.533333333333333215e-01 4.382761139517896254e+00 4.669260700389105345e+00
1.470588235294117696e-01 9.803921568627450844e-02 4.780876494023904577e+00 4.897959183673469497e+00
2.017543859649122695e-01 1.666666666666666574e-01 4.724409448818897239e+00 4.827031375703942473e+00
2.017543859649122695e-01 1.315789473684210453e-01 4.724409448818897239e+00 4.897959183673469497e+00
1.382113821138211407e-01 1.138211382113821085e-01 4.583651642475172316e+00 4.746835443037975111e+00
1.858407079646017812e-01 1.592920353982300863e-01 4.713275726630008045e+00 4.850444624090541446e+00
1.690140845070422504e-01 1.408450704225352179e-01 4.460966542750929520e+00 4.669260700389105345e+00
2.384615384615384748e-01 2.076923076923077038e-01 4.636785162287480944e+00 4.838709677419354982e+00
2.142857142857142738e-01 1.746031746031745935e-01 4.626060138781804554e+00 4.803843074459567930e+00
1.206896551724137984e-01 1.120689655172413812e-01 4.626060138781804554e+00 4.769475357710652119e+00
1.707317073170731836e-01 1.382113821138211407e-01 4.647560030983733270e+00 4.780876494023904577e+00
1.818181818181818232e-01 1.090909090909090856e-01 4.746835443037975111e+00 4.922067268252666494e+00
2.097902097902097918e-01 1.678321678321678390e-01 4.521477015825169588e+00 4.647560030983733270e+00
2.540983606557377095e-01 1.885245901639344135e-01 4.713275726630008045e+00 4.897959183673469497e+00
1.492537313432835688e-01 1.343283582089552231e-01 4.531722054380664666e+00 4.702194357366771271e+00
1.809523809523809479e-01 1.523809523809523947e-01 4.803843074459567930e+00 4.934210526315789380e+00
1.857142857142857206e-01 1.428571428571428492e-01 4.511278195488721998e+00 4.702194357366771271e+00
1.774193548387096864e-01 1.451612903225806550e-01 4.626060138781804554e+00 4.838709677419354982e+00
1.640625000000000000e-01 1.562500000000000000e-01 4.573170731707317138e+00 4.792332268370606663e+00
