1.172638436482084656e-01 4.560260586319218185e-02 3.405221339387060286e+00 3.701418877236273719e+00 5.623616236162361837e+00 4.238907849829351093e+00
9.090909090909091161e-02 4.075235109717868093e-02 3.337041156840934164e+00 3.647416413373860244e+00 5.503448275862068861e+00 4.215686274509804043e+00
7.457627118644068187e-02 2.372881355932203451e-02 3.353828954723309330e+00 3.799873337555415009e+00 5.780219780219780112e+00 4.020833333333333037e+00
8.552631578947368640e-02 5.592105263157894773e-02 3.405221339387060286e+00 3.821656050955414052e+00 5.482014388489208301e+00 3.972125435540069471e+00
9.589041095890410427e-02 4.452054794520547698e-02 3.434459072696050441e+00 3.836317135549871971e+00 5.659090909090909172e+00 4.043010752688172005e+00
1.091549295774647821e-01 5.281690140845070325e-02 3.506721215663354929e+00 3.821656050955414052e+00 5.620553359683794881e+00 4.237918215613382777e+00
1.107491856677524367e-01 2.931596091205211640e-02 3.440366972477064245e+00 3.799873337555415009e+00 5.450549450549450725e+00 3.885906040268456429e+00
8.333333333333332871e-02 1.282051282051282007e-02 3.298515667949422969e+00 3.687768899815611512e+00 5.727272727272727515e+00 4.071428571428571175e+00
7.213114754098361170e-02 4.590163934426229331e-02 3.376477208778840833e+00 3.750000000000000000e+00 5.491166077738515838e+00 4.123711340206185127e+00
8.626198083067092293e-02 3.194888178913737886e-02 3.359462486002239512e+00 3.735990037359900207e+00 5.496503496503496677e+00 4.000000000000000000e+00
7.120743034055727894e-02 5.882352941176470507e-02 3.244997295835586826e+00 3.757044458359423800e+00 5.660000000000000142e+00 3.927631578947368585e+00
6.349206349206348854e-02 4.761904761904761640e-02 3.293084522502744083e+00 3.667481662591686842e+00 5.572881355932203462e+00 4.240000000000000213e+00
9.278350515463917869e-02 3.780068728522336524e-02 3.446295232624928317e+00 3.778337531486146261e+00 5.613636363636363313e+00 4.200000000000000178e+00
9.495548961424332690e-02 3.857566765578634982e-02 3.229278794402583586e+00 3.621001810500905194e+00 5.626229508196721518e+00 4.055555555555555358e+00
6.876790830945558874e-02 6.017191977077363668e-02 3.167898627243928011e+00 3.621001810500905194e+00 5.501538461538461711e+00 4.006097560975609539e+00
5.882352941176470507e-02 7.958477508650518839e-02 3.422703936109526612e+00 3.880983182406209764e+00 5.536764705882353255e+00 4.105263157894737169e+00
7.770270270270270008e-02 5.405405405405405705e-02 3.376477208778840833e+00 3.742981908920773648e+00 5.692307692307692513e+00 4.307142857142856940e+00
6.886227544910179799e-02 5.988023952095808400e-02 3.203416978109983937e+00 3.701418877236273719e+00 5.614147909967845962e+00 3.955414012738853291e+00
1.010830324909747224e-01 5.415162454873646142e-02 3.531489111241906897e+00 3.778337531486146261e+00 5.614457831325300852e+00 4.488549618320610612e+00
8.024691358024690913e-02 7.407407407407406996e-02 3.244997295835586826e+00 3.687768899815611512e+00 5.697986577181207934e+00 4.179999999999999716e+00
1.111111111111111049e-01 4.980842911877394336e-02 3.627569528415961475e+00 3.934426229508196649e+00 5.637931034482758896e+00 4.233870967741935054e+00
9.722222222222222376e-02 3.819444444444444753e-02 3.452243958573072646e+00 3.792667509481668642e+00 5.676923076923077183e+00 4.202166064981949667e+00
1.079365079365079416e-01 5.079365079365079361e-02 3.387916431394692118e+00 3.742981908920773648e+00 5.487544483985764998e+00 4.033444816053512127e+00
8.490566037735848559e-02 7.232704402515723052e-02 3.260869565217391131e+00 3.729024238657551393e+00 5.773195876288659711e+00 4.128813559322034088e+00
8.253968253968253788e-02 5.714285714285714107e-02 3.320420586607637059e+00 3.771213073538655092e+00 5.584775086505190167e+00 3.979797979797979668e+00
8.791208791208791895e-02 4.029304029304029561e-02 3.525264394829612069e+00 3.729024238657551393e+00 5.638554216867469826e+00 4.648854961832061150e+00
8.934707903780068905e-02 4.467353951890034452e-02 3.440366972477064245e+00 3.814367450731086961e+00 5.615094339622641151e+00 4.122302158273381423e+00
1.012658227848101250e-01 4.746835443037975000e-02 3.309431880860452146e+00 3.627569528415961475e+00 5.725352112676056038e+00 4.345514950166112556e+00
9.146341463414633943e-02 3.963414634146341514e-02 3.239740820734341220e+00 3.654080389768574744e+00 5.718120805369127702e+00 4.076190476190475920e+00
8.301886792452829733e-02 7.547169811320754429e-02 3.550295857988165604e+00 3.949967083607636820e+00 5.679012345679012697e+00 4.236734693877551194e+00
9.830508474576271638e-02 3.389830508474576259e-02 3.416856492027334991e+00 3.750000000000000000e+00 5.684210526315789380e+00 4.210526315789473450e+00
6.756756756756757132e-02 7.432432432432432845e-02 3.353828954723309330e+00 3.828972559029993672e+00 5.717391304347826164e+00 4.138686131386861256e+00
8.074534161490683204e-02 4.347826086956521618e-02 3.287671232876712146e+00 3.667481662591686842e+00 5.574324324324324564e+00 4.129870129870130135e+00
7.951070336391437288e-02 4.892966360856269153e-02 3.320420586607637059e+00 3.750000000000000000e+00 5.362126245847176342e+00 3.858520900321543490e+00
8.035714285714286309e-02 5.357142857142856845e-02 3.234501347708894858e+00 3.647416413373860244e+00 5.533980582524272052e+00 4.056603773584905426e+00
4.666666666666666879e-02 4.333333333333333481e-02 3.348214285714285587e+00 3.750000000000000000e+00 5.538461538461538325e+00 4.181184668989547326e+00
8.695652173913043237e-02 5.016722408026755980e-02 3.387916431394692118e+00 3.771213073538655092e+00 5.648351648351648713e+00 4.161971830985915055e+00
9.771986970684039264e-02 4.234527687296416737e-02 3.376477208778840833e+00 3.750000000000000000e+00 5.610108303249097261e+00 4.081632653061224580e+00
1.082802547770700674e-01 4.140127388535031622e-02 3.382187147688838991e+00 3.667481662591686842e+00 5.528571428571428470e+00 4.225913621262458619e+00
8.771929824561403022e-02 5.614035087719298350e-02 3.452243958573072646e+00 3.851091142490372210e+00 5.676923076923077183e+00 4.148698884758363903e+00
1.012269938650306733e-01 6.748466257668711554e-02 3.287671232876712146e+00 3.757044458359423800e+00 5.631399317406143190e+00 3.927631578947368585e+00
9.815950920245399003e-02 5.214723926380367830e-02 3.287671232876712146e+00 3.674219228413961869e+00 5.612244897959183909e+00 4.097087378640776656e+00
8.754208754208754606e-02 3.703703703703703498e-02 3.393665158371040658e+00 3.785488958990536279e+00 5.667896678966789281e+00 4.090909090909090828e+00
9.666666666666666463e-02 6.333333333333333870e-02 3.416856492027334991e+00 3.799873337555415009e+00 5.579335793357933504e+00 4.120996441281138623e+00
8.024691358024690913e-02 5.246913580246913289e-02 3.293084522502744083e+00 3.708281829419036058e+00 5.516778523489932695e+00 4.026058631921824116e+00
1.030927835051546337e-01 1.374570446735395163e-02 3.452243958573072646e+00 3.735990037359900207e+00 5.655172413793103203e+00 4.222996515679442453e+00
6.802721088435374763e-02 3.741496598639455773e-02 3.399433427762039717e+00 3.785488958990536279e+00 5.583941605839416233e+00 4.134275618374558370e+00
1.072796934865900415e-01 4.214559386973180249e-02 3.634161114476075038e+00 3.926701570680628084e+00 5.587982832618025419e+00 4.224000000000000199e+00
4.934210526315789547e-02 2.631578947368420907e-02 3.287671232876712146e+00 3.792667509481668642e+00 5.709342560553633206e+00 3.932432432432432456e+00
6.920415224913495367e-02 6.228373702422144997e-02 3.416856492027334991e+00 3.851091142490372210e+00 5.620817843866171337e+00 4.118081180811808295e+00
8.970099667774086849e-02 5.647840531561462013e-02 3.399433427762039717e+00 3.828972559029993672e+00 5.583941605839416233e+00 3.992957746478873027e+00
8.881578947368420907e-02 4.934210526315789547e-02 3.353828954723309330e+00 3.785488958990536279e+00 5.696750902527075944e+00 4.048442906574394762e+00
9.427609427609427717e-02 5.050505050505050414e-02 3.458213256484149678e+00 3.843689942344650667e+00 5.464684014869888529e+00 3.978723404255319007e+00
9.287925696594427627e-02 6.501547987616099200e-02 3.309431880860452146e+00 3.807106598984771662e+00 5.549488054607508936e+00 3.814569536423841001e+00
6.164383561643835274e-02 6.164383561643835274e-02 3.416856492027334991e+00 3.836317135549871971e+00 5.518248175182481674e+00 4.116788321167883069e+00
6.349206349206348854e-02 5.714285714285714107e-02 3.309431880860452146e+00 3.750000000000000000e+00 5.511864406779660719e+00 4.040404040404040664e+00
9.602649006622517025e-02 4.304635761589403753e-02 3.393665158371040658e+00 3.757044458359423800e+00 5.626373626373626813e+00 4.131487889273356195e+00
7.829181494661921481e-02 5.693950177935942769e-02 3.482298316889147038e+00 3.896103896103896069e+00 5.583011583011582957e+00 4.075471698113207530e+00
9.395973154362416424e-02 5.033557046979865446e-02 3.399433427762039717e+00 3.934426229508196649e+00 5.666666666666666963e+00 3.710247349823321716e+00
1.087719298245614086e-01 4.912280701754385970e-02 3.470213996529786016e+00 3.821656050955414052e+00 5.740157480314960203e+00 4.206642066420664072e+00
1.056338028169014065e-01 3.521126760563380448e-02 3.470213996529786016e+00 3.828972559029993672e+00 5.740157480314960203e+00 4.138686131386861256e+00
1.401869158878504551e-01 3.426791277258566665e-02 3.376477208778840833e+00 3.660768761439902264e+00 5.630434782608695343e+00 4.122580645161290747e+00
9.294871794871795156e-02 3.846153846153846367e-02 3.337041156840934164e+00 3.694581280788177491e+00 5.639575971731448867e+00 4.160000000000000142e+00
1.070110701107011009e-01 5.535055350553505504e-02 3.544004725339633843e+00 3.934426229508196649e+00 5.727272727272727515e+00 4.101562500000000000e+00
3.358208955223880576e-02 5.970149253731343170e-02 3.440366972477064245e+00 3.926701570680628084e+00 5.745173745173745239e+00 4.190476190476190688e+00
7.796610169491526021e-02 3.050847457627118772e-02 3.393665158371040658e+00 3.785488958990536279e+00 5.647058823529412130e+00 4.090909090909090828e+00
7.987220447284344715e-02 3.833865814696485463e-02 3.314917127071823177e+00 3.735990037359900207e+00 5.625000000000000000e+00 4.026578073089701171e+00
8.709677419354838745e-02 5.161290322580645157e-02 3.348214285714285587e+00 3.722084367245657610e+00 5.597173144876324891e+00 4.163265306122449161e+00
8.695652173913043237e-02 3.010033444816053588e-02 3.387916431394692118e+00 3.807106598984771662e+00 5.648351648351648713e+00 3.972413793103448221e+00
9.939759036144578397e-02 4.216867469879517771e-02 3.271537622682660906e+00 3.607937462417317942e+00 5.578595317725752345e+00 4.169811320754717165e+00
5.592105263157894773e-02 5.921052631578947040e-02 3.348214285714285587e+00 3.821656050955414052e+00 5.519163763066202044e+00 3.986013986013985821e+00
9.121621621621621434e-02 6.756756756756757132e-02 3.458213256484149678e+00 3.851091142490372210e+00 5.464684014869888529e+00 4.043478260869565410e+00
1.171171171171171144e-01 5.105105105105105234e-02 3.260869565217391131e+00 3.588516746411483105e+00 5.714285714285714413e+00 4.253164556962024889e+00
1.067615658362989356e-01 3.914590747330960741e-02 3.525264394829612069e+00 3.836317135549871971e+00 5.593625498007968488e+00 4.177777777777778034e+00
8.524590163934425702e-02 2.622950819672131145e-02 3.376477208778840833e+00 3.660768761439902264e+00 5.569892473118279952e+00 4.303030303030302761e+00
9.030100334448160071e-02 6.020066889632107177e-02 3.434459072696050441e+00 3.792667509481668642e+00 5.492647058823528994e+00 4.142348754448399006e+00
9.964412811387900193e-02 5.693950177935942769e-02 3.500583430571762023e+00 3.903708523096942162e+00 5.644268774703557590e+00 4.052830188679245715e+00
7.070707070707070441e-02 4.713804713804713858e-02 3.387916431394692118e+00 3.799873337555415009e+00 5.586956521739130821e+00 4.091872791519434394e+00
7.046979865771811624e-02 3.355704697986577195e-02 3.353828954723309330e+00 3.750000000000000000e+00 5.696750902527075944e+00 4.166666666666666963e+00
7.421875000000000000e-02 6.250000000000000000e-02 3.594967046135410627e+00 3.957783641160949717e+00 5.645569620253164445e+00 4.299999999999999822e+00
1.209150326797385627e-01 8.169934640522875935e-02 3.411028993746446858e+00 3.722084367245657610e+00 5.643122676579925390e+00 4.355871886120996628e+00
6.504065040650407192e-02 7.317073170731706877e-02 3.614457831325301296e+00 4.029550033579583967e+00 5.739130434782608425e+00 4.289473684210526550e+00
9.324758842443729712e-02 6.752411575562701496e-02 3.320420586607637059e+00 3.735990037359900207e+00 5.723404255319149314e+00 4.179310344827586121e+00
8.304498269896193330e-02 3.460207612456747683e-02 3.405221339387060286e+00 3.785488958990536279e+00 5.750943396226414706e+00 4.193548387096774022e+00
6.012658227848101389e-02 3.797468354430379861e-02 3.314917127071823177e+00 3.750000000000000000e+00 5.454545454545454142e+00 3.947368421052631415e+00
7.051282051282051211e-02 3.205128205128204844e-02 3.320420586607637059e+00 3.735990037359900207e+00 5.565517241379310143e+00 4.013245033112582405e+00
1.122807017543859670e-01 4.561403508771930126e-02 3.494467093768200527e+00 3.851091142490372210e+00 5.667984189723320299e+00 4.102941176470587870e+00
1.021126760563380309e-01 5.281690140845070325e-02 3.476245654692931453e+00 3.858520900321543490e+00 5.694117647058823728e+00 4.126394052044609850e+00
1.205673758865248163e-01 3.546099290780142105e-02 3.506721215663354929e+00 3.799873337555415009e+00 5.733870967741935054e+00 4.257352941176471006e+00
6.906906906906906674e-02 4.504504504504504292e-02 3.244997295835586826e+00 3.654080389768574744e+00 5.477419354838709786e+00 4.037735849056604209e+00
7.553956834532374320e-02 4.676258992805755466e-02 3.470213996529786016e+00 3.896103896103896069e+00 5.673151750972762919e+00 4.075471698113207530e+00
1.019607843137254888e-01 5.882352941176470507e-02 3.640776699029126373e+00 4.045853000674308753e+00 5.659388646288209479e+00 4.025000000000000355e+00
8.910891089108910479e-02 5.280528052805280592e-02 3.416856492027334991e+00 3.814367450731086961e+00 5.478260869565217739e+00 3.993031358885017479e+00
6.688963210702340845e-02 5.016722408026755980e-02 3.434459072696050441e+00 3.742981908920773648e+00 5.354838709677419040e+00 4.246478873239436957e+00
6.225680933852140164e-02 8.560311284046692726e-02 3.550295857988165604e+00 4.054054054054054390e+00 5.726141078838174359e+00 4.085106382978723083e+00
8.058608058608059121e-02 4.395604395604395948e-02 3.506721215663354929e+00 3.873466752743705666e+00 5.665338645418326990e+00 4.206896551724137900e+00
8.118081180811807795e-02 4.059040590405903898e-02 3.519061583577712593e+00 3.865979381443299001e+00 5.662650602409638800e+00 4.246153846153846168e+00
9.422492401215805391e-02 4.255319148936170109e-02 3.276897870016384662e+00 3.687768899815611512e+00 5.577181208053691108e+00 3.980952380952381020e+00
1.083916083916083850e-01 4.545454545454545581e-02 3.482298316889147038e+00 3.814367450731086961e+00 5.670588235294117929e+00 4.197802197802197988e+00
1.170568561872909752e-01 5.685618729096989649e-02 3.428571428571428381e+00 3.785488958990536279e+00 5.681818181818181657e+00 4.148936170212765617e+00
8.754208754208754606e-02 4.040404040404040747e-02 3.382187147688838991e+00 3.742981908920773648e+00 5.712177121771217614e+00 4.231578947368420884e+00
8.304498269896193330e-02 6.920415224913495367e-02 3.488372093023255793e+00 3.821656050955414052e+00 5.433962264150943078e+00 4.237918215613382777e+00
8.219178082191780366e-02 5.821917808219177759e-02 3.387916431394692118e+00 3.807106598984771662e+00 5.753731343283582156e+00 4.189090909090909420e+00
1.056338028169014065e-01 1.021126760563380309e-01 3.464203233256351044e+00 3.896103896103896069e+00 5.763779527559055538e+00 4.235294117647058876e+00
8.273381294964028687e-02 4.676258992805755466e-02 3.506721215663354929e+00 3.836317135549871971e+00 5.576470588235293846e+00 4.256603773584905603e+00
6.168831168831168804e-02 4.220779220779220797e-02 3.309431880860452146e+00 3.778337531486146261e+00 5.626297577854670884e+00 3.986440677966101909e+00
9.740259740259740728e-02 4.220779220779220797e-02 3.365114974761637789e+00 3.729024238657551393e+00 5.633093525179855732e+00 4.128813559322034088e+00
9.160305343511450371e-02 7.633587786259542207e-02 3.569303985722783956e+00 3.965631196298744054e+00 5.722689075630252198e+00 4.239669421487603174e+00
8.888888888888889228e-02 3.492063492063492147e-02 3.353828954723309330e+00 3.764115432873274880e+00 5.498257839721254037e+00 3.907894736842105310e+00
1.034482758620689641e-01 3.448275862068965469e-02 3.614457831325301296e+00 3.957783641160949717e+00 5.641025641025641413e+00 4.095238095238094900e+00
8.307692307692307598e-02 4.923076923076923073e-02 3.276897870016384662e+00 3.667481662591686842e+00 5.577181208053691108e+00 4.116504854368931987e+00
7.594936708860759722e-02 4.746835443037975000e-02 3.320420586607637059e+00 3.735990037359900207e+00 5.527397260273972712e+00 4.026578073089701171e+00
8.895705521472392630e-02 4.294478527607362150e-02 3.266194882961349855e+00 3.654080389768574744e+00 5.636363636363636687e+00 4.115384615384614975e+00
1.009771986970684071e-01 3.908794788273615289e-02 3.399433427762039717e+00 3.735990037359900207e+00 5.543478260869565410e+00 4.108474576271186507e+00
1.006944444444444475e-01 5.555555555555555247e-02 3.488372093023255793e+00 3.764115432873274880e+00 5.559845559845560281e+00 4.367647058823528994e+00
7.951070336391437288e-02 4.281345565749235249e-02 3.260869565217391131e+00 3.694581280788177491e+00 5.581395348837209447e+00 3.987220447284344882e+00
1.000000000000000056e-01 6.774193548387097419e-02 3.382187147688838991e+00 3.821656050955414052e+00 5.548387096774193949e+00 3.944636678200692081e+00
1.199999999999999956e-01 3.333333333333333287e-02 3.422703936109526612e+00 3.807106598984771662e+00 5.704545454545454142e+00 3.972413793103448221e+00
7.744107744107743552e-02 4.713804713804713858e-02 3.399433427762039717e+00 3.778337531486146261e+00 5.583941605839416233e+00 4.155477031802120358e+00
9.345794392523364136e-02 6.853582554517133330e-02 3.337041156840934164e+00 3.708281829419036058e+00 5.484536082474226859e+00 4.133779264214046734e+00
9.900990099009901457e-02 3.630363036303630581e-02 3.393665158371040658e+00 3.757044458359423800e+00 5.626373626373626813e+00 4.089041095890411093e+00
6.597222222222222376e-02 5.208333333333333565e-02 3.399433427762039717e+00 3.873466752743705666e+00 5.687732342007435271e+00 4.021978021978021900e+00
7.911392405063291666e-02 3.797468354430379861e-02 3.271537622682660906e+00 3.674219228413961869e+00 5.731958762886598002e+00 4.164473684210526550e+00
9.121621621621621434e-02 2.027027027027027140e-02 3.416856492027334991e+00 3.771213073538655092e+00 5.620817843866171337e+00 4.075862068965517615e+00
7.784431137724551197e-02 4.491017964071856300e-02 3.218884120171674024e+00 3.660768761439902264e+00 5.610389610389610482e+00 4.006269592476488839e+00
8.960573476702508866e-02 6.810035842293907238e-02 3.470213996529786016e+00 3.896103896103896069e+00 5.740157480314960203e+00 4.153846153846154188e+00
7.213114754098361170e-02 5.573770491803278770e-02 3.348214285714285587e+00 3.785488958990536279e+00 5.597173144876324891e+00 4.062500000000000000e+00
9.420289855072463969e-02 4.347826086956521618e-02 3.544004725339633843e+00 3.873466752743705666e+00 5.543999999999999595e+00 4.159090909090909172e+00
9.642857142857143293e-02 4.642857142857143016e-02 3.537735849056603765e+00 3.843689942344650667e+00 5.501976284584980448e+00 4.202247191011236005e+00
9.121621621621621434e-02 6.756756756756757132e-02 3.422703936109526612e+00 3.729024238657551393e+00 5.598513011152416396e+00 4.413043478260869179e+00
1.262135922330097082e-01 4.854368932038834877e-02 3.422703936109526612e+00 3.742981908920773648e+00 5.577777777777777501e+00 4.102040816326530503e+00
8.904109589041095396e-02 6.849315068493150305e-02 3.452243958573072646e+00 3.821656050955414052e+00 5.548872180451128067e+00 4.191176470588235503e+00
6.764705882352940736e-02 4.411764705882353227e-02 3.229278794402583586e+00 3.660768761439902264e+00 5.413249211356466972e+00 3.932307692307692282e+00
9.960159362549800277e-02 6.374501992031872399e-02 3.660768761439902264e+00 3.981420039814200340e+00 5.654867256637167827e+00 4.314893617021276384e+00
1.074074074074074098e-01 5.555555555555555247e-02 3.601440576230492407e+00 3.903708523096942162e+00 5.526970954356846377e+00 4.211764705882353077e+00
1.111111111111111049e-01 4.901960784313725422e-02 3.405221339387060286e+00 3.771213073538655092e+00 5.602941176470587870e+00 4.061855670103092564e+00
9.523809523809523281e-02 2.539682539682539680e-02 3.365114974761637789e+00 3.660768761439902264e+00 5.494736842105263364e+00 4.162866449511400724e+00
8.650519031141867821e-02 5.190311418685120831e-02 3.452243958573072646e+00 3.880983182406209764e+00 5.590909090909090828e+00 3.985401459854014394e+00
1.052631578947368363e-01 4.605263157894736586e-02 3.382187147688838991e+00 3.807106598984771662e+00 5.691176470588235503e+00 3.972413793103448221e+00
8.510638297872340219e-02 4.609929078014184112e-02 3.470213996529786016e+00 3.858520900321543490e+00 5.651162790697674687e+00 4.126394052044609850e+00
8.306709265175718504e-02 4.153354632587859252e-02 3.320420586607637059e+00 3.654080389768574744e+00 5.623693379790941194e+00 4.280000000000000249e+00
1.400000000000000133e-01 5.333333333333333676e-02 3.470213996529786016e+00 3.764115432873274880e+00 5.651162790697674687e+00 4.183098591549295975e+00
1.185185185185185230e-01 3.703703703703703498e-02 3.556609365737996242e+00 3.858520900321543490e+00 5.773109243697478909e+00 4.269230769230769162e+00
7.499999999999999722e-02 5.312499999999999861e-02 3.255561584373304562e+00 3.742981908920773648e+00 5.695945945945945610e+00 3.980198019801980180e+00
6.690140845070421949e-02 4.577464788732394513e-02 3.440366972477064245e+00 3.836317135549871971e+00 5.615094339622641151e+00 4.162361623616235740e+00
9.122807017543860253e-02 4.561403508771930126e-02 3.482298316889147038e+00 3.851091142490372210e+00 5.583011583011582957e+00 4.102941176470587870e+00
1.034482758620689641e-01 3.134796238244513811e-02 3.353828954723309330e+00 3.715170278637770718e+00 5.517482517482517501e+00 3.980582524271844669e+00
1.066666666666666735e-01 2.999999999999999889e-02 3.416856492027334991e+00 3.858520900321543490e+00 5.641791044776119257e+00 3.814432989690721865e+00
6.293706293706294308e-02 4.195804195804195974e-02 3.405221339387060286e+00 3.828972559029993672e+00 5.686567164179104239e+00 4.138686131386861256e+00
8.013937282229964543e-02 4.529616724738676214e-02 3.416856492027334991e+00 3.792667509481668642e+00 5.727272727272727515e+00 4.248175182481752188e+00
8.777429467084639503e-02 4.702194357366771410e-02 3.309431880860452146e+00 3.687768899815611512e+00 5.587628865979381132e+00 4.125000000000000000e+00
6.250000000000000000e-02 4.934210526315789547e-02 3.320420586607637059e+00 3.814367450731086961e+00 5.663157894736841946e+00 3.965397923875432440e+00
1.139240506329113889e-01 4.113924050632911111e-02 3.331482509716824136e+00 3.750000000000000000e+00 5.721428571428571530e+00 3.960396039603960361e+00
8.070175438596491335e-02 5.263157894736841813e-02 3.434459072696050441e+00 3.836317135549871971e+00 5.702290076335877700e+00 4.177777777777778034e+00
8.727272727272727959e-02 4.363636363636363980e-02 3.476245654692931453e+00 3.888528839922229530e+00 5.784860557768924494e+00 4.129277566539924393e+00
1.084745762711864375e-01 3.389830508474576259e-02 3.446295232624928317e+00 3.750000000000000000e+00 5.634980988593156326e+00 4.210526315789473450e+00
9.225092250922509174e-02 5.904059040590405733e-02 3.500583430571762023e+00 3.888528839922229530e+00 5.804878048780487632e+00 4.258823529411764675e+00
8.053691275167784713e-02 4.362416107382550284e-02 3.399433427762039717e+00 3.778337531486146261e+00 5.583941605839416233e+00 4.126315789473684603e+00
8.303249097472924223e-02 6.137184115523465489e-02 3.531489111241906897e+00 3.888528839922229530e+00 5.503937007874015741e+00 4.176923076923077183e+00
9.121621621621621434e-02 4.729729729729729992e-02 3.428571428571428381e+00 3.771213073538655092e+00 5.576208178438661456e+00 4.191489361702127603e+00
6.930693069306931298e-02 4.620462046204620171e-02 3.382187147688838991e+00 3.814367450731086961e+00 5.489361702127659726e+00 3.965397923875432440e+00
8.550185873605947728e-02 4.832713754646840443e-02 3.544004725339633843e+00 3.911342894393742053e+00 5.634146341463414309e+00 4.171875000000000000e+00
1.151315789473684181e-01 4.276315789473684320e-02 3.422703936109526612e+00 3.785488958990536279e+00 5.598513011152416396e+00 4.020618556701030855e+00
9.797297297297297147e-02 4.391891891891892136e-02 3.452243958573072646e+00 3.799873337555415009e+00 5.528089887640449618e+00 4.091872791519434394e+00
1.060606060606060635e-01 6.060606060606060774e-02 3.298515667949422969e+00 3.654080389768574744e+00 5.552542372881355881e+00 4.141935483870967438e+00
7.518796992481202590e-02 3.383458646616541166e-02 3.556609365737996242e+00 3.949967083607636820e+00 5.585365853658536217e+00 4.038910505836575737e+00
1.111111111111111049e-01 3.903903903903904044e-02 3.244997295835586826e+00 3.627569528415961475e+00 5.736486486486486847e+00 4.087500000000000355e+00
9.210526315789473173e-02 4.276315789473684320e-02 3.422703936109526612e+00 3.807106598984771662e+00 5.456521739130434590e+00 3.958762886597938291e+00
1.133333333333333276e-01 4.666666666666666879e-02 3.382187147688838991e+00 3.807106598984771662e+00 5.819548872180450694e+00 4.027972027972028357e+00
8.783783783783784271e-02 4.729729729729729992e-02 3.387916431394692118e+00 3.757044458359423800e+00 5.711111111111111249e+00 4.234042553191489588e+00
6.514657980456026176e-02 4.560260586319218185e-02 3.325942350332594444e+00 3.722084367245657610e+00 5.602787456445993186e+00 4.177474402730375402e+00
7.849829351535836386e-02 4.436860068259385753e-02 3.376477208778840833e+00 3.807106598984771662e+00 5.755555555555555536e+00 4.114285714285713880e+00
8.873720136518771506e-02 6.825938566552901265e-02 3.428571428571428381e+00 3.807106598984771662e+00 5.617977528089888040e+00 4.219780219780219888e+00
8.745247148288973205e-02 4.562737642585551479e-02 3.588516746411483105e+00 3.926701570680628084e+00 5.599999999999999645e+00 4.207171314741035673e+00
1.073825503355704675e-01 3.355704697986577195e-02 3.422703936109526612e+00 3.785488958990536279e+00 5.661654135338346272e+00 4.062500000000000000e+00
6.811145510835912853e-02 4.643962848297213813e-02 3.266194882961349855e+00 3.729024238657551393e+00 5.561461794019933791e+00 3.954545454545454586e+00
1.143790849673202575e-01 4.248366013071895597e-02 3.470213996529786016e+00 3.735990037359900207e+00 5.380073800738007783e+00 4.136518771331058275e+00
7.120743034055727894e-02 9.287925696594427627e-02 3.293084522502744083e+00 3.785488958990536279e+00 5.480000000000000426e+00 3.993174061433446997e+00
5.698005698005698116e-02 5.413105413105413072e-02 3.143006809848087890e+00 3.588516746411483105e+00 5.492447129909365344e+00 4.048192771084337060e+00
7.301587301587302015e-02 3.492063492063492147e-02 3.287671232876712146e+00 3.687768899815611512e+00 5.650684931506849473e+00 4.125000000000000000e+00
1.368421052631579038e-01 3.157894736842105365e-02 3.525264394829612069e+00 3.828972559029993672e+00 5.707317073170731447e+00 4.108695652173913082e+00
9.433962264150944077e-02 5.031446540880503415e-02 3.348214285714285587e+00 3.701418877236273719e+00 5.500000000000000000e+00 4.112582781456953995e+00
1.306990881458966469e-01 4.863221884498480224e-02 3.353828954723309330e+00 3.640776699029126373e+00 5.517482517482517501e+00 4.140575079872204078e+00
8.214285714285714246e-02 5.000000000000000278e-02 3.458213256484149678e+00 3.821656050955414052e+00 5.719844357976653804e+00 4.285714285714285587e+00
9.215017064846416084e-02 5.460750853242320874e-02 3.416856492027334991e+00 3.828972559029993672e+00 5.684210526315789380e+00 4.093862815884476092e+00
7.210031347962382597e-02 3.448275862068965469e-02 3.266194882961349855e+00 3.680981595092024605e+00 5.655405405405405261e+00 4.090909090909090828e+00
9.030100334448160071e-02 4.682274247491638453e-02 3.411028993746446858e+00 3.807106598984771662e+00 5.580882352941176627e+00 4.042105263157894868e+00
9.427609427609427717e-02 4.713804713804713858e-02 3.434459072696050441e+00 3.807106598984771662e+00 5.553903345724907403e+00 4.070671378091872405e+00
1.070234113712374563e-01 3.678929765886287950e-02 3.393665158371040658e+00 3.771213073538655092e+00 5.752808988764044784e+00 4.104166666666666963e+00
6.338028169014084390e-02 4.929577464788732072e-02 3.411028993746446858e+00 3.821656050955414052e+00 5.706766917293233377e+00 4.222222222222222321e+00
8.247422680412370977e-02 3.436426116838488254e-02 3.428571428571428381e+00 3.843689942344650667e+00 5.617977528089888040e+00 3.992882562277579872e+00
9.036144578313252962e-02 3.614457831325301046e-02 3.271537622682660906e+00 3.660768761439902264e+00 5.523178807947020097e+00 3.993749999999999911e+00
9.375000000000000000e-02 5.681818181818181629e-02 3.138075313807531241e+00 3.506721215663354929e+00 5.717868338557993368e+00 4.283132530120481896e+00
9.467455621301774926e-02 5.325443786982248656e-02 3.208556149732620266e+00 3.660768761439902264e+00 5.686274509803921795e+00 3.993749999999999911e+00
1.066666666666666735e-01 4.666666666666666879e-02 3.500583430571762023e+00 3.865979381443299001e+00 5.328358208955223496e+00 3.860139860139859991e+00
9.477124183006535585e-02 6.209150326797385766e-02 3.382187147688838991e+00 3.807106598984771662e+00 5.588447653429603257e+00 4.013937282229965042e+00
9.025270758122744263e-02 6.137184115523465489e-02 3.506721215663354929e+00 3.911342894393742053e+00 5.642857142857143238e+00 4.107692307692307310e+00
1.068702290076335853e-01 6.106870229007633349e-02 3.627569528415961475e+00 3.949967083607636820e+00 5.589743589743589425e+00 4.219512195121951414e+00
7.540983606557377650e-02 2.622950819672131145e-02 3.337041156840934164e+00 3.764115432873274880e+00 5.659574468085106780e+00 4.000000000000000000e+00
7.590759075907591025e-02 3.960396039603960444e-02 3.370786516853932380e+00 3.715170278637770718e+00 5.571428571428571175e+00 4.226804123711340289e+00
1.159420289855072478e-01 6.884057971014492794e-02 3.550295857988165604e+00 3.880983182406209764e+00 5.655737704918032627e+00 4.249027237354085607e+00
6.229508196721311730e-02 4.262295081967212851e-02 3.348214285714285587e+00 3.757044458359423800e+00 5.538461538461538325e+00 4.089041095890411093e+00
9.459459459459459985e-02 5.135135135135135420e-02 3.089598352214212085e+00 3.519061583577712593e+00 5.623880597014925264e+00 4.017094017094017033e+00
1.289198606271776959e-01 3.135888501742160189e-02 3.537735849056603765e+00 3.785488958990536279e+00 5.567999999999999616e+00 4.208633093525179447e+00
1.140939597315436260e-01 4.697986577181208212e-02 3.434459072696050441e+00 3.814367450731086961e+00 5.659090909090909172e+00 4.035211267605633978e+00
6.071428571428571369e-02 3.928571428571428492e-02 3.440366972477064245e+00 3.919007184846505343e+00 5.657794676806084055e+00 3.947955390334572545e+00
9.384164222873900285e-02 4.105571847507331201e-02 3.213711837171933539e+00 3.680981595092024605e+00 5.611650485436893376e+00 3.853211009174311918e+00
6.832298136645963138e-02 5.900621118012422395e-02 3.309431880860452146e+00 3.694581280788177491e+00 5.419999999999999929e+00 4.118811881188118917e+00
7.971014492753622505e-02 6.159420289855072755e-02 3.488372093023255793e+00 3.880983182406209764e+00 5.669291338582676865e+00 4.216216216216215784e+00
1.065292096219931234e-01 4.123711340206185488e-02 3.440366972477064245e+00 3.821656050955414052e+00 5.723076923076923173e+00 4.086021505376344010e+00
9.285714285714286031e-02 4.285714285714285754e-02 3.494467093768200527e+00 3.807106598984771662e+00 5.645669291338582418e+00 4.298507462686567138e+00
9.180327868852458661e-02 5.245901639344262291e-02 3.365114974761637789e+00 3.785488958990536279e+00 5.653429602888087047e+00 4.048442906574394762e+00
6.462585034013605678e-02 5.782312925170068202e-02 3.370786516853932380e+00 3.785488958990536279e+00 5.672727272727272840e+00 4.223826714801443671e+00
7.142857142857142461e-02 4.135338345864661425e-02 3.537735849056603765e+00 3.888528839922229530e+00 5.635627530364372362e+00 4.258823529411764675e+00
9.235668789808916535e-02 4.458598726114649385e-02 3.342618384401114362e+00 3.660768761439902264e+00 5.578947368421052211e+00 4.259999999999999787e+00
1.048951048951048959e-01 5.594405594405594401e-02 3.470213996529786016e+00 3.873466752743705666e+00 5.695312500000000000e+00 4.066666666666666430e+00
8.275862068965517127e-02 4.827586206896551657e-02 3.422703936109526612e+00 3.873466752743705666e+00 5.661654135338346272e+00 3.978260869565217295e+00
6.498194945848374815e-02 2.888086642599278081e-02 3.512880562060889833e+00 3.865979381443299001e+00 5.467181467181466914e+00 4.104089219330854910e+00
8.695652173913043237e-02 6.020066889632107177e-02 3.416856492027334991e+00 3.778337531486146261e+00 5.538461538461538325e+00 4.185053380782917998e+00
7.094594594594594295e-02 3.378378378378378566e-02 3.399433427762039717e+00 3.757044458359423800e+00 5.563636363636363491e+00 4.174825174825175012e+00
7.812500000000000000e-02 3.749999999999999861e-02 3.337041156840934164e+00 3.735990037359900207e+00 5.410169491525423702e+00 3.935064935064934932e+00
9.646302250803857892e-02 3.215434083601285964e-02 3.348214285714285587e+00 3.667481662591686842e+00 5.637010676156583244e+00 4.225913621262458619e+00
7.531380753138075534e-02 4.602510460251046237e-02 3.680981595092024605e+00 4.112405757368060577e+00 5.701357466063348589e+00 4.026315789473684070e+00
1.122807017543859670e-01 5.263157894736841813e-02 3.537735849056603765e+00 3.851091142490372210e+00 5.501976284584980448e+00 4.133333333333333748e+00
1.028938906752411564e-01 6.109324758842443748e-02 3.370786516853932380e+00 3.771213073538655092e+00 5.591397849462365954e+00 4.047945205479452468e+00
8.749999999999999445e-02 6.250000000000000000e-02 3.303964757709251021e+00 3.674219228413961869e+00 5.589041095890411093e+00 4.219999999999999751e+00
1.196013289036544913e-01 3.654485049833887389e-02 3.434459072696050441e+00 3.792667509481668642e+00 5.637735849056603854e+00 4.013793103448275446e+00
9.287925696594427627e-02 5.263157894736841813e-02 3.309431880860452146e+00 3.687768899815611512e+00 5.549488054607508936e+00 4.098039215686274161e+00
8.090614886731391231e-02 5.177993527508090860e-02 3.303964757709251021e+00 3.701418877236273719e+00 5.746478873239436957e+00 4.238907849829351093e+00
1.041009463722397527e-01 4.731861198738170071e-02 3.348214285714285587e+00 3.742981908920773648e+00 5.577464788732394041e+00 3.993377483443708797e+00
8.875739644970413733e-02 5.029585798816568060e-02 3.213711837171933539e+00 3.674219228413961869e+00 5.629870129870130135e+00 3.943925233644860029e+00
1.042944785276073566e-01 3.680981595092024800e-02 3.303964757709251021e+00 3.627569528415961475e+00 5.589041095890411093e+00 4.165605095541401681e+00
9.782608695652174335e-02 2.173913043478260809e-02 3.494467093768200527e+00 3.858520900321543490e+00 5.759036144578312921e+00 4.111111111111110716e+00
5.993690851735015979e-02 6.309148264984226762e-02 3.298515667949422969e+00 3.778337531486146261e+00 5.496644295302013816e+00 3.959595959595959780e+00
6.666666666666666574e-02 5.263157894736841813e-02 3.416856492027334991e+00 3.807106598984771662e+00 5.684210526315789380e+00 4.266666666666666607e+00
8.852459016393442182e-02 4.918032786885245811e-02 3.348214285714285587e+00 3.771213073538655092e+00 5.697841726618705138e+00 4.075862068965517615e+00
8.934707903780068905e-02 3.436426116838488254e-02 3.428571428571428381e+00 3.785488958990536279e+00 5.660377358490565669e+00 4.163701067615658502e+00
8.965517241379310220e-02 2.758620689655172376e-02 3.434459072696050441e+00 3.750000000000000000e+00 5.659090909090909172e+00 4.255319148936170137e+00
1.153846153846153910e-01 4.807692307692307959e-02 3.382187147688838991e+00 3.722084367245657610e+00 5.608695652173913082e+00 4.121212121212121104e+00
5.555555555555555247e-02 3.968253968253968034e-02 3.042596348884381463e+00 3.434459072696050441e+00 5.445378151260504396e+00 4.115702479338843034e+00
4.854368932038834877e-02 2.265372168284789794e-02 3.298515667949422969e+00 3.715170278637770718e+00 5.571428571428571175e+00 4.072847682119205004e+00
9.324758842443729712e-02 4.501607717041800766e-02 3.342618384401114362e+00 3.757044458359423800e+00 5.638297872340425343e+00 4.020202020202019888e+00
8.571428571428571508e-02 5.714285714285714107e-02 3.476245654692931453e+00 3.873466752743705666e+00 5.671875000000000000e+00 4.159090909090909172e+00
8.680555555555555247e-02 4.513888888888888812e-02 3.434459072696050441e+00 3.858520900321543490e+00 5.680608365019011785e+00 4.036363636363636154e+00
9.003215434083601532e-02 5.144694533762057820e-02 3.370786516853932380e+00 3.735990037359900207e+00 5.512367491166077826e+00 4.108474576271186507e+00
6.101694915254237545e-02 2.711864406779660938e-02 3.382187147688838991e+00 3.792667509481668642e+00 5.588447653429603257e+00 4.055749128919861057e+00
8.552631578947368640e-02 4.934210526315789547e-02 3.348214285714285587e+00 3.735990037359900207e+00 5.697841726618705138e+00 4.193771626297578159e+00
5.177993527508090860e-02 3.236245954692556354e-02 3.314917127071823177e+00 3.687768899815611512e+00 5.529010238907849484e+00 4.193979933110368208e+00
7.905138339920948776e-02 4.743083003952568849e-02 3.607937462417317942e+00 4.013377926421404673e+00 5.690987124463519287e+00 4.107883817427385509e+00
1.079136690647481966e-01 1.798561151079136611e-02 3.512880562060889833e+00 3.851091142490372210e+00 5.709677419354838968e+00 4.087912087912087600e+00
1.054313099041533502e-01 5.111821086261980618e-02 3.365114974761637789e+00 3.771213073538655092e+00 5.592857142857142527e+00 3.979797979797979668e+00
8.582089552238805763e-02 4.477611940298507204e-02 3.531489111241906897e+00 3.965631196298744054e+00 5.706122448979591866e+00 4.007812500000000000e+00
1.351351351351351426e-01 7.432432432432432845e-02 3.458213256484149678e+00 3.843689942344650667e+00 5.742187500000000000e+00 4.094890510948904883e+00
7.773851590106006793e-02 3.533568904593639703e-02 3.416856492027334991e+00 3.828972559029993672e+00 5.793103448275862100e+00 4.153846153846154188e+00
7.744107744107743552e-02 4.377104377104377303e-02 3.405221339387060286e+00 3.807106598984771662e+00 5.562043795620438047e+00 4.056338028169014009e+00
5.653710247349823248e-02 5.653710247349823248e-02 3.422703936109526612e+00 3.903708523096942162e+00 5.640449438202247201e+00 4.022471910112359161e+00
9.727626459143969007e-02 7.003891050583657685e-02 3.627569528415961475e+00 3.949967083607636820e+00 5.637931034482758896e+00 4.343096234309623327e+00
9.696969696969696961e-02 6.666666666666666574e-02 3.276897870016384662e+00 3.640776699029126373e+00 5.577181208053691108e+00 4.207792207792207861e+00
8.544303797468354167e-02 1.898734177215189931e-02 3.298515667949422969e+00 3.701418877236273719e+00 5.667820069204152489e+00 4.006451612903226156e+00
1.118210862619808260e-01 5.431309904153354406e-02 3.348214285714285587e+00 3.701418877236273719e+00 5.697841726618705138e+00 4.195945945945945610e+00
1.054313099041533502e-01 5.111821086261980618e-02 3.411028993746446858e+00 3.771213073538655092e+00 5.421428571428571708e+00 3.979797979797979668e+00
8.178438661710037139e-02 6.319702602230482802e-02 3.537735849056603765e+00 3.903708523096942162e+00 5.635627530364372362e+00 4.261904761904761862e+00
8.517350157728706406e-02 5.678233438485804502e-02 3.353828954723309330e+00 3.735990037359900207e+00 5.441379310344827580e+00 4.053511705685618693e+00
9.764309764309764272e-02 4.713804713804713858e-02 3.428571428571428381e+00 3.764115432873274880e+00 5.597014925373134275e+00 4.197879858657243446e+00
6.666666666666666574e-02 5.079365079365079361e-02 3.331482509716824136e+00 3.674219228413961869e+00 5.448979591836734748e+00 4.234113712374582228e+00
7.692307692307692735e-02 5.769230769230769551e-02 3.314917127071823177e+00 3.715170278637770718e+00 5.625000000000000000e+00 4.183673469387755084e+00
8.389261744966443335e-02 2.013422818791946178e-02 3.399433427762039717e+00 3.778337531486146261e+00 5.604395604395604025e+00 4.027397260273972712e+00
9.890109890109889668e-02 1.831501831501831587e-02 3.544004725339633843e+00 3.807106598984771662e+00 5.634146341463414309e+00 4.298507462686567138e+00
1.095406360424028280e-01 5.300353356890459555e-02 3.482298316889147038e+00 3.785488958990536279e+00 5.738095238095238138e+00 4.365671641791045055e+00
6.271777003484320379e-02 4.181184668989547382e-02 3.393665158371040658e+00 3.843689942344650667e+00 5.710037174721189324e+00 4.080000000000000071e+00
7.516339869281045416e-02 4.575163398692810163e-02 3.303964757709251021e+00 3.785488958990536279e+00 5.766784452296819907e+00 4.006849315068492956e+00
7.142857142857142461e-02 4.511278195488721554e-02 3.512880562060889833e+00 3.957783641160949717e+00 5.732793522267206399e+00 4.062992125984251857e+00
8.598726114649681007e-02 4.140127388535031622e-02 3.342618384401114362e+00 3.674219228413961869e+00 5.540069686411150052e+00 4.205980066445182963e+00
9.593023255813953876e-02 3.488372093023255766e-02 3.234501347708894858e+00 3.562945368171021254e+00 5.498392282958199040e+00 4.120481927710843095e+00
1.010101010101010083e-01 6.734006734006733885e-02 3.446295232624928317e+00 3.807106598984771662e+00 5.550561797752808779e+00 4.158844765342959882e+00
8.455882352941176960e-02 6.250000000000000000e-02 3.588516746411483105e+00 3.903708523096942162e+00 5.397590361445782747e+00 4.211764705882353077e+00
1.050583657587548653e-01 3.501945525291828842e-02 3.621001810500905194e+00 3.942181340341655904e+00 5.713043478260869890e+00 4.209677419354838968e+00
1.145510835913312736e-01 4.953560371517028160e-02 3.309431880860452146e+00 3.729024238657551393e+00 5.685314685314684979e+00 3.967426710097719855e+00
7.560137457044673048e-02 3.092783505154639290e-02 3.470213996529786016e+00 3.821656050955414052e+00 5.420074349442379535e+00 4.042553191489361986e+00
1.184668989547038309e-01 5.226480836236933880e-02 3.476245654692931453e+00 3.836317135549871971e+00 5.739130434782608425e+00 4.147058823529412130e+00
1.027397260273972546e-01 4.452054794520547698e-02 3.482298316889147038e+00 3.785488958990536279e+00 5.519083969465649275e+00 4.193548387096774022e+00
8.904109589041095396e-02 6.849315068493150305e-02 3.422703936109526612e+00 3.799873337555415009e+00 5.661654135338346272e+00 4.257352941176471006e+00
6.853582554517133330e-02 5.607476635514018620e-02 3.276897870016384662e+00 3.680981595092024605e+00 5.558528428093645779e+00 4.158415841584158557e+00
9.646302250803857892e-02 7.717041800643087424e-02 3.314917127071823177e+00 3.771213073538655092e+00 5.765124555160141995e+00 4.118466898954704192e+00
9.749303621169916334e-02 5.292479108635097379e-02 3.177966101694915224e+00 3.575685339690107156e+00 5.481481481481481843e+00 3.988235294117647101e+00
1.119402985074626905e-01 4.850746268656716542e-02 3.582089552238806096e+00 3.949967083607636820e+00 5.672268907563025486e+00 4.070588235294117396e+00
7.453416149068323171e-02 2.173913043478260809e-02 3.271537622682660906e+00 3.667481662591686842e+00 5.597315436241610875e+00 4.038095238095237960e+00
6.875000000000000555e-02 4.374999999999999722e-02 3.276897870016384662e+00 3.687768899815611512e+00 5.577181208053691108e+00 4.098039215686274161e+00
1.047297297297297286e-01 6.081081081081081419e-02 3.428571428571428381e+00 3.771213073538655092e+00 5.660377358490565669e+00 4.251798561151079348e+00
8.650519031141867821e-02 4.152249134948096665e-02 3.464203233256351044e+00 3.858520900321543490e+00 5.545454545454545858e+00 4.007220216606498298e+00
8.940397350993377346e-02 2.649006622516556289e-02 3.393665158371040658e+00 3.735990037359900207e+00 5.585454545454545894e+00 4.122448979591836427e+00
1.140684410646387870e-01 3.802281368821292667e-02 3.607937462417317942e+00 3.880983182406209764e+00 5.690987124463519287e+00 4.316205533596837896e+00
1.217712177121771239e-01 7.380073800738007339e-02 3.601440576230492407e+00 3.973509933774834302e+00 5.596638655462184531e+00 4.063745019920318668e+00
1.067961165048543631e-01 5.501618122977346148e-02 3.325942350332594444e+00 3.778337531486146261e+00 5.826086956521739246e+00 4.027397260273972712e+00
9.830508474576271638e-02 6.779661016949152519e-02 3.422703936109526612e+00 3.851091142490372210e+00 5.661654135338346272e+00 4.058181818181818556e+00
9.967845659163987460e-02 5.787781350482314874e-02 3.359462486002239512e+00 3.715170278637770718e+00 5.614285714285713880e+00 4.197952218430033966e+00
1.013986013986013929e-01 4.545454545454545581e-02 3.512880562060889833e+00 3.843689942344650667e+00 5.509727626459143934e+00 4.109890109890109500e+00
9.890109890109889668e-02 4.761904761904761640e-02 3.556609365737996242e+00 3.896103896103896069e+00 5.585365853658536217e+00 4.153846153846154188e+00
9.965635738831615797e-02 3.436426116838488254e-02 3.506721215663354929e+00 3.799873337555415009e+00 5.427480916030534175e+00 4.120996441281138623e+00
9.342560553633218190e-02 5.882352941176470507e-02 3.446295232624928317e+00 3.858520900321543490e+00 5.656488549618321038e+00 4.080882352941176627e+00
6.853582554517133330e-02 4.049844236760124366e-02 3.260869565217391131e+00 3.680981595092024605e+00 5.618729096989966365e+00 4.090909090909090828e+00
7.665505226480835710e-02 6.968641114982578044e-02 3.405221339387060286e+00 3.858520900321543490e+00 5.750943396226414706e+00 4.157303370786516794e+00
9.180327868852458661e-02 4.262295081967212851e-02 3.387916431394692118e+00 3.807106598984771662e+00 5.566787003610108364e+00 3.945205479452054576e+00
9.931506849315067942e-02 4.452054794520547698e-02 3.434459072696050441e+00 3.750000000000000000e+00 5.680608365019011785e+00 4.301075268817204034e+00
8.437500000000000555e-02 3.749999999999999861e-02 3.331482509716824136e+00 3.660768761439902264e+00 5.467576791808873793e+00 4.149350649350649789e+00
1.282051282051281937e-01 5.769230769230769551e-02 3.411028993746446858e+00 3.742981908920773648e+00 5.580882352941176627e+00 4.102040816326530503e+00
9.375000000000000000e-02 4.166666666666666435e-02 3.488372093023255793e+00 3.836317135549871971e+00 5.517241379310345195e+00 4.086956521739130821e+00
8.385093167701863914e-02 4.037267080745341602e-02 3.298515667949422969e+00 3.627569528415961475e+00 5.552542372881355881e+00 4.233009708737863974e+00
7.272727272727272374e-02 2.545454545454545539e-02 3.482298316889147038e+00 3.851091142490372210e+00 5.670588235294117929e+00 4.164179104477612192e+00
1.020408163265306145e-01 3.741496598639455773e-02 3.500583430571762023e+00 3.828972559029993672e+00 5.409090909090909172e+00 4.007067137809187329e+00
8.680555555555555247e-02 5.208333333333333565e-02 3.440366972477064245e+00 3.865979381443299001e+00 5.657794676806084055e+00 4.043956043956043800e+00
1.157024793388429784e-01 5.371900826446281141e-02 3.735990037359900207e+00 3.934426229508196649e+00 5.663551401869159285e+00 4.585152838427947408e+00
9.059233449477352429e-02 4.529616724738676214e-02 3.452243958573072646e+00 3.821656050955414052e+00 5.655172413793103203e+00 4.160583941605839442e+00
6.796116504854368690e-02 4.530744336569579589e-02 3.287671232876712146e+00 3.735990037359900207e+00 5.729166666666666963e+00 4.108474576271186507e+00
9.602649006622517025e-02 4.635761589403973593e-02 3.428571428571428381e+00 3.722084367245657610e+00 5.494505494505494525e+00 4.250000000000000000e+00
8.860759493670886111e-02 4.113924050632911111e-02 3.303964757709251021e+00 3.694581280788177491e+00 5.666666666666666963e+00 4.118811881188118917e+00
8.910891089108910479e-02 5.280528052805280592e-02 3.365114974761637789e+00 3.785488958990536279e+00 5.673913043478260754e+00 4.076655052264808177e+00
7.023411371237457679e-02 5.685618729096989649e-02 3.399433427762039717e+00 3.828972559029993672e+00 5.503597122302158695e+00 4.021276595744680549e+00
1.199999999999999956e-01 5.000000000000000278e-02 3.452243958573072646e+00 3.729024238657551393e+00 5.590909090909090828e+00 4.273684210526315752e+00
1.132686084142394828e-01 4.207119741100323607e-02 3.416856492027334991e+00 3.735990037359900207e+00 5.518248175182481674e+00 4.094594594594594739e+00
9.937888198757763303e-02 5.279503105590062362e-02 3.298515667949422969e+00 3.694581280788177491e+00 5.648275862068965480e+00 4.091803278688524337e+00
9.398496240601503238e-02 4.135338345864661425e-02 3.594967046135410627e+00 3.919007184846505343e+00 5.551867219917012264e+00 4.164705882352941479e+00
1.118210862619808260e-01 5.111821086261980618e-02 3.399433427762039717e+00 3.694581280788177491e+00 5.503597122302158695e+00 4.202020202020202433e+00
8.754208754208754606e-02 4.040404040404040747e-02 3.399433427762039717e+00 3.814367450731086961e+00 5.645756457564576003e+00 4.021052631578947434e+00
9.187279151943462951e-02 7.420494699646643100e-02 3.458213256484149678e+00 3.965631196298744054e+00 5.719844357976653804e+00 3.916030534351145231e+00
9.969788519637462487e-02 4.531722054380664388e-02 3.271537622682660906e+00 3.715170278637770718e+00 5.597315436241610875e+00 3.892405063291139111e+00
7.894736842105262720e-02 5.555555555555555247e-02 3.193187865886109478e+00 3.660768761439902264e+00 5.580952380952380665e+00 3.956656346749225950e+00
9.180327868852458661e-02 2.950819672131147625e-02 3.446295232624928317e+00 3.729024238657551393e+00 5.350180505415162102e+00 4.114864864864864913e+00
8.309455587392550191e-02 3.438395415472779437e-02 3.188097768331562332e+00 3.614457831325301296e+00 5.512500000000000178e+00 3.916913946587536888e+00
7.100591715976331542e-02 6.213017751479289752e-02 3.198294243070362253e+00 3.654080389768574744e+00 5.579617834394904108e+00 4.050473186119873503e+00
9.716599190283400911e-02 4.048582995951417046e-02 3.660768761439902264e+00 3.989361702127659726e+00 5.730941704035874551e+00 4.253164556962024889e+00
1.060070671378091911e-01 7.067137809187279407e-02 3.544004725339633843e+00 3.911342894393742053e+00 5.478260869565217739e+00 4.060836501901140316e+00
8.088235294117647467e-02 6.985294117647058987e-02 3.494467093768200527e+00 3.911342894393742053e+00 5.735999999999999766e+00 4.221343873517786172e+00
8.064516129032257841e-02 4.838709677419354704e-02 3.342618384401114362e+00 3.660768761439902264e+00 5.578947368421052211e+00 4.332203389830508122e+00
8.185053380782918164e-02 5.693950177935942769e-02 3.458213256484149678e+00 3.880983182406209764e+00 5.697674418604651514e+00 4.120754716981132049e+00
1.000000000000000056e-01 5.454545454545454281e-02 3.276897870016384662e+00 3.735990037359900207e+00 5.595959595959596022e+00 3.884615384615384581e+00
9.859154929577464144e-02 5.070422535211267789e-02 3.193187865886109478e+00 3.562945368171021254e+00 5.493750000000000355e+00 4.059347181008901906e+00
8.996539792387543699e-02 4.152249134948096665e-02 3.434459072696050441e+00 3.836317135549871971e+00 5.680608365019011785e+00 4.072202166064982087e+00
7.638888888888889506e-02 4.166666666666666435e-02 3.440366972477064245e+00 3.858520900321543490e+00 5.593984962406015171e+00 4.021739130434782261e+00
1.450980392156862864e-01 6.666666666666666574e-02 3.674219228413961869e+00 4.021447721179624679e+00 5.807339449541284004e+00 4.134453781512605453e+00
7.063197026022305369e-02 2.973977695167286106e-02 3.550295857988165604e+00 3.888528839922229530e+00 5.519999999999999574e+00 4.160919540229884639e+00
5.992509363295880215e-02 4.868913857677902718e-02 3.500583430571762023e+00 3.926701570680628084e+00 5.689243027888446491e+00 4.157480314960629642e+00
6.040268456375839229e-02 5.704697986577181301e-02 3.405221339387060286e+00 3.742981908920773648e+00 5.442857142857143060e+00 4.291814946619217253e+00
5.925925925925926152e-02 3.703703703703703498e-02 3.488372093023255793e+00 3.888528839922229530e+00 5.669291338582676865e+00 4.176923076923077183e+00
9.210526315789473173e-02 4.605263157894736586e-02 3.399433427762039717e+00 3.821656050955414052e+00 5.543478260869565410e+00 3.931034482758620552e+00
6.885245901639344690e-02 4.590163934426229331e-02 3.271537622682660906e+00 3.814367450731086961e+00 5.873239436619718035e+00 3.938144329896907436e+00
9.333333333333333759e-02 6.333333333333333870e-02 3.416856492027334991e+00 3.888528839922229530e+00 5.558823529411764497e+00 3.864768683274021566e+00
9.152542372881355970e-02 6.779661016949152519e-02 3.458213256484149678e+00 3.821656050955414052e+00 5.485074626865671377e+00 4.145454545454545503e+00
9.646302250803857892e-02 4.823151125401928946e-02 3.348214285714285587e+00 3.799873337555415009e+00 5.637010676156583244e+00 3.912162162162162282e+00
1.203703703703703637e-01 6.790123456790123080e-02 3.320420586607637059e+00 3.757044458359423800e+00 5.663157894736841946e+00 3.953642384105960250e+00
8.503401360544217413e-02 5.442176870748299117e-02 3.446295232624928317e+00 3.836317135549871971e+00 5.509293680297397522e+00 4.057553956834532016e+00
7.118644067796610353e-02 6.101694915254237545e-02 3.376477208778840833e+00 3.836317135549871971e+00 5.671532846715328091e+00 4.072202166064982087e+00
9.446254071661237817e-02 5.211726384364821080e-02 3.370786516853932380e+00 3.828972559029993672e+00 5.611510791366906226e+00 3.896907216494845283e+00
8.510638297872340219e-02 6.079027355623100454e-02 3.271537622682660906e+00 3.694581280788177491e+00 5.541528239202658135e+00 4.038834951456310662e+00
9.316770186335403270e-02 4.658385093167701635e-02 3.309431880860452146e+00 3.722084367245657610e+00 5.568493150684931337e+00 3.986970684039087942e+00
1.013513513513513570e-01 5.067567567567567849e-02 3.452243958573072646e+00 3.858520900321543490e+00 5.548872180451128067e+00 3.950177935943060437e+00
6.535947712418301025e-02 4.575163398692810163e-02 3.309431880860452146e+00 3.778337531486146261e+00 5.685314685314684979e+00 4.027397260273972712e+00
8.169934640522875935e-02 5.228758169934640682e-02 3.376477208778840833e+00 3.771213073538655092e+00 5.530249110320284878e+00 4.075862068965517615e+00
6.796116504854368690e-02 3.236245954692556354e-02 3.353828954723309330e+00 3.680981595092024605e+00 5.479166666666666963e+00 4.214046822742474774e+00
6.645569620253163889e-02 3.797468354430379861e-02 3.298515667949422969e+00 3.614457831325301296e+00 5.552542372881355881e+00 4.342105263157894690e+00
9.687500000000000278e-02 4.374999999999999722e-02 3.314917127071823177e+00 3.701418877236273719e+00 5.605536332179930525e+00 4.058823529411764497e+00
1.014492753623188470e-01 5.434782608695652023e-02 3.519061583577712593e+00 3.888528839922229530e+00 5.685483870967741993e+00 4.160919540229884639e+00
7.641196013289036637e-02 5.315614617940199460e-02 3.370786516853932380e+00 3.843689942344650667e+00 5.611510791366906226e+00 3.936842105263157698e+00
7.499999999999999722e-02 5.714285714285714107e-02 3.476245654692931453e+00 3.858520900321543490e+00 5.606177606177606521e+00 4.204545454545454142e+00
7.761194029850745912e-02 3.582089552238806179e-02 3.229278794402583586e+00 3.634161114476075038e+00 5.553398058252427383e+00 4.030959752321981782e+00
9.863945578231292366e-02 3.741496598639455773e-02 3.428571428571428381e+00 3.888528839922229530e+00 5.660377358490565669e+00 3.837455830388692757e+00
8.540925266903914848e-02 4.982206405693950096e-02 3.428571428571428381e+00 3.851091142490372210e+00 5.836575875486381015e+00 4.179775280898876844e+00
6.896551724137930939e-02 5.172413793103448204e-02 3.422703936109526612e+00 3.828972559029993672e+00 5.577777777777777501e+00 4.123636363636363988e+00
9.329446064139941541e-02 4.373177842565597467e-02 3.287671232876712146e+00 3.660768761439902264e+00 5.305466237942122021e+00 3.896341463414634276e+00
5.594405594405594401e-02 3.846153846153846367e-02 3.405221339387060286e+00 3.836317135549871971e+00 5.644444444444444819e+00 4.101818181818181586e+00
1.239999999999999991e-01 4.399999999999999745e-02 3.680981595092024605e+00 3.957783641160949717e+00 5.753424657534246478e+00 4.317991631799163343e+00
6.521739130434782428e-02 4.658385093167701635e-02 3.271537622682660906e+00 3.594967046135410627e+00 5.541528239202658135e+00 4.358306188925081592e+00
9.090909090909091161e-02 5.642633228840125692e-02 3.331482509716824136e+00 3.640776699029126373e+00 5.524137931034482918e+00 4.305647840531561243e+00
5.925925925925926152e-02 2.962962962962963076e-02 3.512880562060889833e+00 3.880983182406209764e+00 5.574803149606299080e+00 4.167938931297709537e+00
8.904109589041095396e-02 4.109589041095890183e-02 3.399433427762039717e+00 3.836317135549871971e+00 5.751879699248120481e+00 4.028571428571428470e+00
8.666666666666666963e-02 7.000000000000000666e-02 3.365114974761637789e+00 3.799873337555415009e+00 5.715328467153284464e+00 4.150537634408602017e+00
8.135593220338982468e-02 5.762711864406779710e-02 3.411028993746446858e+00 3.771213073538655092e+00 5.601476014760147670e+00 4.251798561151079348e+00
8.888888888888889228e-02 4.444444444444444614e-02 3.320420586607637059e+00 3.722084367245657610e+00 5.623693379790941194e+00 4.066445182724252483e+00
7.317073170731706877e-02 4.878048780487805047e-02 3.411028993746446858e+00 3.926701570680628084e+00 5.706766917293233377e+00 3.868131868131868156e+00
1.250000000000000000e-01 3.030303030303030387e-02 3.634161114476075038e+00 3.843689942344650667e+00 5.636363636363636687e+00 4.382812500000000000e+00
1.021126760563380309e-01 5.633802816901408578e-02 3.452243958573072646e+00 3.828972559029993672e+00 5.788235294117646923e+00 4.231343283582089221e+00
1.167883211678832078e-01 6.569343065693430961e-02 3.544004725339633843e+00 3.873466752743705666e+00 5.727272727272727515e+00 4.289062500000000000e+00
8.843537414965986498e-02 5.782312925170068202e-02 3.428571428571428381e+00 3.764115432873274880e+00 5.597014925373134275e+00 4.288808664259927461e+00
9.342560553633218190e-02 5.882352941176470507e-02 3.464203233256351044e+00 3.865979381443299001e+00 5.587786259541984712e+00 4.058823529411764497e+00
8.598726114649681007e-02 3.184713375796178331e-02 3.337041156840934164e+00 3.729024238657551393e+00 5.560975609756097171e+00 4.006578947368421240e+00
1.208053691275167846e-01 5.704697986577181301e-02 3.446295232624928317e+00 3.687768899815611512e+00 5.656488549618321038e+00 4.462633451957294994e+00
1.250000000000000000e-01 3.846153846153846367e-02 3.422703936109526612e+00 3.735990037359900207e+00 5.516483516483516425e+00 4.040000000000000036e+00
1.142857142857142821e-01 4.126984126984126894e-02 3.353828954723309330e+00 3.715170278637770718e+00 5.655913978494623962e+00 4.072847682119205004e+00
9.926470588235293546e-02 6.985294117647058987e-02 3.537735849056603765e+00 3.926701570680628084e+00 5.681632653061224225e+00 4.173913043478260754e+00
1.118881118881118880e-01 4.545454545454545581e-02 3.500583430571762023e+00 3.858520900321543490e+00 5.622047244094487972e+00 4.065934065934065700e+00
8.206686930091185161e-02 3.647416413373859995e-02 3.255561584373304562e+00 3.607937462417317942e+00 5.582781456953642696e+00 4.182965299684542337e+00
9.090909090909091161e-02 3.636363636363636187e-02 3.266194882961349855e+00 3.640776699029126373e+00 5.580000000000000071e+00 4.075471698113207530e+00
1.155234657039711232e-01 9.025270758122744263e-02 3.550295857988165604e+00 3.911342894393742053e+00 5.632653061224489832e+00 4.238095238095238138e+00
6.462585034013605678e-02 3.061224489795918297e-02 3.405221339387060286e+00 3.785488958990536279e+00 5.541818181818181976e+00 4.105263157894737169e+00
1.044176706827309176e-01 4.417670682730923809e-02 3.674219228413961869e+00 3.957783641160949717e+00 5.677130044843049284e+00 4.336134453781512299e+00
7.718120805369127480e-02 6.375838926174497157e-02 3.353828954723309330e+00 3.771213073538655092e+00 5.738181818181818272e+00 4.236559139784946026e+00
8.450704225352112520e-02 4.929577464788732072e-02 3.482298316889147038e+00 3.888528839922229530e+00 5.561538461538461320e+00 4.022222222222222143e+00
1.006289308176100683e-01 4.088050314465408591e-02 3.303964757709251021e+00 3.667481662591686842e+00 5.706293706293706691e+00 4.170491803278688181e+00
9.489051094890510463e-02 5.109489051094890516e-02 3.525264394829612069e+00 3.814367450731086961e+00 5.661290322580645018e+00 4.407692307692308020e+00
6.164383561643835274e-02 5.136986301369862729e-02 3.387916431394692118e+00 3.814367450731086961e+00 5.627737226277372606e+00 4.137184115523465877e+00
8.580858085808580615e-02 2.970297029702970160e-02 3.370786516853932380e+00 3.722084367245657610e+00 5.631768953068592154e+00 4.163265306122449161e+00
6.642066420664206883e-02 5.904059040590405733e-02 3.506721215663354929e+00 3.880983182406209764e+00 5.620553359683794881e+00 4.282352941176470473e+00
7.665505226480835710e-02 6.620209059233449211e-02 3.405221339387060286e+00 3.807106598984771662e+00 5.750943396226414706e+00 4.298507462686567138e+00
9.489051094890510463e-02 6.569343065693430961e-02 3.537735849056603765e+00 3.873466752743705666e+00 5.612903225806451957e+00 4.289062500000000000e+00
9.030100334448160071e-02 4.013377926421404784e-02 3.464203233256351044e+00 3.814367450731086961e+00 5.382352941176471006e+00 3.993031358885017479e+00
6.748466257668711554e-02 4.907975460122699501e-02 3.260869565217391131e+00 3.667481662591686842e+00 5.526315789473684070e+00 4.103225806451613167e+00
1.218637992831541200e-01 5.017921146953405187e-02 3.544004725339633843e+00 3.880983182406209764e+00 5.657142857142857473e+00 4.120754716981132049e+00
1.107142857142857095e-01 6.428571428571427937e-02 3.512880562060889833e+00 3.911342894393742053e+00 5.686746987951806886e+00 4.076335877862595325e+00
9.144542772861356805e-02 2.359882005899704982e-02 3.193187865886109478e+00 3.594967046135410627e+00 5.707792207792207861e+00 4.042296072507553184e+00
1.250000000000000000e-01 2.777777777777777624e-02 3.550295857988165604e+00 3.836317135549871971e+00 5.476190476190476275e+00 4.028571428571428470e+00
1.213114754098360698e-01 3.606557377049180585e-02 3.411028993746446858e+00 3.674219228413961869e+00 5.664179104477612192e+00 4.306122448979591510e+00
9.395973154362416424e-02 5.704697986577181301e-02 3.428571428571428381e+00 3.836317135549871971e+00 5.555555555555555358e+00 4.014234875444840256e+00
7.540983606557377650e-02 4.918032786885245811e-02 3.348214285714285587e+00 3.757044458359423800e+00 5.617021276595744794e+00 4.117241379310344840e+00
1.206896551724137984e-01 5.517241379310344751e-02 3.482298316889147038e+00 3.785488958990536279e+00 5.670588235294117929e+00 4.270072992700729486e+00
6.501547987616099200e-02 3.715170278637770773e-02 3.244997295835586826e+00 3.687768899815611512e+00 5.622516556291390799e+00 4.032154340836012985e+00
6.624605678233438932e-02 6.940063091482649715e-02 3.287671232876712146e+00 3.807106598984771662e+00 5.574324324324324564e+00 3.905084745762712028e+00
9.666666666666666463e-02 5.666666666666666380e-02 3.393665158371040658e+00 3.792667509481668642e+00 5.667896678966789281e+00 4.113074204946996382e+00
9.655172413793103314e-02 2.413793103448275829e-02 3.470213996529786016e+00 3.799873337555415009e+00 5.564885496183205937e+00 4.091872791519434394e+00
6.918238993710691676e-02 5.031446540880503415e-02 3.276897870016384662e+00 3.715170278637770718e+00 5.614864864864864913e+00 4.072847682119205004e+00
1.155234657039711232e-01 4.693140794223826795e-02 3.569303985722783956e+00 3.865979381443299001e+00 5.559183673469387799e+00 4.181818181818181657e+00
8.176100628930817182e-02 4.088050314465408591e-02 3.287671232876712146e+00 3.729024238657551393e+00 5.650684931506849473e+00 3.993442622950819754e+00
8.823529411764706454e-02 4.248366013071895597e-02 3.331482509716824136e+00 3.729024238657551393e+00 5.741935483870967971e+00 4.156996587030716839e+00
8.766233766233766378e-02 3.246753246753246447e-02 3.370786516853932380e+00 3.687768899815611512e+00 5.551601423487544373e+00 4.208053691275167374e+00
8.974358974358974395e-02 4.487179487179487197e-02 3.314917127071823177e+00 3.735990037359900207e+00 5.704225352112676006e+00 4.067114093959731669e+00
8.791208791208791895e-02 3.296703296703296787e-02 3.512880562060889833e+00 3.873466752743705666e+00 5.686746987951806886e+00 4.159090909090909172e+00
7.744107744107743552e-02 2.020202020202020374e-02 3.422703936109526612e+00 3.701418877236273719e+00 5.496350364963503488e+00 4.268041237113401998e+00
7.801418439716312214e-02 5.319148936170212810e-02 3.512880562060889833e+00 3.799873337555415009e+00 5.446153846153846345e+00 4.337078651685393638e+00
6.521739130434782428e-02 2.898550724637681195e-02 3.464203233256351044e+00 3.858520900321543490e+00 5.674418604651163101e+00 4.141791044776119257e+00
1.166666666666666685e-01 5.333333333333333676e-02 3.470213996529786016e+00 3.828972559029993672e+00 5.501886792452830299e+00 3.992957746478873027e+00
8.253968253968253788e-02 5.079365079365079361e-02 3.325942350332594444e+00 3.715170278637770718e+00 5.564013840830449809e+00 4.113712374581940168e+00
8.469055374592833474e-02 5.863192182410423281e-02 3.405221339387060286e+00 3.785488958990536279e+00 5.423487544483985623e+00 4.048442906574394762e+00
6.875000000000000555e-02 5.937499999999999722e-02 3.298515667949422969e+00 3.729024238657551393e+00 5.496644295302013816e+00 4.046511627906976827e+00
7.782101167315175205e-02 2.334630350194552562e-02 3.614457831325301296e+00 3.989361702127659726e+00 5.569620253164557333e+00 4.015936254980079667e+00
7.185628742514969802e-02 5.089820359281437001e-02 3.213711837171933539e+00 3.687768899815611512e+00 5.593548387096774377e+00 3.955835962145110241e+00
9.440559440559440074e-02 4.895104895104895187e-02 3.488372093023255793e+00 3.880983182406209764e+00 5.559845559845560281e+00 4.014705882352941124e+00
9.342560553633218190e-02 4.844290657439446340e-02 3.500583430571762023e+00 3.785488958990536279e+00 5.450381679389312950e+00 4.254545454545454852e+00
7.964601769911504314e-02 5.309734513274336209e-02 3.224073078989790453e+00 3.634161114476075038e+00 5.519230769230769162e+00 4.056074766355139971e+00
6.727828746177369479e-02 3.058103975535168134e-02 3.218884120171674024e+00 3.667481662591686842e+00 5.665573770491802996e+00 4.012618296529968376e+00
8.681672025723473352e-02 5.466237942122186694e-02 3.365114974761637789e+00 3.694581280788177491e+00 5.514084507042253946e+00 4.244897959183673741e+00
9.764309764309764272e-02 6.734006734006733885e-02 3.428571428571428381e+00 3.843689942344650667e+00 5.597014925373134275e+00 4.050541516245487195e+00
7.590759075907591025e-02 6.600660066006600046e-02 3.387916431394692118e+00 3.814367450731086961e+00 5.507142857142857117e+00 4.049469964664311306e+00
9.508196721311475141e-02 6.885245901639344690e-02 3.370786516853932380e+00 3.792667509481668642e+00 5.652173913043478493e+00 4.098591549295774961e+00
8.387096774193548987e-02 4.193548387096774493e-02 3.309431880860452146e+00 3.701418877236273719e+00 5.725352112676056038e+00 4.181818181818181657e+00
9.027777777777777624e-02 5.555555555555555247e-02 3.452243958573072646e+00 3.843689942344650667e+00 5.633587786259542263e+00 4.125000000000000000e+00
1.000000000000000056e-01 6.538461538461538824e-02 3.601440576230492407e+00 3.981420039814200340e+00 5.692307692307692513e+00 4.172839506172839386e+00
7.055214723926379883e-02 4.294478527607362150e-02 3.266194882961349855e+00 3.647416413373860244e+00 5.524752475247524330e+00 4.134615384615385025e+00
9.810126582278480556e-02 2.215189873417721528e-02 3.342618384401114362e+00 3.660768761439902264e+00 5.578947368421052211e+00 4.135922330097087318e+00
1.033333333333333326e-01 3.666666666666666685e-02 3.422703936109526612e+00 3.742981908920773648e+00 5.598513011152416396e+00 4.173010380622837801e+00
9.090909090909091161e-02 6.060606060606060774e-02 3.255561584373304562e+00 3.708281829419036058e+00 5.620000000000000107e+00 3.987096774193548576e+00
8.474576271186440302e-02 5.423728813559321876e-02 3.411028993746446858e+00 3.865979381443299001e+00 5.622222222222221788e+00 3.956989247311827995e+00
5.980066445182724566e-02 4.983388704318936907e-02 3.320420586607637059e+00 3.807106598984771662e+00 5.703180212014133943e+00 4.027972027972028357e+00
8.424908424908425508e-02 2.564102564102564014e-02 3.525264394829612069e+00 3.836317135549871971e+00 5.615999999999999659e+00 4.240601503759398483e+00
7.301587301587302015e-02 3.174603174603174427e-02 3.298515667949422969e+00 3.771213073538655092e+00 5.609589041095890849e+00 3.875409836065573987e+00
6.666666666666666574e-02 5.999999999999999778e-02 3.393665158371040658e+00 3.836317135549871971e+00 5.485714285714285765e+00 4.000000000000000000e+00
9.790209790209790375e-02 4.895104895104895187e-02 3.470213996529786016e+00 3.821656050955414052e+00 5.651162790697674687e+00 4.191176470588235503e+00
1.233333333333333365e-01 3.333333333333333287e-02 3.446295232624928317e+00 3.778337531486146261e+00 5.634980988593156326e+00 4.055172413793103559e+00
9.121621621621621434e-02 3.378378378378378566e-02 3.376477208778840833e+00 3.757044458359423800e+00 5.776951672862453258e+00 4.174825174825175012e+00
9.815950920245399003e-02 5.828220858895705181e-02 3.276897870016384662e+00 3.735990037359900207e+00 5.653061224489795755e+00 3.947882736156351768e+00
9.540636042402826644e-02 3.533568904593639703e-02 3.569303985722783956e+00 3.836317135549871971e+00 5.320312500000000000e+00 4.131868131868132288e+00
6.250000000000000000e-02 4.166666666666666435e-02 3.422703936109526612e+00 3.814367450731086961e+00 5.577777777777777501e+00 4.152173913043478493e+00
9.171597633136094330e-02 4.142011834319526964e-02 3.234501347708894858e+00 3.654080389768574744e+00 5.570032573289902089e+00 3.962962962962962798e+00
8.823529411764706454e-02 5.882352941176470507e-02 3.353828954723309330e+00 3.764115432873274880e+00 5.655913978494623962e+00 4.125000000000000000e+00
9.666666666666666463e-02 2.999999999999999889e-02 3.405221339387060286e+00 3.757044458359423800e+00 5.623616236162361837e+00 4.103092783505154273e+00
5.769230769230769551e-02 5.448717948717948789e-02 3.287671232876712146e+00 3.764115432873274880e+00 5.612244897959183909e+00 4.027118644067796183e+00
9.230769230769231282e-02 4.923076923076923073e-02 3.348214285714285587e+00 3.764115432873274880e+00 5.369491525423728540e+00 3.844660194174757351e+00
5.899705014749262455e-02 2.949852507374631227e-02 3.167898627243928011e+00 3.562945368171021254e+00 5.605015673981191604e+00 4.158054711246200519e+00
6.545454545454545969e-02 6.909090909090909172e-02 3.452243958573072646e+00 3.926701570680628084e+00 5.743190661478599246e+00 4.125000000000000000e+00
1.107382550335570537e-01 5.033557046979865446e-02 3.452243958573072646e+00 3.821656050955414052e+00 5.569811320754716633e+00 4.028268551236749317e+00
1.081081081081081141e-01 5.067567567567567849e-02 3.452243958573072646e+00 3.865979381443299001e+00 5.590909090909090828e+00 3.928825622775800497e+00
1.141868512110726652e-01 2.768166089965398008e-02 3.476245654692931453e+00 3.757044458359423800e+00 5.671875000000000000e+00 4.249110320284697373e+00
8.940397350993377346e-02 2.317880794701986796e-02 3.337041156840934164e+00 3.729024238657551393e+00 5.803636363636363704e+00 4.128813559322034088e+00
8.609271523178807506e-02 5.298013245033112578e-02 3.348214285714285587e+00 3.792667509481668642e+00 5.739130434782608425e+00 4.069930069930070005e+00
1.060606060606060635e-01 3.787878787878787984e-02 3.594967046135410627e+00 3.843689942344650667e+00 5.669491525423729250e+00 4.417322834645669438e+00
9.375000000000000000e-02 5.902777777777777624e-02 3.476245654692931453e+00 3.843689942344650667e+00 5.563218390804597568e+00 4.140221402214022461e+00
8.536585365853659180e-02 3.658536585365853439e-02 3.255561584373304562e+00 3.569303985722783956e+00 5.620000000000000107e+00 4.310126582278480889e+00
9.893992932862190337e-02 8.127208480565370485e-02 3.519061583577712593e+00 3.880983182406209764e+00 5.529411764705882248e+00 4.200000000000000178e+00
1.220338983050847509e-01 4.406779661016949068e-02 3.428571428571428381e+00 3.814367450731086961e+00 5.791505791505791478e+00 4.063829787234042534e+00
9.278350515463917869e-02 3.092783505154639290e-02 3.440366972477064245e+00 3.778337531486146261e+00 5.636363636363636687e+00 4.170212765957447054e+00
7.849829351535836386e-02 4.436860068259385753e-02 3.416856492027334991e+00 3.836317135549871971e+00 5.599999999999999645e+00 4.028571428571428470e+00
9.337349397590360978e-02 4.518072289156626481e-02 3.287671232876712146e+00 3.722084367245657610e+00 5.481727574750830279e+00 3.861198738170346978e+00
8.865248226950354915e-02 7.092198581560284210e-02 3.440366972477064245e+00 3.896103896103896069e+00 5.789883268482490131e+00 4.122137404580152875e+00
1.258064516129032140e-01 6.129032258064515820e-02 3.382187147688838991e+00 3.715170278637770718e+00 5.712177121771217614e+00 4.226804123711340289e+00
6.688963210702340845e-02 4.347826086956521618e-02 3.393665158371040658e+00 3.807106598984771662e+00 5.505376344086021945e+00 4.027972027972028357e+00
7.661290322580645296e-02 7.661290322580645296e-02 3.667481662591686842e+00 4.005340453938584844e+00 5.554585152838427575e+00 4.349344978165938791e+00
6.129032258064515820e-02 2.903225806451613031e-02 3.314917127071823177e+00 3.735990037359900207e+00 5.567010309278350277e+00 4.026578073089701171e+00
5.882352941176470507e-02 8.823529411764706454e-02 3.359462486002239512e+00 3.799873337555415009e+00 5.458333333333333037e+00 4.150537634408602017e+00
1.100628930817610096e-01 4.088050314465408591e-02 3.331482509716824136e+00 3.715170278637770718e+00 5.660777385159010855e+00 4.032786885245901232e+00
9.602649006622517025e-02 3.973509933774834607e-02 3.405221339387060286e+00 3.715170278637770718e+00 5.582417582417582125e+00 4.241379310344827402e+00
1.056105610561056118e-01 4.620462046204620171e-02 3.428571428571428381e+00 3.757044458359423800e+00 5.535055350553505171e+00 4.131487889273356195e+00
7.894736842105262720e-02 5.263157894736841813e-02 3.365114974761637789e+00 3.807106598984771662e+00 5.592857142857142527e+00 4.000000000000000000e+00
9.969788519637462487e-02 3.021148036253776606e-02 3.287671232876712146e+00 3.647416413373860244e+00 5.536912751677852462e+00 4.018691588785046953e+00
1.103448275862068950e-01 5.172413793103448204e-02 3.440366972477064245e+00 3.807106598984771662e+00 5.767441860465115866e+00 4.189090909090909420e+00
9.538461538461538713e-02 5.846153846153846062e-02 3.293084522502744083e+00 3.807106598984771662e+00 5.591836734693877986e+00 3.764705882352941124e+00
9.160305343511450371e-02 8.015267175572518554e-02 3.575685339690107156e+00 4.037685060565276096e+00 5.697478991596638842e+00 4.033195020746887849e+00
9.815950920245399003e-02 3.987730061349693128e-02 3.293084522502744083e+00 3.694581280788177491e+00 5.591836734693877986e+00 3.987220447284344882e+00
8.024691358024690913e-02 4.320987654320987414e-02 3.287671232876712146e+00 3.660768761439902264e+00 5.536912751677852462e+00 4.122580645161290747e+00
1.038961038961039030e-01 4.220779220779220797e-02 3.382187147688838991e+00 3.701418877236273719e+00 5.608695652173913082e+00 4.210169491525423524e+00
6.230529595015576322e-02 5.295950155763239769e-02 3.260869565217391131e+00 3.680981595092024605e+00 5.581395348837209447e+00 4.144736842105262831e+00
8.510638297872340219e-02 4.609929078014184112e-02 3.506721215663354929e+00 3.814367450731086961e+00 5.511627906976744207e+00 4.260223048327137718e+00
1.297468354430379722e-01 6.012658227848101389e-02 3.353828954723309330e+00 3.687768899815611512e+00 5.738181818181818272e+00 4.222222222222222321e+00
