8.163265306122448328e-02 3.061224489795918297e-02 3.411028993746446858e+00 4.216444132115249488e+00 5.622222222222221788e+00 2.968421052631578849e+00
8.517350157728706406e-02 1.261829652996845387e-02 3.331482509716824136e+00 4.120879120879120450e+00 5.524137931034482918e+00 2.913738019169329174e+00
8.680555555555555247e-02 2.777777777777777624e-02 3.464203233256351044e+00 4.198740377886633901e+00 5.566539923954372249e+00 3.064285714285714501e+00
1.103896103896103847e-01 2.922077922077922010e-02 3.376477208778840833e+00 4.155124653739612484e+00 5.671532846715328091e+00 2.969899665551839263e+00
8.273381294964028687e-02 1.438848920863309427e-02 3.500583430571762023e+00 4.207573632538569086e+00 5.599999999999999645e+00 3.109489051094890488e+00
5.474452554744525801e-02 2.189781021897810320e-02 3.452243958573072646e+00 4.163775156141568345e+00 5.698841698841698999e+00 3.291044776119402826e+00
1.007194244604316530e-01 7.194244604316547137e-03 3.537735849056603765e+00 4.189944134078212201e+00 5.567999999999999616e+00 3.130434782608695787e+00
1.048689138576779090e-01 2.247191011235954994e-02 3.569303985722783956e+00 4.373177842565597828e+00 5.698744769874476646e+00 2.850574712643678232e+00
8.805031446540879936e-02 0.000000000000000000e+00 3.309431880860452146e+00 4.045853000674308753e+00 5.606896551724138256e+00 3.037735849056603765e+00
1.052631578947368363e-01 1.644736842105263067e-02 3.434459072696050441e+00 4.155124653739612484e+00 5.492647058823528994e+00 2.969899665551839263e+00
1.304347826086956486e-01 3.344481605351170509e-03 3.452243958573072646e+00 4.189944134078212201e+00 5.676923076923077183e+00 2.899328859060402497e+00
1.126279863481228632e-01 1.023890784982935120e-02 3.452243958573072646e+00 4.095563139931740260e+00 5.676923076923077183e+00 3.206896551724137900e+00
6.746031746031745657e-02 7.936507936507936067e-03 3.588516746411483105e+00 4.288777698355968226e+00 5.719148936170213027e+00 3.192000000000000171e+00
7.741935483870968082e-02 1.612903225806451568e-02 3.298515667949422969e+00 4.120879120879120450e+00 5.727272727272727515e+00 2.990163934426229631e+00
8.591065292096219941e-02 1.374570446735395163e-02 3.416856492027334991e+00 4.234297812279463891e+00 5.684210526315789380e+00 2.905923344947735298e+00
9.342560553633218190e-02 2.076124567474048332e-02 3.464203233256351044e+00 4.243281471004243244e+00 5.587786259541984712e+00 2.925795053003533486e+00
7.267441860465116699e-02 1.453488372093023236e-02 3.188097768331562332e+00 4.062288422477996264e+00 5.529780564263322873e+00 2.814159292035398163e+00
9.183673469387755584e-02 2.380952380952380820e-02 3.434459072696050441e+00 4.181184668989547326e+00 5.595505617977527990e+00 3.031358885017421567e+00
5.102040816326530726e-02 1.020408163265306041e-02 3.382187147688838991e+00 4.172461752433935800e+00 5.548387096774193949e+00 3.010309278350515427e+00
8.463949843260187844e-02 9.404388714733542820e-03 3.309431880860452146e+00 4.087193460490463615e+00 5.568493150684931337e+00 2.962025316455696000e+00
6.006006006006005954e-02 9.009009009009008931e-03 3.198294243070362253e+00 4.021447721179624679e+00 5.597444089456868888e+00 2.981818181818181923e+00
7.954545454545454419e-02 1.136363636363636395e-02 3.162888771744860161e+00 3.981420039814200340e+00 5.537037037037037202e+00 2.913793103448275801e+00
1.085271317829457349e-01 2.325581395348837177e-02 3.621001810500905194e+00 4.354136429608127301e+00 5.713043478260869890e+00 3.000000000000000000e+00
7.739938080495356587e-02 9.287925696594426933e-03 3.244997295835586826e+00 4.005340453938584844e+00 5.697986577181207934e+00 3.112499999999999822e+00
1.194444444444444503e-01 2.500000000000000139e-02 3.239740820734341220e+00 3.965631196298744054e+00 5.375394321766561845e+00 2.923076923076922906e+00
1.071428571428571369e-01 7.142857142857142634e-03 3.488372093023255793e+00 4.243281471004243244e+00 5.759999999999999787e+00 2.978417266187050494e+00
8.074534161490683204e-02 2.795031055900621189e-02 3.314917127071823177e+00 4.045853000674308753e+00 5.472972972972972805e+00 3.086261980830670826e+00
9.030100334448160071e-02 3.010033444816053588e-02 3.422703936109526612e+00 4.172461752433935800e+00 5.536764705882353255e+00 3.020689655172413612e+00
6.077348066298342288e-02 2.209944751381215378e-02 3.099173553719008378e+00 3.903708523096942162e+00 5.505882352941176450e+00 3.033898305084745672e+00
8.333333333333332871e-02 2.564102564102564014e-02 3.331482509716824136e+00 4.146510020732550039e+00 5.601398601398601684e+00 2.940789473684210620e+00
7.903780068728522012e-02 1.374570446735395163e-02 3.416856492027334991e+00 4.198740377886633901e+00 5.641791044776119257e+00 2.989547038327525996e+00
6.885245901639344690e-02 9.836065573770492662e-03 3.348214285714285587e+00 4.146510020732550039e+00 5.577464788732394041e+00 2.960264900662251453e+00
1.146953405017921146e-01 2.867383512544802865e-02 3.519061583577712593e+00 4.207573632538569086e+00 5.708502024291497889e+00 3.143911439114391193e+00
7.324840764331209952e-02 3.184713375796178331e-02 3.298515667949422969e+00 4.155124653739612484e+00 5.628865979381443729e+00 2.921052631578947345e+00
1.060606060606060635e-01 2.651515151515151589e-02 3.621001810500905194e+00 4.382761139517896254e+00 5.567796610169491345e+00 2.871595330739299623e+00
1.288888888888888862e-01 2.222222222222222307e-02 3.851091142490372210e+00 4.491017964071856383e+00 5.693877551020408490e+00 3.054545454545454675e+00
7.812500000000000000e-02 2.812500000000000069e-02 3.276897870016384662e+00 4.112405757368060577e+00 5.633898305084746205e+00 2.951768488745980523e+00
8.552631578947368640e-02 1.644736842105263067e-02 3.387916431394692118e+00 4.163775156141568345e+00 5.546762589928057707e+00 2.949832775919732253e+00
1.072664359861591754e-01 2.422145328719723170e-02 3.434459072696050441e+00 4.189944134078212201e+00 5.790697674418604279e+00 3.063829787234042534e+00
1.022364217252396124e-01 2.555910543130990309e-02 3.342618384401114362e+00 4.095563139931740260e+00 5.658362989323843628e+00 3.049180327868852292e+00
9.375000000000000000e-02 1.388888888888888812e-02 3.446295232624928317e+00 4.216444132115249488e+00 5.678160919540229834e+00 2.978873239436619524e+00
8.797653958944282038e-02 1.759530791788856477e-02 3.213711837171933539e+00 4.062288422477996264e+00 5.575562700964630025e+00 2.847761194029850618e+00
8.764940239043825243e-02 1.992031872509960125e-02 3.627569528415961475e+00 4.411764705882353255e+00 5.711790393013100875e+00 2.926829268292682862e+00
1.032028469750889688e-01 1.423487544483985692e-02 3.494467093768200527e+00 4.198740377886633901e+00 5.690476190476190688e+00 3.097472924187725685e+00
8.333333333333332871e-02 1.666666666666666644e-02 3.393665158371040658e+00 4.198740377886633901e+00 5.585454545454545894e+00 2.908474576271186329e+00
1.174377224199288222e-01 2.491103202846975048e-02 3.531489111241906897e+00 4.216444132115249488e+00 5.637096774193548043e+00 3.087591240875912302e+00
7.142857142857142461e-02 2.631578947368420907e-02 3.488372093023255793e+00 4.297994269340974505e+00 5.829959514170040435e+00 3.057915057915058021e+00
5.755395683453237710e-02 3.597122302158273222e-02 3.434459072696050441e+00 4.189944134078212201e+00 5.702290076335877700e+00 3.223880597014925353e+00
9.970674486803518533e-02 3.225806451612903136e-02 3.234501347708894858e+00 4.054054054054054390e+00 5.570032573289902089e+00 2.909090909090909172e+00
8.383233532934131205e-02 2.694610778443113849e-02 3.229278794402583586e+00 4.070556309362279634e+00 5.607843137254901578e+00 2.916923076923076952e+00
6.962025316455695834e-02 2.848101265822784722e-02 3.298515667949422969e+00 4.112405757368060577e+00 5.571428571428571175e+00 2.990228013029315957e+00
9.485094850948509737e-02 2.710027100271002708e-03 3.133159268929504027e+00 3.911342894393742053e+00 5.479041916167664894e+00 2.902173913043478048e+00
1.144781144781144844e-01 3.703703703703703498e-02 3.446295232624928317e+00 4.163775156141568345e+00 5.634980988593156326e+00 3.083916083916083739e+00
8.389261744966443335e-02 3.355704697986577195e-02 3.382187147688838991e+00 4.146510020732550039e+00 5.670329670329670613e+00 3.104166666666666519e+00
9.090909090909091161e-02 3.571428571428571230e-02 3.337041156840934164e+00 4.163775156141568345e+00 5.700000000000000178e+00 2.969696969696969724e+00
7.191780821917807820e-02 3.767123287671232668e-02 3.399433427762039717e+00 4.316546762589927866e+00 5.645756457564576003e+00 2.775800711743772187e+00
1.166180758017492658e-01 1.749271137026239126e-02 3.218884120171674024e+00 4.037685060565276096e+00 5.702970297029702706e+00 2.884272997032641062e+00
1.135646687697160900e-01 3.154574132492113381e-02 3.365114974761637789e+00 4.120879120879120450e+00 5.572953736654803869e+00 2.970684039087947870e+00
4.651162790697674354e-02 2.657807308970099730e-02 3.298515667949422969e+00 4.225352112676056038e+00 5.707317073170731447e+00 2.866894197952218448e+00
7.352941176470588480e-02 1.838235294117647120e-02 3.531489111241906897e+00 4.243281471004243244e+00 5.547619047619047450e+00 3.101123595505618002e+00
6.493506493506492894e-02 3.571428571428571230e-02 3.298515667949422969e+00 4.129387474191328344e+00 5.687500000000000000e+00 3.050505050505050608e+00
7.164179104477612359e-02 2.985074626865671585e-02 3.266194882961349855e+00 4.021447721179624679e+00 5.382636655948553006e+00 3.027692307692307683e+00
9.398496240601503238e-02 3.383458646616541166e-02 3.556609365737996242e+00 4.344677769732077977e+00 5.701244813278008472e+00 2.964980544747081836e+00
7.514450867052023531e-02 1.156069364161849654e-02 3.177966101694915224e+00 3.981420039814200340e+00 5.549999999999999822e+00 2.964912280701754277e+00
9.150326797385620325e-02 1.633986928104575256e-02 3.348214285714285587e+00 4.120879120879120450e+00 5.697841726618705138e+00 3.029900332225913484e+00
9.025270758122744263e-02 3.249097472924187407e-02 3.531489111241906897e+00 4.344677769732077977e+00 5.547619047619047450e+00 2.843283582089552119e+00
9.748427672955975454e-02 1.257861635220125854e-02 3.342618384401114362e+00 4.037685060565276096e+00 5.540069686411150052e+00 3.095541401273885551e+00
9.887005649717514610e-02 3.389830508474576259e-02 3.177966101694915224e+00 4.070556309362279634e+00 5.567398119122256794e+00 2.771929824561403688e+00
1.022364217252396124e-01 1.277955271565495154e-02 3.337041156840934164e+00 4.137931034482758896e+00 5.679715302491103124e+00 2.912621359223301010e+00
1.037037037037037007e-01 2.222222222222222307e-02 3.575685339690107156e+00 4.316546762589927866e+00 5.603305785123967375e+00 2.954545454545454586e+00
7.780979827089337664e-02 2.881844380403458025e-03 3.172924378635642473e+00 3.973509933774834302e+00 5.568749999999999645e+00 2.947976878612716956e+00
9.554140127388535686e-02 2.866242038216560567e-02 3.337041156840934164e+00 4.037685060565276096e+00 5.619718309859154992e+00 3.186885245901639241e+00
8.469055374592833474e-02 3.257328990228013088e-02 3.382187147688838991e+00 4.155124653739612484e+00 5.508896797153024494e+00 2.989898989898990056e+00
1.268115942028985588e-01 1.449275362318840597e-02 3.569303985722783956e+00 4.243281471004243244e+00 5.651452282157676699e+00 3.044117647058823373e+00
1.161048689138576839e-01 2.621722846441947724e-02 3.614457831325301296e+00 4.288777698355968226e+00 5.593220338983051043e+00 3.069230769230769429e+00
9.609609609609609526e-02 1.801801801801801786e-02 3.244997295835586826e+00 4.037685060565276096e+00 5.641196013289036415e+00 2.972477064220183429e+00
1.040268456375838951e-01 2.348993288590604106e-02 3.428571428571428381e+00 4.155124653739612484e+00 5.617977528089888040e+00 3.051546391752577136e+00
6.617647058823529493e-02 1.838235294117647120e-02 3.482298316889147038e+00 4.252303330970942596e+00 5.692913385826771311e+00 3.078651685393258397e+00
8.620689655172414367e-02 1.724137931034482735e-02 3.458213256484149678e+00 4.155124653739612484e+00 5.547169811320754818e+00 3.115789473684210442e+00
9.293680297397768908e-02 4.832713754646840443e-02 3.575685339690107156e+00 4.234297812279463891e+00 5.557377049180328044e+00 3.257812500000000000e+00
8.125000000000000278e-02 1.250000000000000069e-02 3.293084522502744083e+00 4.078857919782461039e+00 5.591836734693877986e+00 2.981012658227848000e+00
8.695652173913043237e-02 1.185770750988142212e-02 3.634161114476075038e+00 4.261363636363636687e+00 5.636363636363636687e+00 3.263999999999999790e+00
7.575757575757575968e-02 2.651515151515151589e-02 3.550295857988165604e+00 4.297994269340974505e+00 5.655737704918032627e+00 3.081712062256809492e+00
6.081081081081081419e-02 1.689189189189189283e-02 3.359462486002239512e+00 4.172461752433935800e+00 5.654676258992806126e+00 3.010309278350515427e+00
8.802816901408450079e-02 3.169014084507042195e-02 3.482298316889147038e+00 4.252303330970942596e+00 5.583011583011582957e+00 2.989090909090909243e+00
8.637873754152823602e-02 2.325581395348837177e-02 3.405221339387060286e+00 4.087193460490463615e+00 5.541818181818181976e+00 3.183673469387755084e+00
1.322033898305084720e-01 3.050847457627118772e-02 3.488372093023255793e+00 4.146510020732550039e+00 5.625000000000000000e+00 3.125874125874125831e+00
1.087613293051359481e-01 3.021148036253776606e-02 3.266194882961349855e+00 4.146510020732550039e+00 5.674576271186440479e+00 2.785046728971962704e+00
7.324840764331209952e-02 2.547770700636942803e-02 3.293084522502744083e+00 4.112405757368060577e+00 5.649484536082474584e+00 3.000000000000000000e+00
1.000000000000000056e-01 1.724137931034482735e-02 3.464203233256351044e+00 4.216444132115249488e+00 5.609195402298850830e+00 2.968421052631578849e+00
9.747292418772562916e-02 2.888086642599278081e-02 3.544004725339633843e+00 4.307250538406317553e+00 5.543999999999999595e+00 2.921933085501858596e+00
8.301886792452829733e-02 2.641509433962264258e-02 3.569303985722783956e+00 4.344677769732077977e+00 5.604938271604938294e+00 2.953488372093023173e+00
8.333333333333332871e-02 2.564102564102564014e-02 3.325942350332594444e+00 4.095563139931740260e+00 5.622377622377622508e+00 3.059210526315789380e+00
7.450980392156862642e-02 1.568627450980392135e-02 3.594967046135410627e+00 4.335260115606936360e+00 5.669491525423729250e+00 3.059760956175298752e+00
1.065830721003134807e-01 1.880877742946708564e-02 3.314917127071823177e+00 4.045853000674308753e+00 5.684210526315789380e+00 3.086261980830670826e+00
7.119741100323624672e-02 6.472491909385113575e-03 3.337041156840934164e+00 4.103967168262653509e+00 5.560975609756097171e+00 3.009771986970684043e+00
8.605341246290801327e-02 2.373887240356083173e-02 3.239740820734341220e+00 4.054054054054054390e+00 5.532467532467532756e+00 2.917933130699088107e+00
1.021021021021021047e-01 1.501501501501501488e-02 3.260869565217391131e+00 4.045853000674308753e+00 5.618729096989966365e+00 2.945121951219512368e+00
7.236842105263158187e-02 6.578947368421052266e-03 3.348214285714285587e+00 4.146510020732550039e+00 5.617021276595744794e+00 2.960264900662251453e+00
9.455587392550143799e-02 2.292263610315186176e-02 3.208556149732620266e+00 4.112405757368060577e+00 5.506329113924050667e+00 2.692082111436949976e+00
9.811320754716981729e-02 1.886792452830188607e-02 3.607937462417317942e+00 4.270462633451956869e+00 5.548117154811715857e+00 3.115384615384615419e+00
9.122807017543860253e-02 7.017543859649122938e-03 3.494467093768200527e+00 4.225352112676056038e+00 5.536679536679536717e+00 2.968197879858657462e+00
1.130434782608695649e-01 8.695652173913043584e-03 3.821656050955414052e+00 4.344677769732077977e+00 5.588235294117646745e+00 3.342105263157894690e+00
8.360128617363343784e-02 2.893890675241157437e-02 3.331482509716824136e+00 4.103967168262653509e+00 5.621052631578947079e+00 3.059602649006622599e+00
5.980066445182724566e-02 1.993355481727574624e-02 3.342618384401114362e+00 4.172461752433935800e+00 5.618374558303886879e+00 2.969491525423728628e+00
8.682634730538922596e-02 1.796407185628742451e-02 3.224073078989790453e+00 4.095563139931740260e+00 5.645901639344262257e+00 2.835365853658536661e+00
8.852459016393442182e-02 3.606557377049180585e-02 3.337041156840934164e+00 4.146510020732550039e+00 5.741007194244604150e+00 3.040816326530612290e+00
7.843137254901960675e-02 9.803921568627450844e-03 3.365114974761637789e+00 4.112405757368060577e+00 5.553191489361702260e+00 3.029702970297029729e+00
1.016949152542372947e-01 2.033898305084745617e-02 3.500583430571762023e+00 4.225352112676056038e+00 5.388679245283018560e+00 2.906574394463667943e+00
1.204013377926421435e-01 1.337792642140468204e-02 3.440366972477064245e+00 4.198740377886633901e+00 5.657794676806084055e+00 2.908474576271186329e+00
9.968847352024921837e-02 2.180685358255451609e-02 3.287671232876712146e+00 4.103967168262653509e+00 5.709342560553633206e+00 2.942675159235668580e+00
9.771986970684039264e-02 2.931596091205211640e-02 3.370786516853932380e+00 4.103967168262653509e+00 5.631768953068592154e+00 3.100671140939597503e+00
5.431309904153354406e-02 9.584664536741213658e-03 3.293084522502744083e+00 4.112405757368060577e+00 5.554054054054054390e+00 2.961290322580645284e+00
7.384615384615385303e-02 1.230769230769230768e-02 3.250270855904658696e+00 4.120879120879120450e+00 5.621262458471760759e+00 2.841121495327102675e+00
6.711409395973154390e-02 2.684563758389261687e-02 3.376477208778840833e+00 4.163775156141568345e+00 5.589928057553956720e+00 3.041379310344827669e+00
7.692307692307692735e-02 2.849002849002849058e-02 3.177966101694915224e+00 3.997335109926715369e+00 5.481481481481481843e+00 2.938416422287390084e+00
1.085526315789473728e-01 2.302631578947368293e-02 3.446295232624928317e+00 4.120879120879120450e+00 5.468634686346863560e+00 3.070707070707070496e+00
7.806691449814126549e-02 2.602230483271375516e-02 3.525264394829612069e+00 4.243281471004243244e+00 5.661290322580645018e+00 3.160305343511450538e+00
1.030303030303030276e-01 2.424242424242424240e-02 3.282275711159737597e+00 4.070556309362279634e+00 5.594594594594594739e+00 2.944099378881987583e+00
9.687500000000000278e-02 2.500000000000000139e-02 3.314917127071823177e+00 4.146510020732550039e+00 5.605536332179930525e+00 2.865384615384615419e+00
6.428571428571427937e-02 2.142857142857142877e-02 3.464203233256351044e+00 4.270462633451956869e+00 5.587786259541984712e+00 2.956204379562043627e+00
1.013071895424836610e-01 1.633986928104575256e-02 3.387916431394692118e+00 4.078857919782461039e+00 5.607272727272727408e+00 3.129568106312292208e+00
7.301587301587302015e-02 1.587301587301587213e-02 3.309431880860452146e+00 4.129387474191328344e+00 5.568493150684931337e+00 2.922580645161290125e+00
8.832807570977918576e-02 3.470031545741324858e-02 3.353828954723309330e+00 4.163775156141568345e+00 5.460207612456747128e+00 2.882352941176470562e+00
1.052631578947368363e-01 2.631578947368420907e-02 3.660768761439902264e+00 4.261363636363636687e+00 5.369747899159663440e+00 3.150579150579150500e+00
1.068965517241379365e-01 3.448275862068965469e-03 3.494467093768200527e+00 4.087193460490463615e+00 5.536679536679536717e+00 3.238754325259515454e+00
9.712230215827338808e-02 7.194244604316547137e-03 3.519061583577712593e+00 4.261363636363636687e+00 5.617529880478087989e+00 2.956521739130434590e+00
1.062499999999999972e-01 2.500000000000000139e-02 3.359462486002239512e+00 4.095563139931740260e+00 5.496503496503496677e+00 2.980769230769230838e+00
9.287925696594427627e-02 2.167182662538699733e-02 3.309431880860452146e+00 4.037685060565276096e+00 5.549488054607508936e+00 3.075949367088607556e+00
1.135531135531135521e-01 4.395604395604395948e-02 3.544004725339633843e+00 4.354136429608127301e+00 5.727272727272727515e+00 2.896551724137931050e+00
8.571428571428571508e-02 1.785714285714285615e-02 3.506721215663354929e+00 4.207573632538569086e+00 5.554687500000000000e+00 3.098181818181818148e+00
7.438016528925620041e-02 1.652892561983471120e-02 3.103983445421624410e+00 3.965631196298744054e+00 5.553571428571428825e+00 2.873949579831932777e+00
9.491525423728813804e-02 2.372881355932203451e-02 3.488372093023255793e+00 4.103967168262653509e+00 5.393258426966291985e+00 3.208333333333333481e+00
6.804733727810650945e-02 2.662721893491124328e-02 3.208556149732620266e+00 4.045853000674308753e+00 5.523809523809523725e+00 2.936170212765957466e+00
7.843137254901960675e-02 1.307189542483660170e-02 3.359462486002239512e+00 4.189944134078212201e+00 5.574468085106382809e+00 2.860927152317880751e+00
1.029900332225913567e-01 1.328903654485049865e-02 3.416856492027334991e+00 4.137931034482758896e+00 5.599999999999999645e+00 3.030303030303030276e+00
9.059233449477352429e-02 3.135888501742160189e-02 3.458213256484149678e+00 4.243281471004243244e+00 5.632183908045976573e+00 2.978417266187050494e+00
7.457627118644068187e-02 2.372881355932203451e-02 3.422703936109526612e+00 4.189944134078212201e+00 5.516483516483516425e+00 3.000000000000000000e+00
8.812260536398466848e-02 1.532567049808429040e-02 3.575685339690107156e+00 4.335260115606936360e+00 5.697478991596638842e+00 2.988326848249027279e+00
1.000000000000000056e-01 1.379310344827586188e-02 3.446295232624928317e+00 4.163775156141568345e+00 5.678160919540229834e+00 3.083916083916083739e+00
7.692307692307692735e-02 2.675585284280936407e-02 3.382187147688838991e+00 4.261363636363636687e+00 5.608695652173913082e+00 2.804123711340205993e+00
7.829181494661921481e-02 2.846975088967971385e-02 3.464203233256351044e+00 4.172461752433935800e+00 5.652509652509652760e+00 3.208791208791208938e+00
6.959706959706959961e-02 3.296703296703296787e-02 3.531489111241906897e+00 4.270462633451956869e+00 5.503937007874015741e+00 3.068181818181818343e+00
6.666666666666666574e-02 1.333333333333333419e-02 3.399433427762039717e+00 4.189944134078212201e+00 5.464285714285714413e+00 2.918918918918918859e+00
8.304498269896193330e-02 2.076124567474048332e-02 3.434459072696050441e+00 4.216444132115249488e+00 5.637735849056603854e+00 2.989399293286219006e+00
1.241830065359477153e-01 1.307189542483660170e-02 3.405221339387060286e+00 4.095563139931740260e+00 5.686567164179104239e+00 3.079470198675496651e+00
1.000000000000000056e-01 7.142857142857142634e-03 3.519061583577712593e+00 4.216444132115249488e+00 5.595238095238094900e+00 3.043165467625899456e+00
9.248554913294797231e-02 1.156069364161849654e-02 3.224073078989790453e+00 4.013377926421404673e+00 5.484076433121019001e+00 2.894736842105263275e+00
1.137931034482758674e-01 0.000000000000000000e+00 3.476245654692931453e+00 4.172461752433935800e+00 5.649805447470817477e+00 3.020689655172413612e+00
7.894736842105262720e-02 1.973684210526315680e-02 3.387916431394692118e+00 4.137931034482758896e+00 5.507142857142857117e+00 3.020134228187919323e+00
9.811320754716981729e-02 3.773584905660377214e-02 3.588516746411483105e+00 4.335260115606936360e+00 5.623430962343095807e+00 3.011764705882352899e+00
1.072664359861591754e-01 1.730103806228373842e-02 3.476245654692931453e+00 4.163775156141568345e+00 5.627906976744186274e+00 3.105633802816901490e+00
1.006711409395973089e-01 6.711409395973154217e-03 3.464203233256351044e+00 4.172461752433935800e+00 5.462686567164179330e+00 2.959459459459459651e+00
8.978328173374612586e-02 2.476780185758514080e-02 3.320420586607637059e+00 4.095563139931740260e+00 5.489795918367346594e+00 2.952380952380952550e+00
8.805031446540879936e-02 2.830188679245283084e-02 3.359462486002239512e+00 4.070556309362279634e+00 5.420689655172413524e+00 3.067961165048543659e+00
1.026490066225165532e-01 1.655629139072847811e-02 3.370786516853932380e+00 4.163775156141568345e+00 5.756457564575645947e+00 2.969696969696969724e+00
7.096774193548387177e-02 3.870967741935484041e-02 3.320420586607637059e+00 4.137931034482758896e+00 5.604166666666666963e+00 3.020134228187919323e+00
1.071428571428571369e-01 6.493506493506493935e-03 3.411028993746446858e+00 4.112405757368060577e+00 5.519999999999999574e+00 3.000000000000000000e+00
9.836065573770491621e-02 9.836065573770492662e-03 3.387916431394692118e+00 4.103967168262653509e+00 5.607272727272727408e+00 3.059602649006622599e+00
8.695652173913043237e-02 1.449275362318840597e-02 3.556609365737996242e+00 4.307250538406317553e+00 5.452380952380952550e+00 2.889705882352941124e+00
7.823129251700680631e-02 3.401360544217686948e-03 3.470213996529786016e+00 4.189944134078212201e+00 5.380073800738007783e+00 2.948805460750853147e+00
9.562841530054644323e-02 2.185792349726775954e-02 3.123373243102550934e+00 3.911342894393742053e+00 5.564954682779456263e+00 2.983240223463687002e+00
6.273062730627305961e-02 3.321033210332103441e-02 3.482298316889147038e+00 4.288777698355968226e+00 5.692913385826771311e+00 3.045801526717557106e+00
1.000000000000000056e-01 3.870967741935484041e-02 3.399433427762039717e+00 4.172461752433935800e+00 5.483870967741935054e+00 2.939597315436241587e+00
7.894736842105262720e-02 1.879699248120300648e-02 3.544004725339633843e+00 4.297994269340974505e+00 5.657142857142857473e+00 3.034482758620689502e+00
9.130434782608695676e-02 3.913043478260869873e-02 3.757044458359423800e+00 4.542013626040878549e+00 5.712918660287081174e+00 2.904977375565610753e+00
8.812260536398466848e-02 2.298850574712643646e-02 3.607937462417317942e+00 4.307250538406317553e+00 5.571428571428571175e+00 3.082352941176470740e+00
1.081081081081081141e-01 2.364864864864864996e-02 3.446295232624928317e+00 4.216444132115249488e+00 5.613636363636363313e+00 2.927335640138408301e+00
9.036144578313252962e-02 3.313253012048193030e-02 3.250270855904658696e+00 4.054054054054054390e+00 5.602649006622516303e+00 2.990654205607476523e+00
1.096345514950166078e-01 9.966777408637873120e-03 3.428571428571428381e+00 4.103967168262653509e+00 5.597014925373134275e+00 3.100671140939597503e+00
8.015267175572518554e-02 1.145038167938931296e-02 3.556609365737996242e+00 4.288777698355968226e+00 5.701244813278008472e+00 3.081081081081081141e+00
8.239700374531834515e-02 2.247191011235954994e-02 3.601440576230492407e+00 4.335260115606936360e+00 5.436734693877551372e+00 2.942528735632183867e+00
9.890109890109889668e-02 2.197802197802197974e-02 3.525264394829612069e+00 4.288777698355968226e+00 5.707317073170731447e+00 2.988764044943820419e+00
9.384164222873900285e-02 1.759530791788856477e-02 3.239740820734341220e+00 4.037685060565276096e+00 5.514563106796116720e+00 2.901492537313433040e+00
1.029900332225913567e-01 1.993355481727574624e-02 3.422703936109526612e+00 4.129387474191328344e+00 5.577777777777777501e+00 3.071186440677966090e+00
8.791208791208791895e-02 3.296703296703296787e-02 3.531489111241906897e+00 4.297994269340974505e+00 5.614457831325300852e+00 3.000000000000000000e+00
9.502262443438913575e-02 2.262443438914027091e-02 3.785488958990536279e+00 4.521477015825169588e+00 5.849999999999999645e+00 3.027777777777777679e+00
8.474576271186440302e-02 4.237288135593220151e-02 3.708281829419036058e+00 4.451038575667655373e+00 5.722222222222222321e+00 3.079646017699114946e+00
7.941176470588234837e-02 2.058823529411764677e-02 3.224073078989790453e+00 4.013377926421404673e+00 5.501597444089457056e+00 2.972972972972972805e+00
7.023411371237457679e-02 1.672240802675585211e-02 3.359462486002239512e+00 4.181184668989547326e+00 5.654676258992806126e+00 2.959183673469387710e+00
5.970149253731343170e-02 2.388059701492537337e-02 3.203416978109983937e+00 4.045853000674308753e+00 5.542857142857142705e+00 2.954128440366972530e+00
7.407407407407406996e-02 2.962962962962963076e-02 3.556609365737996242e+00 4.297994269340974505e+00 5.496000000000000441e+00 3.022900763358778775e+00
9.900990099009901457e-02 2.310231023102310086e-02 3.393665158371040658e+00 4.155124653739612484e+00 5.626373626373626813e+00 3.000000000000000000e+00
7.692307692307692735e-02 1.923076923076923184e-02 3.359462486002239512e+00 4.181184668989547326e+00 5.458333333333333037e+00 2.843137254901960898e+00
9.235668789808916535e-02 2.547770700636942803e-02 3.337041156840934164e+00 4.054054054054054390e+00 5.599999999999999645e+00 3.137254901960784270e+00
1.111111111111111049e-01 2.614379084967320341e-02 3.428571428571428381e+00 4.112405757368060577e+00 5.514705882352941124e+00 3.080536912751677736e+00
1.094339622641509469e-01 7.547169811320754776e-03 3.614457831325301296e+00 4.270462633451956869e+00 5.593220338983051043e+00 3.079847908745247054e+00
6.920415224913495367e-02 2.422145328719723170e-02 3.422703936109526612e+00 4.279600570613409261e+00 5.598513011152416396e+00 2.851063829787233939e+00
8.026755852842809569e-02 1.003344481605351196e-02 3.422703936109526612e+00 4.155124653739612484e+00 5.476363636363636545e+00 3.000000000000000000e+00
7.073954983922829676e-02 1.286173633440514455e-02 3.303964757709251021e+00 4.087193460490463615e+00 5.647058823529412130e+00 3.048859934853420217e+00
1.050724637681159368e-01 1.811594202898550790e-02 3.556609365737996242e+00 4.243281471004243244e+00 5.562753036437246834e+00 3.055350553505534972e+00
8.843537414965986498e-02 2.040816326530612082e-02 3.422703936109526612e+00 4.234297812279463891e+00 5.619402985074627210e+00 2.895833333333333481e+00
1.005917159763313612e-01 2.071005917159763482e-02 3.255561584373304562e+00 3.973509933774834302e+00 5.546052631578947789e+00 3.081570996978852062e+00
8.366533864541832177e-02 3.187250996015936200e-02 3.640776699029126373e+00 4.363636363636363313e+00 5.634782608695652506e+00 3.086419753086419693e+00
9.686609686609685965e-02 2.849002849002849058e-02 3.162888771744860161e+00 4.054054054054054390e+00 5.659305993690852077e+00 2.815249266862170252e+00
8.633093525179856564e-02 1.079136690647482071e-02 3.506721215663354929e+00 4.137931034482758896e+00 5.598425196850393526e+00 3.272727272727272929e+00
9.171597633136094330e-02 2.662721893491124328e-02 3.183023872679044963e+00 4.062288422477996264e+00 5.765472312703582958e+00 2.899696048632218748e+00
9.642857142857143293e-02 1.428571428571428527e-02 3.500583430571762023e+00 4.261363636363636687e+00 5.644268774703557590e+00 2.956521739130434590e+00
6.397306397306397330e-02 2.356902356902356929e-02 3.342618384401114362e+00 4.198740377886633901e+00 5.719424460431654644e+00 2.958620689655172331e+00
9.963099630996309630e-02 2.214022140221402063e-02 3.544004725339633843e+00 4.225352112676056038e+00 5.680327868852459439e+00 3.169811320754717165e+00
9.119496855345911313e-02 1.257861635220125854e-02 3.359462486002239512e+00 4.129387474191328344e+00 5.439446366782006770e+00 2.885350318471337605e+00
6.785714285714285199e-02 1.428571428571428527e-02 3.458213256484149678e+00 4.146510020732550039e+00 5.632183908045976573e+00 3.239130434782608869e+00
7.348242811501597138e-02 1.597444089456868943e-02 3.320420586607637059e+00 4.146510020732550039e+00 5.565517241379310143e+00 2.902597402597402620e+00
6.709265175718849561e-02 2.875399361022364098e-02 3.303964757709251021e+00 4.112405757368060577e+00 5.589041095890411093e+00 3.019736842105263275e+00
5.839416058394160391e-02 2.554744525547445258e-02 3.470213996529786016e+00 4.189944134078212201e+00 5.651162790697674687e+00 3.235955056179775191e+00
1.224489795918367319e-01 1.020408163265306041e-02 3.434459072696050441e+00 4.189944134078212201e+00 5.790697674418604279e+00 2.969072164948453718e+00
9.969788519637462487e-02 1.812688821752266033e-02 3.276897870016384662e+00 4.054054054054054390e+00 5.577181208053691108e+00 2.953846153846154010e+00
9.265175718849839870e-02 2.236421725239616520e-02 3.314917127071823177e+00 4.103967168262653509e+00 5.704225352112676006e+00 3.019607843137254832e+00
6.646525679758308325e-02 2.114803625377643589e-02 3.213711837171933539e+00 4.070556309362279634e+00 5.611650485436893376e+00 2.925925925925926041e+00
8.360128617363343784e-02 2.572347266881028910e-02 3.337041156840934164e+00 4.070556309362279634e+00 5.599999999999999645e+00 3.128712871287128827e+00
6.808510638297872453e-02 2.553191489361701996e-02 3.715170278637770718e+00 4.460966542750929520e+00 5.616438356164383805e+00 3.013100436681222849e+00
9.717868338557993091e-02 1.880877742946708564e-02 3.337041156840934164e+00 4.070556309362279634e+00 5.541666666666666963e+00 3.028753993610223461e+00
1.044776119402985037e-01 2.611940298507462593e-02 3.588516746411483105e+00 4.234297812279463891e+00 5.599999999999999645e+00 3.195402298850574585e+00
8.099688473520248733e-02 1.869158878504672758e-02 3.282275711159737597e+00 3.989361702127659726e+00 5.613559322033898624e+00 3.200000000000000178e+00
9.708737864077669755e-02 1.294498381877022715e-02 3.370786516853932380e+00 4.120879120879120450e+00 5.591397849462365954e+00 2.990163934426229631e+00
9.965635738831615797e-02 2.061855670103092744e-02 3.482298316889147038e+00 4.163775156141568345e+00 5.519083969465649275e+00 3.094736842105263008e+00
8.633093525179856564e-02 2.158273381294964141e-02 3.470213996529786016e+00 4.198740377886633901e+00 5.740157480314960203e+00 3.154411764705882248e+00
8.856088560885608252e-02 1.107011070110701031e-02 3.562945368171021254e+00 4.279600570613409261e+00 5.538461538461538325e+00 3.000000000000000000e+00
8.970099667774086849e-02 2.657807308970099730e-02 3.393665158371040658e+00 4.155124653739612484e+00 5.605839416058394420e+00 3.030716723549487845e+00
7.380073800738007339e-02 2.214022140221402063e-02 3.569303985722783956e+00 4.270462633451956869e+00 5.426294820717131095e+00 3.056603773584905870e+00
8.814589665653495276e-02 1.823708206686929997e-02 3.250270855904658696e+00 4.054054054054054390e+00 5.639999999999999680e+00 2.972136222910216841e+00
8.552631578947368640e-02 3.289473684210526133e-02 3.376477208778840833e+00 4.146510020732550039e+00 5.589928057553956720e+00 3.040816326530612290e+00
9.469696969696969613e-02 3.030303030303030387e-02 3.550295857988165604e+00 4.316546762589927866e+00 5.774058577405857484e+00 3.046875000000000000e+00
1.137931034482758674e-01 1.379310344827586188e-02 3.525264394829612069e+00 4.189944134078212201e+00 5.463035019455253050e+00 3.020979020979020824e+00
7.241379310344828180e-02 1.724137931034482735e-02 3.476245654692931453e+00 4.137931034482758896e+00 5.397769516728624595e+00 3.157894736842105310e+00
8.668730650154798933e-02 3.095975232198142427e-02 3.298515667949422969e+00 4.112405757368060577e+00 5.552542372881355881e+00 2.932907348242811629e+00
9.160305343511450371e-02 3.053435114503816675e-02 3.601440576230492407e+00 4.316546762589927866e+00 5.596638655462184531e+00 3.070866141732283339e+00
9.415584415584415945e-02 2.922077922077922010e-02 3.348214285714285587e+00 4.112405757368060577e+00 5.677419354838709964e+00 3.070234113712374757e+00
7.581227436823104182e-02 7.220216606498195203e-03 3.494467093768200527e+00 4.234297812279463891e+00 5.601562500000000000e+00 3.032727272727272716e+00
1.198630136986301303e-01 1.369863013698630061e-02 3.476245654692931453e+00 4.252303330970942596e+00 5.649805447470817477e+00 2.854166666666666519e+00
5.460750853242320874e-02 1.023890784982935120e-02 3.399433427762039717e+00 4.155124653739612484e+00 5.523465703971119467e+00 3.062068965517241281e+00
8.805031446540879936e-02 3.144654088050314461e-02 3.260869565217391131e+00 4.198740377886633901e+00 5.793103448275862100e+00 2.785714285714285587e+00
8.873720136518771506e-02 1.706484641638225316e-02 3.405221339387060286e+00 4.129387474191328344e+00 5.707865168539325573e+00 3.145833333333333481e+00
9.666666666666666463e-02 1.333333333333333419e-02 3.446295232624928317e+00 4.155124653739612484e+00 5.468634686346863560e+00 3.000000000000000000e+00
1.287878787878787845e-01 1.515151515151515194e-02 3.614457831325301296e+00 4.279600570613409261e+00 5.739130434782608425e+00 3.092307692307692424e+00
7.246376811594203160e-02 1.811594202898550790e-02 3.470213996529786016e+00 4.307250538406317553e+00 5.695312500000000000e+00 2.900369003690036696e+00
7.167235494880545843e-02 5.460750853242320874e-02 3.393665158371040658e+00 4.198740377886633901e+00 5.647058823529412130e+00 3.097472924187725685e+00
6.363636363636362980e-02 2.424242424242424240e-02 3.193187865886109478e+00 4.095563139931740260e+00 5.689320388349514701e+00 2.888198757763975166e+00
1.107142857142857095e-01 2.500000000000000139e-02 3.556609365737996242e+00 4.216444132115249488e+00 5.518072289156626731e+00 3.098901098901098994e+00
7.457627118644068187e-02 1.694915254237288130e-02 3.370786516853932380e+00 4.172461752433935800e+00 5.714285714285714413e+00 3.020689655172413612e+00
7.823129251700680631e-02 2.380952380952380820e-02 3.452243958573072646e+00 4.243281471004243244e+00 5.446494464944649394e+00 2.885017421602787291e+00
6.545454545454545969e-02 3.272727272727272985e-02 3.458213256484149678e+00 4.297994269340974505e+00 5.719844357976653804e+00 2.977443609022556448e+00
8.988764044943819975e-02 2.247191011235954994e-02 3.537735849056603765e+00 4.288777698355968226e+00 5.728395061728394744e+00 3.057471264367816133e+00
4.545454545454545581e-02 3.571428571428571230e-02 3.298515667949422969e+00 4.129387474191328344e+00 5.571428571428571175e+00 3.050505050505050608e+00
8.176100628930817182e-02 1.886792452830188607e-02 3.271537622682660906e+00 4.095563139931740260e+00 5.712328767123287854e+00 2.980769230769230838e+00
8.561643835616437881e-02 1.369863013698630061e-02 3.393665158371040658e+00 4.216444132115249488e+00 5.752808988764044784e+00 2.937500000000000000e+00
7.518796992481202590e-02 1.127819548872180389e-02 3.537735849056603765e+00 4.316546762589927866e+00 5.658536585365853355e+00 2.965779467680608406e+00
9.797297297297297147e-02 1.351351351351351426e-02 3.446295232624928317e+00 4.155124653739612484e+00 5.550561797752808779e+00 3.041095890410959068e+00
5.999999999999999778e-02 2.000000000000000042e-02 3.143006809848087890e+00 4.045853000674308753e+00 5.525835866261398444e+00 2.816326530612244916e+00
8.949416342412451486e-02 4.280155642023346363e-02 3.614457831325301296e+00 4.307250538406317553e+00 5.641025641025641413e+00 3.195121951219512368e+00
8.033240997229916525e-02 3.324099722991689931e-02 3.123373243102550934e+00 4.029550033579583967e+00 5.548192771084337060e+00 2.802292263610315359e+00
8.561643835616437881e-02 4.109589041095890183e-02 3.434459072696050441e+00 4.216444132115249488e+00 5.595505617977527990e+00 3.021428571428571352e+00
5.573770491803278770e-02 1.967213114754098532e-02 3.331482509716824136e+00 4.137931034482758896e+00 5.562500000000000000e+00 3.010033444816053727e+00
6.811145510835912853e-02 1.547987616099071213e-02 3.293084522502744083e+00 4.054054054054054390e+00 5.461794019933554623e+00 3.018867924528302105e+00
7.167235494880545843e-02 2.047781569965870241e-02 3.399433427762039717e+00 4.146510020732550039e+00 5.625000000000000000e+00 3.114982578397212709e+00
9.318996415770609831e-02 2.150537634408602322e-02 3.494467093768200527e+00 4.216444132115249488e+00 5.667984189723320299e+00 3.098901098901098994e+00
8.433734939759035543e-02 2.409638554216867595e-02 3.234501347708894858e+00 4.172461752433935800e+00 5.625000000000000000e+00 2.703703703703703720e+00
7.885304659498207358e-02 2.150537634408602322e-02 3.488372093023255793e+00 4.243281471004243244e+00 5.603112840466925704e+00 3.032967032967032850e+00
6.617647058823529493e-02 1.838235294117647120e-02 3.482298316889147038e+00 4.297994269340974505e+00 5.692913385826771311e+00 2.966292134831460814e+00
1.003236245954692574e-01 2.588996763754045430e-02 3.393665158371040658e+00 4.129387474191328344e+00 5.525179856115108201e+00 3.009966777408637828e+00
9.509202453987730674e-02 1.840490797546012400e-02 3.298515667949422969e+00 4.103967168262653509e+00 5.552542372881355881e+00 2.887500000000000178e+00
9.034267912772585285e-02 3.115264797507788161e-02 3.320420586607637059e+00 4.112405757368060577e+00 5.527397260273972712e+00 2.951768488745980523e+00
7.382550335570470246e-02 2.684563758389261687e-02 3.365114974761637789e+00 4.189944134078212201e+00 5.673913043478260754e+00 2.979310344827586388e+00
8.171206225680933966e-02 1.167315175097276281e-02 3.582089552238806096e+00 4.297994269340974505e+00 5.720338983050847759e+00 3.118110236220472231e+00
8.239700374531834515e-02 5.243445692883895448e-02 3.562945368171021254e+00 4.344677769732077977e+00 5.583673469387755439e+00 3.011857707509881354e+00
1.180327868852459050e-01 3.278688524590164105e-02 3.399433427762039717e+00 4.163775156141568345e+00 5.687732342007435271e+00 2.989830508474576209e+00
1.245551601423487559e-01 1.423487544483985692e-02 3.537735849056603765e+00 4.234297812279463891e+00 5.658536585365853355e+00 3.010830324909747446e+00
1.038461538461538519e-01 3.461538461538461731e-02 3.582089552238806096e+00 4.288777698355968226e+00 5.793991416309013154e+00 3.179282868525896255e+00
1.016393442622950810e-01 9.836065573770492662e-03 3.416856492027334991e+00 4.146510020732550039e+00 5.518248175182481674e+00 2.960264900662251453e+00
5.647840531561462013e-02 9.966777408637873120e-03 3.342618384401114362e+00 4.189944134078212201e+00 5.598591549295774961e+00 2.899328859060402497e+00
9.536784741144414823e-02 1.089918256130790152e-02 3.138075313807531241e+00 3.865979381443299001e+00 5.493975903614457756e+00 3.041322314049586861e+00
8.873720136518771506e-02 2.389078498293515512e-02 3.411028993746446858e+00 4.181184668989547326e+00 5.685393258426966412e+00 3.041958041958042092e+00
7.777777777777777901e-02 7.407407407407407690e-03 3.512880562060889833e+00 4.243281471004243244e+00 5.686746987951806886e+00 3.089552238805969964e+00
6.376811594202898281e-02 5.797101449275362389e-03 3.118503118503118454e+00 3.957783641160949717e+00 5.721362229102167518e+00 3.008746355685131046e+00
1.049382716049382658e-01 1.543209876543209791e-02 3.359462486002239512e+00 4.013377926421404673e+00 5.420689655172413524e+00 3.103448275862068950e+00
8.361204013377926403e-02 2.006688963210702392e-02 3.348214285714285587e+00 4.129387474191328344e+00 5.781021897810219023e+00 3.092150170648463980e+00
8.737864077669903196e-02 3.236245954692556354e-02 3.365114974761637789e+00 4.129387474191328344e+00 5.553191489361702260e+00 3.030100334448160737e+00
7.006369426751592189e-02 1.592356687898089165e-02 3.255561584373304562e+00 4.120879120879120450e+00 5.773972602739726234e+00 2.951456310679611672e+00
7.716049382716048954e-02 2.469135802469135665e-02 3.293084522502744083e+00 3.965631196298744054e+00 5.498327759197324305e+00 3.246835443037974667e+00
1.096774193548387122e-01 1.612903225806451568e-02 3.348214285714285587e+00 4.103967168262653509e+00 5.739130434782608425e+00 3.029508196721311553e+00
8.496732026143791194e-02 2.941176470588235253e-02 3.382187147688838991e+00 4.095563139931740260e+00 5.528571428571428470e+00 3.131313131313131493e+00
6.956521739130434867e-02 1.159420289855072478e-02 3.177966101694915224e+00 4.021447721179624679e+00 5.532710280373831502e+00 2.885630498533724442e+00
1.028938906752411564e-01 3.215434083601285964e-02 3.353828954723309330e+00 4.120879120879120450e+00 5.655913978494623962e+00 3.029900332225913484e+00
7.365439093484418831e-02 1.416430594900849882e-02 3.138075313807531241e+00 3.997335109926715369e+00 5.577981651376147099e+00 2.879310344827586299e+00
1.088435374149659823e-01 2.380952380952380820e-02 3.470213996529786016e+00 4.155124653739612484e+00 5.564885496183205937e+00 3.094076655052264702e+00
1.000000000000000056e-01 1.785714285714285615e-02 3.476245654692931453e+00 4.234297812279463891e+00 5.761904761904761862e+00 3.032727272727272716e+00
7.526881720430107781e-02 3.584229390681003581e-03 3.500583430571762023e+00 4.234297812279463891e+00 5.534883720930232620e+00 3.000000000000000000e+00
8.749999999999999445e-02 3.125000000000000000e-02 3.303964757709251021e+00 4.087193460490463615e+00 5.589041095890411093e+00 3.019354838709677580e+00
8.532423208191126929e-02 2.730375426621160437e-02 3.399433427762039717e+00 4.103967168262653509e+00 5.708955223880597174e+00 3.242105263157894601e+00
9.737827715355805436e-02 4.868913857677902718e-02 3.562945368171021254e+00 4.411764705882353255e+00 5.676348547717842585e+00 2.834645669291338432e+00
1.026490066225165532e-01 2.317880794701986796e-02 3.399433427762039717e+00 4.146510020732550039e+00 5.645756457564576003e+00 3.030508474576271372e+00
9.164420485175202302e-02 5.390835579514825088e-03 3.123373243102550934e+00 3.942181340341655904e+00 5.465875370919881071e+00 2.829268292682926678e+00
6.951871657754010725e-02 1.336898395721925099e-02 3.061224489795918213e+00 3.880983182406209764e+00 5.517241379310345195e+00 2.959349593495935071e+00
1.000000000000000056e-01 1.111111111111111154e-02 3.519061583577712593e+00 4.189944134078212201e+00 5.802469135802469147e+00 3.235955056179775191e+00
5.590062111801242378e-02 1.863354037267080793e-02 3.244997295835586826e+00 4.103967168262653509e+00 5.585526315789473450e+00 2.924050632911392444e+00
8.965517241379310220e-02 3.448275862068965469e-02 3.464203233256351044e+00 4.189944134078212201e+00 5.545454545454545858e+00 3.085714285714285854e+00
1.393442622950819554e-01 2.868852459016393505e-02 3.764115432873274880e+00 4.451038575667655373e+00 5.657142857142857473e+00 2.936708860759493778e+00
1.006097560975609817e-01 1.524390243902438991e-02 3.342618384401114362e+00 4.037685060565276096e+00 5.389830508474576121e+00 3.009287925696594534e+00
7.333333333333333370e-02 1.666666666666666644e-02 3.405221339387060286e+00 4.087193460490463615e+00 5.482014388489208301e+00 3.172881355932203551e+00
1.122807017543859670e-01 2.456140350877192985e-02 3.476245654692931453e+00 4.181184668989547326e+00 5.739130434782608425e+00 3.129496402877697925e+00
9.342560553633218190e-02 2.076124567474048332e-02 3.422703936109526612e+00 4.207573632538569086e+00 5.748091603053435250e+00 3.010600706713780994e+00
5.696202531645569445e-02 1.898734177215189931e-02 3.282275711159737597e+00 4.070556309362279634e+00 5.557046979865772229e+00 3.058064516129032295e+00
8.606557377049180169e-02 1.639344262295082053e-02 3.667481662591686842e+00 4.421518054532056041e+00 5.704035874439461473e+00 2.975000000000000089e+00
7.636363636363636964e-02 4.000000000000000083e-02 3.544004725339633843e+00 4.172461752433935800e+00 5.456692913385826849e+00 3.318181818181818343e+00
1.041009463722397527e-01 1.261829652996845387e-02 3.353828954723309330e+00 4.087193460490463615e+00 5.556338028169014009e+00 2.990415335463258995e+00
1.018518518518518462e-01 2.469135802469135665e-02 3.320420586607637059e+00 4.155124653739612484e+00 5.546391752577319423e+00 2.810126582278480889e+00
6.441717791411043226e-02 6.134969325153374377e-03 3.239740820734341220e+00 3.926701570680628084e+00 5.586885245901639152e+00 3.259259259259259078e+00
8.737864077669903196e-02 2.265372168284789794e-02 3.348214285714285587e+00 4.146510020732550039e+00 5.617021276595744794e+00 2.960264900662251453e+00
1.052631578947368363e-01 3.405572755417956426e-02 3.287671232876712146e+00 4.163775156141568345e+00 5.709342560553633206e+00 2.826923076923077094e+00
9.235668789808916535e-02 1.592356687898089165e-02 3.359462486002239512e+00 4.137931034482758896e+00 5.515789473684210797e+00 2.912621359223301010e+00
1.052631578947368363e-01 2.456140350877192985e-02 3.537735849056603765e+00 4.216444132115249488e+00 5.458823529411764852e+00 3.043165467625899456e+00
6.779661016949152519e-02 1.694915254237288130e-02 3.411028993746446858e+00 4.172461752433935800e+00 5.519999999999999574e+00 3.020689655172413612e+00
7.317073170731706877e-02 1.219512195121951262e-02 3.224073078989790453e+00 4.087193460490463615e+00 5.664473684210526550e+00 2.888888888888888840e+00
9.183673469387755584e-02 2.380952380952380820e-02 3.416856492027334991e+00 4.225352112676056038e+00 5.662921348314606362e+00 2.926829268292682862e+00
8.550185873605947728e-02 3.717472118959107980e-02 3.519061583577712593e+00 4.297994269340974505e+00 5.731707317073170493e+00 3.057915057915058021e+00
7.547169811320754429e-02 7.547169811320754776e-03 3.544004725339633843e+00 4.325883201153568614e+00 5.657142857142857473e+00 2.942965779467680676e+00
9.677419354838709409e-02 1.759530791788856477e-02 3.255561584373304562e+00 4.005340453938584844e+00 5.474025974025973795e+00 2.973134328358209011e+00
7.608695652173913526e-02 1.086956521739130405e-02 3.482298316889147038e+00 4.189944134078212201e+00 5.670588235294117929e+00 3.164835164835164694e+00
1.011673151750972777e-01 2.334630350194552562e-02 3.594967046135410627e+00 4.279600570613409261e+00 5.792207792207792139e+00 3.203187250996015756e+00
1.124620060790273574e-01 1.519756838905775113e-02 3.287671232876712146e+00 3.997335109926715369e+00 5.650684931506849473e+00 3.092592592592592560e+00
7.440476190476190410e-02 2.083333333333333218e-02 3.213711837171933539e+00 3.981420039814200340e+00 5.575562700964630025e+00 3.082066869300911893e+00
7.886435331230283452e-02 3.154574132492113381e-02 3.331482509716824136e+00 4.137931034482758896e+00 5.486301369863014088e+00 2.931596091205211696e+00
7.028753993610223350e-02 9.584664536741213658e-03 3.303964757709251021e+00 4.087193460490463615e+00 5.608247422680411987e+00 3.019354838709677580e+00
8.053691275167784713e-02 2.684563758389261687e-02 3.365114974761637789e+00 4.095563139931740260e+00 5.715328467153284464e+00 3.206896551724137900e+00
5.960264900662251564e-02 2.317880794701986796e-02 3.320420586607637059e+00 4.172461752433935800e+00 5.683098591549295975e+00 2.969491525423728628e+00
4.651162790697674354e-02 3.322259136212624836e-02 3.320420586607637059e+00 4.103967168262653509e+00 5.623693379790941194e+00 3.175257731958762708e+00
1.260997067448680342e-01 1.759530791788856477e-02 3.234501347708894858e+00 4.013377926421404673e+00 5.738255033557046580e+00 2.955223880597015018e+00
8.169934640522875935e-02 2.287581699346405081e-02 3.337041156840934164e+00 4.216444132115249488e+00 5.679715302491103124e+00 2.829431438127090193e+00
8.852459016393442182e-02 1.639344262295082053e-02 3.387916431394692118e+00 4.120879120879120450e+00 5.546762589928057707e+00 3.040000000000000036e+00
8.487084870848708718e-02 2.952029520295202866e-02 3.550295857988165604e+00 4.288777698355968226e+00 5.564516129032258007e+00 3.034220532319391594e+00
8.215297450424929870e-02 1.416430594900849882e-02 3.147953830010493004e+00 4.021447721179624679e+00 5.592592592592592560e+00 2.827586206896551602e+00
1.121794871794871834e-01 2.884615384615384776e-02 3.376477208778840833e+00 4.087193460490463615e+00 5.610108303249097261e+00 3.089108910891089188e+00
6.827309236947791404e-02 1.204819277108433798e-02 3.594967046135410627e+00 4.344677769732077977e+00 5.767241379310345195e+00 3.097560975609756184e+00
1.122807017543859670e-01 2.105263157894736795e-02 3.476245654692931453e+00 4.189944134078212201e+00 5.739130434782608425e+00 3.096774193548387011e+00
6.968641114982578044e-02 1.742160278745644511e-02 3.470213996529786016e+00 4.146510020732550039e+00 5.460674157303370357e+00 3.170212765957446610e+00
1.037735849056603821e-01 1.886792452830188607e-02 3.348214285714285587e+00 4.037685060565276096e+00 5.557894736842105665e+00 3.115384615384615419e+00
1.254019292604501568e-01 1.929260450160771856e-02 3.393665158371040658e+00 4.137931034482758896e+00 5.647058823529412130e+00 2.950819672131147708e+00
8.746355685131194935e-02 0.000000000000000000e+00 3.198294243070362253e+00 4.078857919782461039e+00 5.597444089456868888e+00 2.746355685131195212e+00
9.157509157509156894e-02 2.564102564102564014e-02 3.562945368171021254e+00 4.354136429608127301e+00 5.516129032258064946e+00 2.842105263157894690e+00
8.116883116883116811e-02 2.597402597402597574e-02 3.353828954723309330e+00 4.120879120879120450e+00 5.575971731448762903e+00 3.040000000000000036e+00
7.758620689655172653e-02 2.298850574712643646e-02 3.138075313807531241e+00 4.013377926421404673e+00 5.682242990654205350e+00 2.911764705882352811e+00
1.024844720496894401e-01 4.347826086956521618e-02 3.314917127071823177e+00 4.087193460490463615e+00 5.605536332179930525e+00 3.038961038961038863e+00
1.380597014925373234e-01 1.119402985074626801e-02 3.614457831325301296e+00 4.279600570613409261e+00 5.714285714285714413e+00 3.033962264150943611e+00
7.977207977207977085e-02 8.547008547008547868e-03 3.157894736842105310e+00 3.911342894393742053e+00 5.572755417956656743e+00 3.068965517241379448e+00
8.527131782945736316e-02 4.263565891472868158e-02 3.575685339690107156e+00 4.411764705882353255e+00 5.745762711864406569e+00 2.914979757085020218e+00
8.038585209003215604e-02 2.250803858520900383e-02 3.359462486002239512e+00 4.137931034482758896e+00 5.496503496503496677e+00 2.960526315789473895e+00
6.484641638225255300e-02 1.365187713310580218e-02 3.416856492027334991e+00 4.155124653739612484e+00 5.518248175182481674e+00 3.072664359861591699e+00
9.060402684563757802e-02 3.355704697986577195e-02 3.411028993746446858e+00 4.137931034482758896e+00 5.601476014760147670e+00 3.125000000000000000e+00
9.230769230769231282e-02 7.692307692307692735e-03 3.614457831325301296e+00 4.297994269340974505e+00 5.593220338983051043e+00 3.069767441860465240e+00
9.180327868852458661e-02 3.606557377049180585e-02 3.382187147688838991e+00 4.112405757368060577e+00 5.588447653429603257e+00 3.122448979591836871e+00
1.186440677966101725e-01 2.033898305084745617e-02 3.470213996529786016e+00 4.207573632538569086e+00 5.607692307692307310e+00 2.948096885813148660e+00
1.254125412541254037e-01 2.640264026402640296e-02 3.428571428571428381e+00 4.120879120879120450e+00 5.660377358490565669e+00 3.091525423728813671e+00
8.668730650154798933e-02 1.238390092879257040e-02 3.298515667949422969e+00 4.103967168262653509e+00 5.552542372881355881e+00 2.896551724137931050e+00
8.201892744479495623e-02 1.892744479495268167e-02 3.303964757709251021e+00 4.181184668989547326e+00 5.608247422680411987e+00 2.797427652733118997e+00
8.560311284046692726e-02 1.556420233463035041e-02 3.582089552238806096e+00 4.316546762589927866e+00 5.744680851063829863e+00 3.083003952569169925e+00
8.680555555555555247e-02 3.819444444444444753e-02 3.422703936109526612e+00 4.297994269340974505e+00 5.726235741444867244e+00 2.859205776173285418e+00
7.324840764331209952e-02 2.229299363057324693e-02 3.325942350332594444e+00 4.112405757368060577e+00 5.525773195876288568e+00 2.990228013029315957e+00
8.503401360544217413e-02 2.380952380952380820e-02 3.411028993746446858e+00 4.172461752433935800e+00 5.643122676579925390e+00 3.052264808362369131e+00
1.121794871794871834e-01 2.564102564102564014e-02 3.393665158371040658e+00 4.146510020732550039e+00 5.545126353790613472e+00 2.940789473684210620e+00
7.117437722419929502e-02 1.779359430604982376e-02 3.458213256484149678e+00 4.261363636363636687e+00 5.632183908045976573e+00 2.956521739130434590e+00
6.521739130434782428e-02 6.211180124223602064e-03 3.260869565217391131e+00 4.037685060565276096e+00 5.581395348837209447e+00 3.037500000000000089e+00
1.234567901234567833e-01 1.543209876543209791e-02 3.337041156840934164e+00 4.021447721179624679e+00 5.619718309859154992e+00 3.084639498432601989e+00
7.865168539325842478e-02 4.119850187265917257e-02 3.582089552238806096e+00 4.234297812279463891e+00 5.487804878048780921e+00 3.257812500000000000e+00
7.763975155279502494e-02 2.795031055900621189e-02 3.303964757709251021e+00 4.013377926421404673e+00 5.494949494949494806e+00 3.162939297124600646e+00
8.626198083067092293e-02 1.597444089456868943e-02 3.314917127071823177e+00 4.087193460490463615e+00 5.664335664335664156e+00 3.038961038961038863e+00
9.342560553633218190e-02 1.730103806228373842e-02 3.440366972477064245e+00 4.225352112676056038e+00 5.679389312977098925e+00 2.957746478873239493e+00
7.419354838709676936e-02 9.677419354838710103e-03 3.348214285714285587e+00 4.103967168262653509e+00 5.519163763066202044e+00 3.009771986970684043e+00
8.278145695364239054e-02 1.986754966887417304e-02 3.365114974761637789e+00 4.181184668989547326e+00 5.653429602888087047e+00 2.939189189189189033e+00
7.692307692307692735e-02 1.538461538461538547e-02 3.255561584373304562e+00 4.112405757368060577e+00 5.620000000000000107e+00 2.868749999999999911e+00
9.507042253521126585e-02 2.112676056338028130e-02 3.494467093768200527e+00 4.198740377886633901e+00 5.579766536964980261e+00 3.086330935251798468e+00
5.625000000000000139e-02 1.874999999999999931e-02 3.293084522502744083e+00 4.070556309362279634e+00 5.443708609271523002e+00 3.019108280254777288e+00
8.881578947368420907e-02 1.315789473684210453e-02 3.393665158371040658e+00 4.198740377886633901e+00 5.545126353790613472e+00 2.859999999999999876e+00
7.848837209302325646e-02 2.034883720930232703e-02 3.172924378635642473e+00 4.021447721179624679e+00 5.621451104100946061e+00 2.919881305637982205e+00
9.540636042402826644e-02 1.413427561837455812e-02 3.452243958573072646e+00 4.261363636363636687e+00 5.765625000000000000e+00 2.924731182795698992e+00
8.088235294117647467e-02 2.573529411764705760e-02 3.562945368171021254e+00 4.316546762589927866e+00 5.472000000000000419e+00 2.943396226415094130e+00
1.111111111111111049e-01 7.407407407407407690e-03 3.562945368171021254e+00 4.307250538406317553e+00 5.700000000000000178e+00 2.932835820895522527e+00
6.181818181818182073e-02 1.818181818181818094e-02 3.476245654692931453e+00 4.243281471004243244e+00 5.627906976744186274e+00 3.066666666666666874e+00
1.121495327102803724e-01 2.492211838006230459e-02 3.348214285714285587e+00 4.087193460490463615e+00 5.557894736842105665e+00 2.990415335463258995e+00
9.541984732824428106e-02 3.435114503816794063e-02 3.531489111241906897e+00 4.316546762589927866e+00 5.898734177215190222e+00 3.083003952569169925e+00
9.386281588447653590e-02 1.083032490974729194e-02 3.512880562060889833e+00 4.225352112676056038e+00 5.641434262948207490e+00 3.065693430656934115e+00
1.048951048951048959e-01 1.748251748251748380e-02 3.512880562060889833e+00 4.252303330970942596e+00 5.531250000000000000e+00 2.925266903914590877e+00
1.204379562043795676e-01 2.554744525547445258e-02 3.562945368171021254e+00 4.288777698355968226e+00 5.676348547717842585e+00 2.988764044943820419e+00
9.285714285714286031e-02 3.571428571428571230e-02 3.482298316889147038e+00 4.325883201153568614e+00 5.692913385826771311e+00 2.866666666666666696e+00
8.125000000000000278e-02 3.125000000000000000e-02 3.314917127071823177e+00 4.112405757368060577e+00 5.510204081632653406e+00 2.961290322580645284e+00
9.337349397590360978e-02 2.409638554216867595e-02 3.298515667949422969e+00 4.005340453938584844e+00 5.441860465116278966e+00 3.074074074074073959e+00
1.037463976945244976e-01 3.458213256484150150e-02 3.188097768331562332e+00 4.005340453938584844e+00 5.672025723472668979e+00 2.973134328358209011e+00
7.831325301204819511e-02 2.108433734939758886e-02 3.266194882961349855e+00 4.013377926421404673e+00 5.470588235294117752e+00 3.046153846153845990e+00
9.090909090909091161e-02 4.545454545454545581e-02 3.588516746411483105e+00 4.270462633451956869e+00 5.599999999999999645e+00 3.214285714285714413e+00
7.636363636363636964e-02 1.454545454545454544e-02 3.476245654692931453e+00 4.261363636363636687e+00 5.716535433070865757e+00 3.011070110701107083e+00
7.741935483870968082e-02 2.258064516129032126e-02 3.342618384401114362e+00 4.181184668989547326e+00 5.559440559440559149e+00 2.871287128712871173e+00
1.056338028169014065e-01 2.112676056338028130e-02 3.488372093023255793e+00 4.261363636363636687e+00 5.669291338582676865e+00 2.935251798561151038e+00
9.836065573770491621e-02 1.311475409836065573e-02 3.376477208778840833e+00 4.137931034482758896e+00 5.650909090909091326e+00 2.990033222591362172e+00
8.896797153024911531e-02 3.914590747330960741e-02 3.506721215663354929e+00 4.243281471004243244e+00 5.554687500000000000e+00 3.066666666666666874e+00
9.385113268608413772e-02 6.472491909385113575e-03 3.393665158371040658e+00 4.112405757368060577e+00 5.485714285714285765e+00 2.990228013029315957e+00
7.364341085271318421e-02 1.937984496124030981e-02 3.594967046135410627e+00 4.344677769732077977e+00 5.598326359832635823e+00 3.011857707509881354e+00
1.094890510948905160e-01 2.919708029197080196e-02 3.556609365737996242e+00 4.234297812279463891e+00 5.631147540983606703e+00 3.135338345864661758e+00
7.428571428571428825e-02 1.428571428571428527e-02 3.152916447714135373e+00 3.997335109926715369e+00 5.574074074074074403e+00 2.904347826086956630e+00
1.144781144781144844e-01 4.040404040404040747e-02 3.458213256484149678e+00 4.252303330970942596e+00 5.589353612167299978e+00 2.884210526315789558e+00
6.907894736842105921e-02 1.644736842105263067e-02 3.387916431394692118e+00 4.146510020732550039e+00 5.448763250883391862e+00 2.989966555183946273e+00
9.324758842443729712e-02 2.572347266881028910e-02 3.376477208778840833e+00 4.163775156141568345e+00 5.510638297872340274e+00 2.910891089108910812e+00
1.065830721003134807e-01 2.507836990595611187e-02 3.370786516853932380e+00 4.112405757368060577e+00 5.473684210526315930e+00 2.951768488745980523e+00
7.438016528925620041e-02 3.305785123966942241e-02 3.660768761439902264e+00 4.402054292002934410e+00 5.705357142857143238e+00 3.102564102564102644e+00
1.006944444444444475e-01 2.083333333333333218e-02 3.482298316889147038e+00 4.252303330970942596e+00 5.583011583011582957e+00 2.914893617021276473e+00
7.011070110701106417e-02 7.380073800738007166e-03 3.550295857988165604e+00 4.279600570613409261e+00 5.476190476190476275e+00 2.988847583643122530e+00
9.117647058823528938e-02 2.352941176470588203e-02 3.250270855904658696e+00 4.045853000674308753e+00 5.475728155339806058e+00 2.909638554216867679e+00
5.592105263157894773e-02 1.973684210526315680e-02 3.353828954723309330e+00 4.129387474191328344e+00 5.498257839721254037e+00 3.040268456375839090e+00
9.420289855072463969e-02 1.449275362318840597e-02 3.470213996529786016e+00 4.270462633451956869e+00 5.831999999999999851e+00 2.977941176470588314e+00
1.045751633986928136e-01 3.267973856209150513e-02 3.393665158371040658e+00 4.129387474191328344e+00 5.605839416058394420e+00 3.060810810810810967e+00
8.615384615384615030e-02 1.538461538461538547e-02 3.271537622682660906e+00 4.005340453938584844e+00 5.616161616161615910e+00 3.112499999999999822e+00
9.252669039145906826e-02 7.117437722419928461e-03 3.488372093023255793e+00 4.243281471004243244e+00 5.647058823529412130e+00 2.967741935483870996e+00
1.072664359861591754e-01 4.844290657439446340e-02 3.464203233256351044e+00 4.243281471004243244e+00 5.674418604651163101e+00 3.010909090909090757e+00
8.668730650154798933e-02 3.095975232198142427e-02 3.266194882961349855e+00 4.045853000674308753e+00 5.674576271186440479e+00 3.086261980830670826e+00
1.038575667655786405e-01 2.077151335311572602e-02 3.239740820734341220e+00 3.981420039814200340e+00 5.642384105960265295e+00 3.072727272727272751e+00
1.056105610561056118e-01 1.320132013201320148e-02 3.359462486002239512e+00 4.129387474191328344e+00 5.800738007380073391e+00 3.030100334448160737e+00
8.832807570977918576e-02 2.208201892744479644e-02 3.309431880860452146e+00 4.062288422477996264e+00 5.626297577854670884e+00 3.077419354838709875e+00
1.044303797468354444e-01 2.215189873417721528e-02 3.359462486002239512e+00 4.103967168262653509e+00 5.554770318021201803e+00 2.990291262135922334e+00
1.144781144781144844e-01 3.703703703703703498e-02 3.464203233256351044e+00 4.252303330970942596e+00 5.566539923954372249e+00 2.874125874125874169e+00
1.030303030303030276e-01 9.090909090909090468e-03 3.331482509716824136e+00 4.054054054054054390e+00 5.412162162162162282e+00 2.935779816513761631e+00
7.565789473684210453e-02 1.315789473684210453e-02 3.348214285714285587e+00 4.172461752433935800e+00 5.637010676156583244e+00 2.919999999999999929e+00
1.149068322981366408e-01 1.863354037267080793e-02 3.342618384401114362e+00 4.078857919782461039e+00 5.578947368421052211e+00 2.981012658227848000e+00
7.396449704142012138e-02 2.366863905325443732e-02 3.224073078989790453e+00 4.078857919782461039e+00 5.501597444089457056e+00 2.854545454545454497e+00
1.115537848605577670e-01 2.788844621513944175e-02 3.640776699029126373e+00 4.421518054532056041e+00 5.811659192825112008e+00 2.926229508196721341e+00
9.677419354838709409e-02 3.225806451612903136e-02 3.500583430571762023e+00 4.234297812279463891e+00 5.666666666666666963e+00 3.088888888888889017e+00
8.414239482200647213e-02 3.236245954692556354e-02 3.348214285714285587e+00 4.103967168262653509e+00 5.597173144876324891e+00 3.090301003344481767e+00
7.508532423208191808e-02 2.047781569965870241e-02 3.452243958573072646e+00 4.172461752433935800e+00 5.446494464944649394e+00 3.052264808362369131e+00
9.859154929577464144e-02 1.056338028169014065e-02 3.482298316889147038e+00 4.198740377886633901e+00 5.648437500000000000e+00 3.053380782918149627e+00
7.669616519174041191e-02 1.769911504424778736e-02 3.193187865886109478e+00 4.021447721179624679e+00 5.616613418530351787e+00 2.954954954954954971e+00
1.176470588235294101e-01 1.547987616099071213e-02 3.342618384401114362e+00 4.045853000674308753e+00 5.578947368421052211e+00 3.037735849056603765e+00
8.053691275167784713e-02 2.013422818791946178e-02 3.405221339387060286e+00 4.243281471004243244e+00 5.562043795620438047e+00 2.835616438356164171e+00
8.510638297872340219e-02 1.519756838905775113e-02 3.276897870016384662e+00 4.155124653739612484e+00 5.521594684385382479e+00 2.740740740740740922e+00
8.029197080291970712e-02 4.379562043795620641e-02 3.537735849056603765e+00 4.344677769732077977e+00 5.523809523809523725e+00 2.908396946564885344e+00
8.099688473520248733e-02 2.803738317757009310e-02 3.260869565217391131e+00 4.163775156141568345e+00 5.694915254237288060e+00 2.826923076923077094e+00
7.000000000000000666e-02 1.333333333333333419e-02 3.353828954723309330e+00 4.198740377886633901e+00 5.655913978494623962e+00 2.898648648648648685e+00
8.737864077669903196e-02 3.883495145631067624e-02 3.331482509716824136e+00 4.146510020732550039e+00 5.680851063829787329e+00 3.010101010101009944e+00
9.062499999999999722e-02 2.500000000000000139e-02 3.325942350332594444e+00 4.146510020732550039e+00 5.525773195876288568e+00 2.865384615384615419e+00
8.695652173913043237e-02 1.672240802675585211e-02 3.393665158371040658e+00 4.234297812279463891e+00 5.626373626373626813e+00 2.836734693877550839e+00
7.741935483870968082e-02 2.258064516129032126e-02 3.342618384401114362e+00 4.172461752433935800e+00 5.559440559440559149e+00 2.891089108910890992e+00
8.875739644970413733e-02 2.366863905325443732e-02 3.218884120171674024e+00 4.087193460490463615e+00 5.610389610389610482e+00 2.836363636363636420e+00
7.096774193548387177e-02 1.612903225806451568e-02 3.314917127071823177e+00 4.120879120879120450e+00 5.625000000000000000e+00 2.990163934426229631e+00
9.119496855345911313e-02 3.459119496855345838e-02 3.320420586607637059e+00 4.137931034482758896e+00 5.584775086505190167e+00 2.931596091205211696e+00
8.088235294117647467e-02 4.044117647058823733e-02 3.531489111241906897e+00 4.288777698355968226e+00 5.591999999999999638e+00 3.057471264367816133e+00
9.859154929577464144e-02 3.521126760563380448e-02 3.494467093768200527e+00 4.225352112676056038e+00 5.601562500000000000e+00 3.065693430656934115e+00
9.818181818181817566e-02 2.545454545454545539e-02 3.537735849056603765e+00 4.216444132115249488e+00 5.612903225806451957e+00 3.156716417910447881e+00
9.122807017543860253e-02 1.754385964912280604e-02 3.470213996529786016e+00 4.207573632538569086e+00 5.629343629343629196e+00 3.042857142857142705e+00
1.033333333333333326e-01 3.666666666666666685e-02 3.393665158371040658e+00 4.216444132115249488e+00 5.710037174721189324e+00 2.927335640138408301e+00
1.299212598425196763e-01 1.181102362204724393e-02 3.708281829419036058e+00 4.252303330970942596e+00 5.592760180995474784e+00 3.274900398406374702e+00
1.011560693641618547e-01 2.023121387283237024e-02 3.188097768331562332e+00 4.029550033579583967e+00 5.672025723472668979e+00 2.884955752212389424e+00
1.143790849673202575e-01 2.614379084967320341e-02 3.440366972477064245e+00 4.172461752433935800e+00 5.490774907749077727e+00 2.939597315436241587e+00
1.065292096219931234e-01 6.872852233676975814e-03 3.446295232624928317e+00 4.189944134078212201e+00 5.700000000000000178e+00 2.989619377162629821e+00
7.803468208092485814e-02 2.890173410404624221e-02 3.177966101694915224e+00 4.005340453938584844e+00 5.567398119122256794e+00 2.964285714285714413e+00
7.716049382716048954e-02 2.160493827160493707e-02 3.276897870016384662e+00 4.189944134078212201e+00 5.558528428093645779e+00 2.725552050473186050e+00
9.407665505226481262e-02 2.787456445993031356e-02 3.440366972477064245e+00 4.243281471004243244e+00 5.723076923076923173e+00 2.967741935483870996e+00
7.627118644067797104e-02 2.542372881355932368e-02 3.680981595092024605e+00 4.402054292002934410e+00 5.779816513761468322e+00 3.156521739130434767e+00
9.278350515463917869e-02 1.718213058419244127e-02 3.446295232624928317e+00 4.155124653739612484e+00 5.613636363636363313e+00 3.104895104895105007e+00
9.240924092409240342e-02 1.650165016501650012e-02 3.405221339387060286e+00 4.137931034482758896e+00 5.541818181818181976e+00 3.020134228187919323e+00
1.003460207612456717e-01 2.422145328719723170e-02 3.458213256484149678e+00 4.163775156141568345e+00 5.653846153846154188e+00 3.127659574468085069e+00
9.508196721311475141e-02 1.967213114754098532e-02 3.348214285714285587e+00 4.163775156141568345e+00 5.739130434782608425e+00 2.949832775919732253e+00
5.937499999999999722e-02 2.187499999999999861e-02 3.266194882961349855e+00 4.120879120879120450e+00 5.561461794019933791e+00 2.913738019169329174e+00
7.266435986159169858e-02 2.422145328719723170e-02 3.428571428571428381e+00 4.198740377886633901e+00 5.597014925373134275e+00 3.042553191489361541e+00
1.121212121212121215e-01 4.242424242424242681e-02 3.276897870016384662e+00 4.129387474191328344e+00 5.672354948805460317e+00 2.867088607594936889e+00
7.023411371237457679e-02 1.337792642140468204e-02 3.337041156840934164e+00 4.129387474191328344e+00 5.741007194244604150e+00 3.071186440677966090e+00
8.945686900958466081e-02 1.916932907348242732e-02 3.342618384401114362e+00 4.078857919782461039e+00 5.578947368421052211e+00 3.068403908794788304e+00
8.737864077669903196e-02 2.588996763754045430e-02 3.353828954723309330e+00 4.146510020732550039e+00 5.595744680851064246e+00 2.970099667774086516e+00
9.909909909909909997e-02 1.801801801801801786e-02 3.255561584373304562e+00 4.054054054054054390e+00 5.620000000000000107e+00 2.935779816513761631e+00
9.294871794871795156e-02 1.602564102564102422e-02 3.353828954723309330e+00 4.070556309362279634e+00 5.575971731448762903e+00 3.087947882736156391e+00
1.102362204724409434e-01 1.181102362204724393e-02 3.640776699029126373e+00 4.344677769732077977e+00 5.734513274336283217e+00 3.035856573705179251e+00
5.396825396825397081e-02 1.269841269841269840e-02 3.287671232876712146e+00 4.078857919782461039e+00 5.536912751677852462e+00 3.028938906752411508e+00
1.022364217252396124e-01 6.389776357827475772e-03 3.331482509716824136e+00 4.163775156141568345e+00 5.701067615658362620e+00 2.836012861736334489e+00
9.756097560975610095e-02 4.529616724738676214e-02 3.482298316889147038e+00 4.234297812279463891e+00 5.583011583011582957e+00 3.043795620437956373e+00
6.375838926174497157e-02 3.020134228187919614e-02 3.353828954723309330e+00 4.155124653739612484e+00 5.655913978494623962e+00 3.072664359861591699e+00
6.042296072507553212e-02 3.021148036253776606e-02 3.213711837171933539e+00 4.120879120879120450e+00 5.575562700964630025e+00 2.841121495327102675e+00
9.278350515463917869e-02 3.092783505154639290e-02 3.458213256484149678e+00 4.146510020732550039e+00 5.568181818181818343e+00 3.170212765957446610e+00
7.526881720430107781e-02 1.075268817204301161e-02 3.488372093023255793e+00 4.261363636363636687e+00 5.581395348837209447e+00 2.956521739130434590e+00
9.797297297297297147e-02 2.364864864864864996e-02 3.428571428571428381e+00 4.252303330970942596e+00 5.617977528089888040e+00 2.844290657439446424e+00
5.928853754940711235e-02 2.766798418972332002e-02 3.594967046135410627e+00 4.325883201153568614e+00 5.621848739495797886e+00 3.146341463414634276e+00
9.027777777777777624e-02 6.944444444444444059e-03 3.476245654692931453e+00 4.207573632538569086e+00 5.541984732824427162e+00 2.979020979020979176e+00
8.455882352941176960e-02 3.308823529411764747e-02 3.488372093023255793e+00 4.172461752433935800e+00 5.783132530120481896e+00 3.330798479087452524e+00
9.398496240601503238e-02 2.631578947368420907e-02 3.607937462417317942e+00 4.270462633451956869e+00 5.502074688796680491e+00 3.127413127413127381e+00
8.633093525179856564e-02 1.438848920863309427e-02 3.470213996529786016e+00 4.234297812279463891e+00 5.740157480314960203e+00 3.043795620437956373e+00
1.058394160583941562e-01 2.189781021897810320e-02 3.562945368171021254e+00 4.207573632538569086e+00 5.583673469387755439e+00 3.179104477611940371e+00
1.044776119402985037e-01 2.985074626865671585e-02 3.588516746411483105e+00 4.344677769732077977e+00 5.599999999999999645e+00 2.930769230769230571e+00
9.578544061302682322e-02 2.681992337164751036e-02 3.582089552238806096e+00 4.316546762589927866e+00 5.720338983050847759e+00 3.070866141732283339e+00
5.678233438485804502e-02 6.309148264984226935e-03 3.287671232876712146e+00 3.981420039814200340e+00 5.518394648829431759e+00 3.219047619047619158e+00
8.650519031141867821e-02 2.076124567474048332e-02 3.464203233256351044e+00 4.181184668989547326e+00 5.545454545454545858e+00 3.074204946996466514e+00
7.954545454545454419e-02 3.787878787878787984e-02 3.550295857988165604e+00 4.344677769732077977e+00 5.679012345679012697e+00 3.000000000000000000e+00
9.900990099009901457e-02 2.640264026402640296e-02 3.387916431394692118e+00 4.129387474191328344e+00 5.648351648351648713e+00 3.071186440677966090e+00
6.624605678233438932e-02 2.208201892744479644e-02 3.314917127071823177e+00 4.172461752433935800e+00 5.472972972972972805e+00 2.825806451612903114e+00
1.072555205047318605e-01 1.892744479495268167e-02 3.359462486002239512e+00 4.112405757368060577e+00 5.554770318021201803e+00 2.951768488745980523e+00
7.594936708860759722e-02 1.265822784810126563e-02 3.320420586607637059e+00 4.062288422477996264e+00 5.527397260273972712e+00 3.057692307692307487e+00
8.666666666666666963e-02 1.666666666666666644e-02 3.359462486002239512e+00 4.172461752433935800e+00 5.737226277372262651e+00 2.969491525423728628e+00
9.090909090909091161e-02 4.220779220779220797e-02 3.331482509716824136e+00 4.163775156141568345e+00 5.721428571428571530e+00 2.989830508474576209e+00
7.902735562310030104e-02 3.343465045592704937e-02 3.234501347708894858e+00 4.087193460490463615e+00 5.643564356435643248e+00 2.943396226415094130e+00
9.737827715355805436e-02 3.370786516853932491e-02 3.562945368171021254e+00 4.335260115606936360e+00 5.676348547717842585e+00 2.976744186046511587e+00
1.020408163265306145e-01 1.700680272108843691e-02 3.440366972477064245e+00 4.146510020732550039e+00 5.636363636363636687e+00 3.093425605536332057e+00
5.154639175257731687e-02 2.405498281786941708e-02 3.376477208778840833e+00 4.225352112676056038e+00 5.630434782608695343e+00 2.957746478873239493e+00
1.178571428571428548e-01 2.500000000000000139e-02 3.531489111241906897e+00 4.261363636363636687e+00 5.659919028340080871e+00 2.989010989010989050e+00
1.048951048951048959e-01 3.496503496503496761e-02 3.470213996529786016e+00 4.181184668989547326e+00 5.695312500000000000e+00 3.152173913043478048e+00
8.278145695364239054e-02 2.317880794701986796e-02 3.382187147688838991e+00 4.172461752433935800e+00 5.588447653429603257e+00 2.969491525423728628e+00
9.734513274336283051e-02 2.949852507374631227e-02 3.224073078989790453e+00 4.029550033579583967e+00 5.627450980392157298e+00 2.972644376899696184e+00
8.361204013377926403e-02 1.672240802675585211e-02 3.393665158371040658e+00 4.103967168262653509e+00 5.605839416058394420e+00 3.142857142857142794e+00
