9.090909090909091161e-02 2.356902356902356929e-02 2.474226804123711432e+00 3.229278794402583586e+00 5.277777777777777679e+00 2.958620689655172331e+00
7.992565055762081150e-02 2.973977695167286106e-02 2.623524267599475213e+00 3.331482509716824136e+00 5.200000000000000178e+00 3.068965517241379448e+00
8.239095315024232147e-02 2.261712439418416681e-02 2.411575562700964515e+00 3.138075313807531241e+00 5.239436619718309984e+00 3.014876033057851235e+00
9.800362976406533366e-02 1.814882032667876691e-02 2.596278667243617555e+00 3.342618384401114362e+00 5.275653923541247181e+00 2.939001848428835384e+00
7.154742096505824211e-02 1.996672212978369346e-02 2.462043496101764539e+00 3.183023872679044963e+00 5.150537634408602017e+00 3.005093378607810006e+00
9.687034277198211529e-02 1.937406855439642236e-02 2.327385570209464571e+00 3.118503118503118454e+00 5.207920792079208105e+00 2.808510638297872397e+00
8.038585209003215604e-02 9.646302250803859279e-03 2.385685884691848724e+00 3.188097768331562332e+00 5.297202797202797520e+00 2.863636363636363757e+00
7.718120805369127480e-02 1.510067114093959807e-02 2.468120115178938700e+00 3.260869565217391131e+00 5.203636363636364059e+00 2.862010221465076665e+00
6.176961602671118823e-02 3.005008347245409148e-02 2.429149797570850033e+00 3.152916447714135373e+00 5.231316725978647497e+00 3.108433734939759052e+00
8.680555555555555247e-02 2.256944444444444406e-02 2.530577815267819553e+00 3.255561584373304562e+00 5.212927756653992439e+00 2.994671403197158188e+00
1.003584229390681037e-01 1.433691756272401432e-02 2.579535683576956284e+00 3.393665158371040658e+00 5.282868525896414091e+00 2.792727272727272947e+00
6.187290969899665594e-02 1.839464882943143975e-02 2.420330778539733885e+00 3.213711837171933539e+00 5.272727272727272485e+00 2.954003407155025407e+00
5.825242718446602130e-02 1.941747572815533812e-02 2.394253790901835544e+00 3.152916447714135373e+00 5.175257731958763152e+00 2.980198019801980180e+00
6.065318818040435489e-02 1.710730948678071406e-02 2.319288751449555264e+00 3.019627579265224071e+00 5.254966887417218402e+00 3.123417721518987555e+00
7.528641571194762128e-02 1.636661211129296356e-02 2.423263327948303569e+00 3.177966101694915224e+00 5.224778761061946497e+00 2.955074875207986729e+00
7.284768211920529535e-02 1.986754966887417304e-02 2.414486921529174879e+00 3.167898627243928011e+00 5.303571428571428825e+00 3.020270270270270174e+00
7.329842931937172179e-02 1.047120418848167603e-02 2.517834662190516326e+00 3.293084522502744083e+00 5.209039548022598609e+00 2.899470899470899532e+00
8.146964856230032304e-02 1.757188498402555837e-02 2.394253790901835544e+00 3.203416978109983937e+00 5.238260869565217526e+00 2.839024390243902296e+00
7.557117750439366899e-02 1.581722319859402495e-02 2.511511092507325404e+00 3.218884120171674024e+00 5.281368821292775628e+00 3.085714285714285854e+00
7.964601769911504314e-02 3.185840707964601726e-02 2.514668901927912703e+00 3.218884120171674024e+00 5.330769230769230482e+00 3.159049360146252372e+00
8.191126279863480963e-02 2.047781569965870241e-02 2.489626556016597547e+00 3.298515667949422969e+00 5.241635687732341786e+00 2.853658536585365724e+00
8.640000000000000457e-02 2.079999999999999905e-02 2.394253790901835544e+00 3.172924378635642473e+00 5.274956217162872107e+00 2.911764705882352811e+00
8.986615678776291305e-02 1.720841300191204570e-02 2.640845070422535024e+00 3.342618384401114362e+00 5.344537815126050084e+00 3.093385214007782213e+00
9.344262295081967595e-02 2.622950819672131145e-02 2.455996725337699527e+00 3.224073078989790453e+00 5.218806509945750349e+00 2.898989898989898784e+00
8.763693270735524454e-02 1.877934272300469526e-02 2.391390992427262052e+00 3.152916447714135373e+00 5.176672384219553891e+00 2.880382775119617378e+00
9.212481426448737576e-02 2.228826151560178367e-02 2.311248073959938587e+00 3.113648157758173163e+00 5.224222585924713336e+00 2.817629179331306855e+00
9.814814814814815103e-02 2.037037037037037202e-02 2.616659398168338591e+00 3.365114974761637789e+00 5.310061601642710905e+00 2.960302457466918558e+00
9.180327868852458661e-02 9.836065573770492662e-03 2.443991853360488964e+00 3.203416978109983937e+00 5.252707581227436862e+00 2.890728476821192050e+00
9.983079526226734668e-02 2.538071065989847691e-02 2.492729538845035453e+00 3.208556149732620266e+00 5.289473684210526550e+00 3.020833333333333481e+00
8.305084745762711385e-02 1.525423728813559386e-02 2.511511092507325404e+00 3.244997295835586826e+00 5.134935304990757565e+00 2.922547332185886582e+00
7.664884135472370408e-02 1.426024955436720060e-02 2.521008403361344463e+00 3.271537622682660906e+00 5.328185328185328196e+00 3.016274864376130349e+00
9.015025041736227096e-02 1.836393989983305455e-02 2.495840266222961734e+00 3.172924378635642473e+00 5.152293577981651218e+00 3.030612244897959329e+00
7.029876977152900441e-02 2.460456942003514877e-02 2.566295979469632282e+00 3.266194882961349855e+00 5.058601134215501283e+00 3.016216216216216051e+00
6.866197183098592116e-02 2.640845070422535162e-02 2.474226804123711432e+00 3.260869565217391131e+00 5.387523629489603394e+00 3.037974683544304000e+00
7.360861759425493811e-02 2.154398563734290922e-02 2.559726962457337773e+00 3.282275711159737597e+00 5.209302325581395721e+00 3.038532110091743288e+00
7.646176911544227961e-02 1.199400299850074923e-02 2.295332823259372823e+00 3.065917220235053531e+00 5.240259740259740617e+00 2.904400606980273025e+00
8.360128617363343784e-02 1.768488745980707419e-02 2.426202992317024076e+00 3.162888771744860161e+00 5.168421052631578583e+00 2.936170212765957466e+00
9.203539823008849430e-02 2.477876106194690231e-02 2.540220152413209309e+00 3.287671232876712146e+00 5.309941520467836185e+00 2.994555353901996231e+00
7.824427480916031075e-02 1.145038167938931296e-02 2.603036876355748319e+00 3.428571428571428381e+00 5.403726708074533924e+00 2.895752895752895739e+00
7.424960505529225319e-02 2.843601895734597026e-02 2.380007933359777894e+00 3.183023872679044963e+00 5.191126279863481408e+00 2.878048780487804770e+00
9.122807017543860253e-02 1.929824561403508873e-02 2.536997885835095001e+00 3.353828954723309330e+00 5.270270270270270174e+00 2.822898032200357843e+00
9.693053311793214943e-02 2.584814216478190790e-02 2.408671216378964086e+00 3.177966101694915224e+00 5.334525939177101606e+00 2.945273631840795936e+00
9.136212624584717779e-02 1.495016611295681142e-02 2.489626556016597547e+00 3.152916447714135373e+00 5.155393053016453564e+00 3.045531197301854842e+00
8.261617900172117668e-02 1.893287435456110154e-02 2.498958767180341489e+00 3.276897870016384662e+00 5.257035647279550084e+00 2.915789473684210709e+00
6.917293233082706660e-02 2.406015037593985106e-02 2.332814930015552068e+00 3.028773346794548349e+00 5.079159935379644608e+00 3.023112480739599484e+00
9.629629629629629650e-02 1.925925925925926069e-02 2.335539120280264669e+00 3.099173553719008378e+00 5.144262295081967196e+00 2.827794561933534734e+00
8.945686900958466081e-02 1.597444089456868943e-02 2.432103769760843193e+00 3.234501347708894858e+00 5.147368421052631149e+00 2.775974025974025761e+00
8.928571428571428770e-02 3.035714285714285685e-02 2.511511092507325404e+00 3.303964757709251021e+00 5.447058823529411953e+00 3.005524861878452914e+00
7.826086956521739746e-02 2.086956521739130599e-02 2.483443708609271550e+00 3.250270855904658696e+00 5.343396226415094041e+00 3.005328596802841812e+00
7.259528130671506763e-02 9.074410163339383453e-03 2.566295979469632282e+00 3.303964757709251021e+00 5.236790606653620728e+00 2.989010989010989050e+00
7.692307692307692735e-02 1.923076923076923184e-02 2.492729538845035453e+00 3.239740820734341220e+00 5.329545454545454142e+00 3.037433155080214053e+00
8.112582781456953440e-02 1.324503311258278145e-02 2.443991853360488964e+00 3.172924378635642473e+00 5.243243243243242979e+00 2.989932885906040116e+00
4.973357015985790247e-02 2.131438721136767397e-02 2.511511092507325404e+00 3.239740820734341220e+00 5.192523364485981396e+00 3.092558983666061856e+00
7.992895204262877307e-02 2.131438721136767397e-02 2.566295979469632282e+00 3.337041156840934164e+00 5.166023166023165913e+00 2.896551724137931050e+00
7.728706624605678754e-02 2.839116719242902251e-02 2.382843526608419360e+00 3.128258602711157632e+00 5.189743589743589958e+00 2.980519480519480346e+00
8.373590982286634177e-02 2.576489533011272134e-02 2.423263327948303569e+00 3.198294243070362253e+00 5.188049209138839934e+00 2.895867768595041358e+00
7.195301027900147250e-02 3.083700440528634387e-02 2.303262955854126659e+00 3.108808290155440357e+00 5.079113924050632889e+00 2.818181818181818343e+00
9.225700164744646270e-02 1.647446457990115257e-02 2.449979583503470781e+00 3.177966101694915224e+00 5.259528130671506041e+00 2.974874371859296485e+00
9.760273972602739878e-02 1.541095890410958819e-02 2.514668901927912703e+00 3.224073078989790453e+00 5.259962049335863199e+00 2.994782608695652382e+00
9.106239460370994798e-02 1.854974704890387932e-02 2.492729538845035453e+00 3.203416978109983937e+00 5.220779220779220964e+00 3.000000000000000000e+00
8.223684210526316374e-02 1.809210526315789547e-02 2.438033319788703857e+00 3.152916447714135373e+00 5.236559139784946026e+00 3.025125628140703515e+00
7.729468599033816056e-02 1.288244766505636067e-02 2.408671216378964086e+00 3.128258602711157632e+00 5.204188481675392275e+00 2.995106035889070206e+00
7.622504537205081199e-02 2.359346642468239733e-02 2.540220152413209309e+00 3.320420586607637059e+00 5.351669941060904101e+00 3.000000000000000000e+00
9.931506849315067942e-02 1.541095890410958819e-02 2.505219206680584509e+00 3.282275711159737597e+00 5.304182509505703358e+00 2.879999999999999893e+00
1.001642036124794771e-01 1.149425287356321823e-02 2.474226804123711432e+00 3.224073078989790453e+00 5.200729927007299302e+00 2.860465116279069964e+00
7.742998352553541463e-02 3.789126853377264986e-02 2.423263327948303569e+00 3.250270855904658696e+00 5.271428571428571352e+00 2.897260273972602551e+00
8.551483420593368467e-02 2.094240837696335206e-02 2.492729538845035453e+00 3.303964757709251021e+00 5.370229007633588125e+00 2.909090909090909172e+00
7.692307692307692735e-02 2.272727272727272790e-02 2.489626556016597547e+00 3.239740820734341220e+00 5.340909090909090828e+00 3.048300536672629679e+00
7.438016528925620041e-02 1.818181818181818094e-02 2.459016393442623016e+00 3.147953830010493004e+00 5.142857142857143238e+00 3.050505050505050608e+00
8.176100628930817182e-02 1.415094339622641542e-02 2.397123451857770871e+00 3.113648157758173163e+00 5.147260273972602995e+00 2.956937799043062309e+00
8.802816901408450079e-02 1.760563380281690224e-02 2.502085070892410279e+00 3.255561584373304562e+00 5.397683397683397999e+00 3.021505376344086002e+00
1.281618887015177066e-01 2.698145025295109467e-02 2.536997885835095001e+00 3.282275711159737597e+00 5.280464216634429775e+00 2.870017331022530538e+00
8.045977011494252762e-02 1.313628899835796345e-02 2.423263327948303569e+00 3.208556149732620266e+00 5.271428571428571352e+00 2.895174708818635700e+00
7.629870129870129636e-02 3.896103896103896014e-02 2.441008950366151176e+00 3.172924378635642473e+00 5.124780316344463849e+00 3.010135135135135087e+00
8.598726114649681007e-02 1.910828025477706929e-02 2.371541501976284660e+00 3.147953830010493004e+00 5.331010452961672641e+00 2.941558441558441483e+00
1.001697792869269965e-01 3.056027164685908362e-02 2.474226804123711432e+00 3.255561584373304562e+00 5.377358490566037652e+00 2.952714535901926229e+00
7.055214723926379883e-02 1.380368098159509213e-02 2.343750000000000000e+00 3.084832904884318605e+00 5.148514851485148647e+00 2.939346811819595562e+00
5.918057663125948081e-02 1.517450682852807334e-02 2.324680356450988139e+00 3.094378545642083367e+00 5.099999999999999645e+00 2.893682588597842997e+00
7.876712328767122850e-02 2.568493150684931364e-02 2.508361204013378032e+00 3.255561584373304562e+00 5.174721189591077852e+00 2.963093145869947431e+00
7.214765100671141629e-02 1.845637583892617561e-02 2.455996725337699527e+00 3.203416978109983937e+00 5.218806509945750349e+00 2.984615384615384670e+00
6.879194630872483007e-02 1.342281879194630843e-02 2.380007933359777894e+00 3.224073078989790453e+00 5.481081081081081052e+00 2.928571428571428381e+00
1.006825938566552892e-01 2.901023890784983073e-02 2.480363786688714267e+00 3.255561584373304562e+00 5.385199240986716873e+00 2.963093145869947431e+00
8.171206225680933966e-02 2.723735408560311322e-02 2.683363148479427363e+00 3.434459072696050441e+00 5.237288135593220595e+00 2.987999999999999989e+00
7.389162561576355370e-02 2.298850574712643646e-02 2.374356944994064023e+00 3.234501347708894858e+00 5.414893617021276917e+00 2.873949579831932777e+00
7.627118644067797104e-02 1.355932203389830469e-02 2.452984464431725353e+00 3.229278794402583586e+00 5.306422018348623482e+00 2.948453608247422864e+00
7.992895204262877307e-02 1.776198934280639324e-02 2.582866982350409124e+00 3.255561584373304562e+00 5.108108108108107892e+00 3.048824593128390603e+00
8.433734939759035543e-02 3.786574870912220309e-02 2.486531288852051436e+00 3.244997295835586826e+00 5.312030075187969658e+00 3.037567084078712121e+00
6.861063464837049986e-02 2.058319039451115065e-02 2.474226804123711432e+00 3.244997295835586826e+00 5.248618784530386883e+00 2.973730297723292448e+00
8.646003262642740217e-02 3.099510603588907093e-02 2.423263327948303569e+00 3.244997295835586826e+00 5.271428571428571352e+00 2.858585858585858563e+00
9.904761904761905100e-02 2.476190476190476275e-02 2.661934338952972379e+00 3.446295232624928317e+00 5.302325581395348486e+00 2.894531250000000000e+00
8.422939068100358806e-02 1.254480286738351297e-02 2.589555459646093905e+00 3.353828954723309330e+00 5.154598825831702591e+00 2.863883847549909323e+00
7.846153846153845757e-02 2.461538461538461536e-02 2.332814930015552068e+00 3.094378545642083367e+00 5.248747913188648084e+00 2.962145110410094428e+00
6.896551724137930939e-02 2.068965517241379282e-02 2.477291494632535063e+00 3.229278794402583586e+00 5.266666666666666607e+00 3.021126760563380476e+00
8.427876823338735501e-02 1.782820097244732643e-02 2.449979583503470781e+00 3.218884120171674024e+00 5.129203539823008917e+00 2.851485148514851353e+00
9.797297297297297147e-02 1.858108108108108211e-02 2.468120115178938700e+00 3.218884120171674024e+00 5.359550561797752799e+00 2.974182444061962194e+00
6.317689530685920152e-02 2.346570397111913397e-02 2.540220152413209309e+00 3.353828954723309330e+00 5.248554913294797508e+00 2.916820702402957544e+00
6.747404844290658121e-02 2.768166089965398008e-02 2.480363786688714267e+00 3.234501347708894858e+00 5.265306122448979664e+00 3.042704626334519435e+00
8.771929824561403022e-02 2.631578947368420907e-02 2.308580223162755019e+00 3.024193548387096975e+00 5.125000000000000000e+00 2.954954954954954971e+00
9.030100334448160071e-02 1.839464882943143975e-02 2.480363786688714267e+00 3.198294243070362253e+00 5.216911764705882248e+00 2.984667802385008617e+00
7.757166947723440065e-02 2.360876897133220784e-02 2.443991853360488964e+00 3.203416978109983937e+00 5.319926873857403926e+00 3.015544041450777257e+00
8.424908424908425508e-02 2.014652014652014780e-02 2.586206896551724199e+00 3.382187147688838991e+00 5.280000000000000249e+00 2.893457943925233700e+00
7.272727272727272374e-02 2.314049586776859360e-02 2.435064935064934932e+00 3.218884120171674024e+00 5.219251336898396154e+00 2.923857868020304451e+00
6.033182503770739141e-02 2.413273001508295726e-02 2.277039848197343286e+00 3.084832904884318605e+00 5.248796147672551982e+00 2.921174652241112835e+00
7.827476038338658515e-02 1.597444089456868943e-02 2.402883460152182682e+00 3.152916447714135373e+00 5.188908145580588993e+00 2.931818181818181657e+00
6.035889070146818747e-02 2.120717781402936541e-02 2.399999999999999911e+00 3.224073078989790453e+00 5.208333333333333037e+00 2.870000000000000107e+00
7.352941176470588480e-02 2.614379084967320341e-02 2.411575562700964515e+00 3.203416978109983937e+00 5.248677248677248386e+00 2.929530201342281703e+00
8.199121522693997299e-02 3.074670571010248987e-02 2.332814930015552068e+00 3.133159268929504027e+00 5.014354066985646341e+00 2.764350453172205402e+00
6.677524429967426900e-02 2.931596091205211640e-02 2.391390992427262052e+00 3.193187865886109478e+00 5.267015706806282616e+00 2.949664429530201470e+00
9.073724007561437266e-02 2.268431001890359316e-02 2.630425252082420062e+00 3.365114974761637789e+00 5.326403326403326588e+00 3.029013539651837394e+00
7.090103397341211700e-02 1.772525849335302925e-02 2.292701566679403946e+00 3.089598352214212085e+00 5.141494435612083080e+00 2.833082706766917092e+00
8.427876823338735501e-02 2.755267423014586686e-02 2.468120115178938700e+00 3.193187865886109478e+00 5.065486725663716605e+00 2.930000000000000160e+00
8.000000000000000167e-02 1.904761904761904934e-02 2.613240418118466746e+00 3.370786516853932380e+00 5.366459627329192905e+00 3.029126213592232997e+00
8.934169278996864638e-02 1.724137931034482735e-02 2.388535031847133894e+00 3.128258602711157632e+00 5.204819277108433617e+00 2.928229665071770516e+00
7.331378299120235031e-02 1.319648093841642271e-02 2.279635258358662764e+00 3.099173553719008378e+00 5.164556962025316444e+00 2.781575037147102414e+00
8.059210526315789547e-02 1.315789473684210453e-02 2.420330778539733885e+00 3.172924378635642473e+00 5.291592128801431372e+00 2.970000000000000195e+00
9.267563527653213673e-02 2.840059790732436459e-02 2.327385570209464571e+00 3.061224489795918213e+00 5.199341021416803876e+00 2.953846153846154010e+00
1.085409252669039121e-01 2.313167259786476707e-02 2.549936251593710068e+00 3.359462486002239512e+00 5.401197604790419327e+00 2.863387978142076573e+00
8.183306055646481780e-02 1.145662847790507310e-02 2.435064935064934932e+00 3.213711837171933539e+00 5.219251336898396154e+00 2.870860927152317998e+00
8.710801393728223596e-02 2.090592334494773691e-02 2.530577815267819553e+00 3.293084522502744083e+00 5.232824427480916363e+00 2.925266903914590877e+00
8.869565217391303658e-02 3.130434782608695898e-02 2.536997885835095001e+00 3.282275711159737597e+00 5.209923664122137588e+00 2.973070017953321376e+00
1.017543859649122778e-01 1.403508771929824588e-02 2.546689303904923651e+00 3.309431880860452146e+00 5.296875000000000000e+00 2.893238434163701189e+00
8.103727714748784616e-02 2.269043760129659665e-02 2.426202992317024076e+00 3.229278794402583586e+00 5.195767195767195368e+00 2.845771144278606890e+00
8.848080133555925875e-02 2.838063439065108620e-02 2.483443708609271550e+00 3.183023872679044963e+00 5.186813186813187038e+00 3.041237113402061709e+00
8.121827411167512056e-02 3.214890016920473464e-02 2.474226804123711432e+00 3.172924378635642473e+00 5.248618784530386883e+00 3.115384615384615419e+00
8.575803981623277006e-02 1.225114854517611075e-02 2.332814930015552068e+00 3.056546102903718864e+00 5.266331658291456996e+00 2.986046511627907130e+00
8.210180623973727110e-02 2.791461412151067384e-02 2.446982055464926642e+00 3.282275711159737597e+00 5.194991055456172013e+00 2.797297297297297369e+00
7.971014492753622505e-02 3.260869565217391214e-02 2.546689303904923651e+00 3.293084522502744083e+00 5.338582677165354617e+00 3.078651685393258397e+00
8.566433566433566404e-02 1.923076923076923184e-02 2.559726962457337773e+00 3.314917127071823177e+00 5.139579349904397354e+00 2.887700534759358284e+00
8.302583025830258256e-02 1.845018450184501835e-02 2.609830361026533208e+00 3.314917127071823177e+00 5.227364185110664252e+00 3.045112781954887105e+00
7.363013698630137271e-02 2.739726027397260122e-02 2.443991853360488964e+00 3.276897870016384662e+00 5.378927911275416029e+00 2.926056338028169002e+00
8.019639934533551173e-02 2.127659574468085055e-02 2.443991853360488964e+00 3.250270855904658696e+00 5.177935943060497870e+00 2.829431438127090193e+00
6.217616580310880714e-02 3.281519861830742985e-02 2.492729538845035453e+00 3.239740820734341220e+00 5.182320441988950144e+00 3.042857142857142705e+00
7.839721254355400126e-02 1.567944250871080095e-02 2.517834662190516326e+00 3.260869565217391131e+00 5.228733459357277624e+00 2.973451327433628499e+00
8.530805687203792120e-02 1.737756714060031613e-02 2.388535031847133894e+00 3.118503118503118454e+00 5.222797927461139800e+00 2.971061093247588492e+00
8.833333333333333315e-02 2.000000000000000042e-02 2.468120115178938700e+00 3.271537622682660906e+00 5.232175502742230755e+00 2.836734693877550839e+00
8.598726114649681007e-02 3.503184713375796094e-02 2.371541501976284660e+00 3.177966101694915224e+00 5.331010452961672641e+00 2.930693069306930632e+00
5.956112852664576657e-02 1.880877742946708564e-02 2.338269680436476872e+00 3.128258602711157632e+00 5.219999999999999751e+00 2.932907348242811629e+00
9.548611111111110494e-02 2.430555555555555594e-02 2.517834662190516326e+00 3.276897870016384662e+00 5.309021113243762358e+00 2.957295373665480565e+00
6.097560975609755962e-02 1.676829268292683028e-02 2.324680356450988139e+00 3.118503118503118454e+00 5.133116883116882967e+00 2.865116279069767291e+00
9.003215434083601532e-02 9.646302250803859279e-03 2.459016393442623016e+00 3.172924378635642473e+00 5.088339222614840729e+00 2.892857142857142794e+00
8.412698412698413342e-02 1.587301587301587213e-02 2.414486921529174879e+00 3.138075313807531241e+00 5.147313691507799049e+00 2.941935483870967705e+00
9.752066115702479054e-02 2.314049586776859360e-02 2.474226804123711432e+00 3.239740820734341220e+00 5.219780219780219888e+00 2.883248730964467210e+00
9.409594095940959635e-02 2.583025830258302638e-02 2.559726962457337773e+00 3.337041156840934164e+00 5.474541751527494782e+00 3.022727272727272929e+00
8.347826086956522396e-02 1.739130434782608717e-02 2.511511092507325404e+00 3.276897870016384662e+00 5.271347248576850220e+00 2.941592920353982343e+00
9.136212624584717779e-02 1.993355481727574624e-02 2.441008950366151176e+00 3.143006809848087890e+00 5.330895795246800795e+00 3.081355932203389880e+00
8.818897637795275468e-02 2.834645669291338543e-02 2.408671216378964086e+00 3.143006809848087890e+00 5.150259067357512599e+00 2.946515397082658083e+00
8.576642335766423986e-02 1.824817518248175036e-02 2.586206896551724199e+00 3.282275711159737597e+00 5.269461077844311170e+00 3.078066914498141404e+00
8.717105263157894079e-02 9.868421052631578400e-03 2.455996725337699527e+00 3.213711837171933539e+00 5.200000000000000178e+00 2.880398671096345620e+00
8.333333333333332871e-02 1.234567901234567833e-02 2.377179080824088686e+00 3.099173553719008378e+00 5.131313131313131493e+00 2.924999999999999822e+00
9.556313993174062049e-02 1.706484641638225316e-02 2.489626556016597547e+00 3.213711837171933539e+00 5.320754716981132226e+00 3.010416666666666519e+00
9.531502423263328583e-02 2.907915993537964552e-02 2.441008950366151176e+00 3.177966101694915224e+00 5.207142857142857295e+00 2.955074875207986729e+00
8.658743633276740070e-02 1.867572156196943903e-02 2.446982055464926642e+00 3.224073078989790453e+00 5.397769516728624595e+00 2.979238754325259642e+00
5.084745762711864736e-02 2.157164869029275928e-02 2.338269680436476872e+00 3.123373243102550934e+00 5.084415584415584277e+00 2.900787401574802971e+00
7.836456558773424730e-02 8.517887563884156410e-03 2.471169686985172920e+00 3.229278794402583586e+00 5.279112754158965082e+00 2.948453608247422864e+00
7.783417935702199864e-02 1.861252115059221571e-02 2.474226804123711432e+00 3.229278794402583586e+00 5.229357798165137794e+00 2.958620689655172331e+00
7.705192629815744987e-02 2.512562814070351883e-02 2.429149797570850033e+00 3.282275711159737597e+00 5.335753176043557033e+00 2.845360824742268147e+00
8.196721311475409222e-02 1.788375558867362144e-02 2.335539120280264669e+00 3.080082135523614095e+00 5.094155844155844548e+00 2.877086494688922524e+00
7.986688851913477383e-02 2.495840266222961595e-02 2.441008950366151176e+00 3.198294243070362253e+00 5.273056057866184254e+00 2.989761092150170718e+00
6.818181818181817677e-02 1.363636363636363570e-02 2.300613496932515378e+00 3.099173553719008378e+00 5.229268292682927033e+00 2.875576036866359431e+00
8.103130755064456847e-02 1.841620626151013046e-02 2.566295979469632282e+00 3.370786516853932380e+00 5.362725450901803192e+00 2.926829268292682862e+00
8.174904942965779964e-02 1.901140684410646334e-02 2.623524267599475213e+00 3.376477208778840833e+00 5.329192546583850998e+00 3.011627906976744207e+00
8.429752066115701881e-02 1.818181818181818094e-02 2.429149797570850033e+00 3.234501347708894858e+00 5.306859205776173205e+00 2.878787878787878896e+00
7.580645161290322509e-02 2.258064516129032126e-02 2.363135092556124306e+00 3.198294243070362253e+00 5.371727748691099258e+00 2.891089108910890992e+00
8.019639934533551173e-02 2.454991816693944187e-02 2.441008950366151176e+00 3.203416978109983937e+00 5.188612099644128506e+00 2.929530201342281703e+00
8.026755852842809569e-02 2.173913043478260809e-02 2.452984464431725353e+00 3.188097768331562332e+00 5.258181818181817846e+00 3.015384615384615330e+00
7.333333333333333370e-02 2.333333333333333440e-02 2.465078060805258708e+00 3.213711837171933539e+00 5.158273381294963933e+00 2.959044368600682429e+00
7.779886148007590652e-02 2.087286527514231604e-02 2.599653379549393240e+00 3.359462486002239512e+00 5.382716049382715973e+00 3.046511627906976827e+00
7.009345794392522755e-02 4.205607476635513792e-02 2.349256068911511175e+00 3.162888771744860161e+00 5.206030150753768737e+00 2.917073170731707243e+00
7.849293563579277933e-02 2.354788069073783519e-02 2.385685884691848724e+00 3.147953830010493004e+00 5.161839863713798771e+00 2.913183279742765475e+00
6.629834254143646133e-02 3.130755064456722248e-02 2.549936251593710068e+00 3.353828954723309330e+00 5.337278106508875908e+00 3.000000000000000000e+00
7.233273056057866468e-02 3.074141048824593006e-02 2.543450614667231768e+00 3.309431880860452146e+00 5.298245614035087314e+00 3.033582089552238958e+00
9.243697478991597105e-02 3.697478991596638703e-02 2.483443708609271550e+00 3.208556149732620266e+00 5.244444444444444464e+00 3.036649214659685736e+00
7.776049766718506895e-02 1.555209953343701483e-02 2.423263327948303569e+00 3.118503118503118454e+00 4.978077571669476953e+00 2.919431279620853026e+00
9.059233449477352429e-02 8.710801393728222555e-03 2.536997885835095001e+00 3.250270855904658696e+00 5.229885057471264531e+00 2.973637961335676483e+00
6.416275430359937026e-02 2.503912363067292701e-02 2.341006632852126401e+00 3.128258602711157632e+00 5.227424749163879447e+00 2.947030497592295184e+00
8.414239482200647213e-02 1.132686084142394897e-02 2.429149797570850033e+00 3.147953830010493004e+00 5.194346289752649781e+00 2.965630114566284892e+00
6.896551724137930939e-02 1.477832512315270866e-02 2.441008950366151176e+00 3.128258602711157632e+00 5.142857142857143238e+00 3.060000000000000053e+00
9.558823529411764053e-02 3.125000000000000000e-02 2.596278667243617555e+00 3.314917127071823177e+00 5.329268292682926678e+00 3.074003795066413858e+00
7.592592592592592449e-02 3.518518518518518740e-02 2.582866982350409124e+00 3.342618384401114362e+00 5.302605210420841431e+00 3.051823416506717734e+00
8.347245409015024986e-02 2.170283806343906510e-02 2.426202992317024076e+00 3.177966101694915224e+00 5.366120218579235157e+00 3.030716723549487845e+00
5.304212168486739654e-02 2.028081123244929868e-02 2.313922097956035540e+00 3.108808290155440357e+00 5.248764415156507823e+00 2.961783439490445868e+00
6.654343807763400676e-02 2.033271719038817066e-02 2.563007261853908592e+00 3.303964757709251021e+00 5.310891089108911167e+00 3.079245283018868129e+00
5.616224648985959633e-02 1.248049921996879918e-02 2.343750000000000000e+00 3.075345976422347416e+00 5.157024793388429451e+00 3.004739336492891155e+00
8.986928104575163390e-02 2.124183006535947799e-02 2.455996725337699527e+00 3.157894736842105310e+00 5.181328545780969463e+00 3.005008347245408995e+00
6.533575317604355115e-02 1.996370235934664256e-02 2.549936251593710068e+00 3.314917127071823177e+00 5.254368932038834927e+00 3.000000000000000000e+00
8.112324492979719470e-02 1.560062402496099898e-02 2.368732727990525255e+00 3.152916447714135373e+00 5.205432937181663888e+00 2.862123613312202774e+00
7.472178060413355027e-02 1.430842607313195618e-02 2.388535031847133894e+00 3.152916447714135373e+00 5.195876288659794007e+00 2.912903225806451779e+00
7.479674796747967647e-02 2.276422764227642448e-02 2.388535031847133894e+00 3.208556149732620266e+00 5.314586994727592106e+00 2.895174708818635700e+00
7.006369426751592189e-02 2.229299363057324693e-02 2.374356944994064023e+00 3.167898627243928011e+00 5.229452054794520244e+00 2.912052117263843609e+00
7.455429497568881458e-02 2.106969205834683875e-02 2.399999999999999911e+00 3.188097768331562332e+00 5.253940455341505888e+00 2.920529801324503349e+00
8.348794063079777172e-02 3.339517625231910869e-02 2.579535683576956284e+00 3.405221339387060286e+00 5.368421052631578760e+00 2.925143953934740804e+00
6.060606060606060774e-02 1.913875598086124327e-02 2.363135092556124306e+00 3.172924378635642473e+00 5.225806451612903025e+00 2.897560975609756007e+00
9.682539682539682835e-02 1.428571428571428527e-02 2.399999999999999911e+00 3.167898627243928011e+00 5.272407732864675012e+00 2.879227053140096526e+00
8.540925266903914848e-02 1.957295373665480370e-02 2.559726962457337773e+00 3.320420586607637059e+00 5.229571984435797738e+00 2.929219600725952777e+00
5.642633228840125692e-02 2.194357366771159876e-02 2.346499804458349825e+00 3.133159268929504027e+00 5.172757475083056278e+00 2.932692307692307487e+00
7.770270270270270008e-02 2.195945945945946068e-02 2.441008950366151176e+00 3.147953830010493004e+00 5.340659340659340337e+00 3.129533678756476700e+00
8.258527827648115549e-02 1.795332136445242435e-02 2.530577815267819553e+00 3.370786516853932380e+00 5.365949119373777165e+00 2.851919561243144496e+00
9.430604982206405862e-02 2.669039145907473390e-02 2.603036876355748319e+00 3.198294243070362253e+00 5.127701375245579563e+00 3.202925045703838958e+00
8.517350157728706406e-02 2.208201892744479644e-02 2.402883460152182682e+00 3.099173553719008378e+00 5.162068965517241814e+00 3.019354838709677580e+00
9.271523178807947185e-02 1.490066225165562891e-02 2.505219206680584509e+00 3.193187865886109478e+00 5.091240875912408370e+00 2.954621848739495960e+00
7.598784194528875047e-02 1.671732522796352469e-02 2.330097087378640630e+00 3.094378545642083367e+00 5.180921052631578760e+00 2.902627511591962861e+00
8.586762075134167504e-02 2.146690518783541876e-02 2.553191489361702260e+00 3.303964757709251021e+00 5.283757338551859029e+00 2.983546617915905141e+00
6.473594548551958594e-02 1.873935264054514549e-02 2.449979583503470781e+00 3.250270855904658696e+00 5.278688524590164022e+00 2.937500000000000000e+00
6.968641114982578044e-02 1.567944250871080095e-02 2.480363786688714267e+00 3.303964757709251021e+00 5.314606741573033588e+00 2.888495575221238898e+00
9.421487603305785108e-02 2.148760330578512387e-02 2.489626556016597547e+00 3.218884120171674024e+00 5.145985401459854280e+00 2.918918918918918859e+00
9.176029962546816687e-02 2.059925093632958629e-02 2.654867256637168271e+00 3.348214285714285587e+00 5.195876288659794007e+00 3.028680688336520266e+00
7.777777777777777901e-02 9.523809523809524669e-03 2.399999999999999911e+00 3.133159268929504027e+00 5.163511187607572772e+00 2.932692307692307487e+00
8.793103448275861600e-02 3.448275862068965469e-02 2.508361204013378032e+00 3.244997295835586826e+00 5.262759924385632893e+00 3.032142857142857029e+00
6.984667802385008395e-02 2.385008517887564003e-02 2.446982055464926642e+00 3.287671232876712146e+00 5.318681318681318437e+00 2.879581151832460773e+00
7.550644567219153003e-02 2.762430939226519222e-02 2.589555459646093905e+00 3.365114974761637789e+00 5.247011952191234840e+00 2.965909090909090828e+00
8.688245315161839677e-02 1.192504258943782001e-02 2.449979583503470781e+00 3.244997295835586826e+00 5.406716417910447881e+00 2.927586206896551690e+00
9.859154929577464144e-02 2.288732394366197256e-02 2.543450614667231768e+00 3.271537622682660906e+00 5.308593750000000000e+00 3.005405405405405350e+00
6.666666666666666574e-02 2.666666666666666838e-02 2.441008950366151176e+00 3.172924378635642473e+00 5.207142857142857295e+00 3.051369863013698502e+00
7.765151515151515194e-02 1.515151515151515194e-02 2.613240418118466746e+00 3.348214285714285587e+00 5.322381930184804766e+00 3.046153846153845990e+00
6.478405315614617355e-02 2.159468438538205901e-02 2.455996725337699527e+00 3.167898627243928011e+00 5.126110124333925100e+00 3.035653650254668712e+00
8.319738988580750727e-02 1.631321370309950919e-02 2.388535031847133894e+00 3.177966101694915224e+00 5.380782918149466632e+00 2.945273631840795936e+00
6.666666666666666574e-02 2.000000000000000042e-02 2.449979583503470781e+00 3.193187865886109478e+00 5.174999999999999822e+00 2.989795918367347038e+00
8.346972176759411000e-02 2.782324058919803667e-02 2.417405318291700134e+00 3.183023872679044963e+00 5.292857142857142705e+00 2.979797979797979668e+00
1.022012578616352252e-01 1.729559748427672919e-02 2.414486921529174879e+00 3.167898627243928011e+00 5.201401050788090785e+00 2.860799999999999788e+00
6.959152798789712546e-02 1.512859304084720156e-02 2.332814930015552068e+00 3.061224489795918213e+00 5.112195121951219612e+00 2.949308755760368772e+00
1.001494768310911831e-01 2.541106128550074672e-02 2.319288751449555264e+00 3.133159268929504027e+00 5.272425249169435446e+00 2.806748466257668717e+00
7.788161993769469882e-02 2.024922118380062183e-02 2.352018816150529101e+00 3.113648157758173163e+00 5.239864864864864913e+00 2.947535771065182608e+00
7.817589576547230579e-02 3.094462540716612364e-02 2.429149797570850033e+00 3.208556149732620266e+00 5.194346289752649781e+00 2.924369747899159488e+00
8.483754512635378886e-02 3.068592057761732744e-02 2.589555459646093905e+00 3.293084522502744083e+00 5.195266272189349444e+00 3.061452513966480549e+00
9.768211920529801251e-02 2.814569536423841209e-02 2.477291494632535063e+00 3.188097768331562332e+00 5.218348623853210633e+00 3.005110732538330609e+00
7.066052227342549397e-02 1.996927803379416194e-02 2.343750000000000000e+00 3.152916447714135373e+00 5.157024793388429451e+00 2.830721003134796021e+00
1.005802707930367468e-01 1.934235976789168421e-02 2.676181980374665592e+00 3.348214285714285587e+00 5.341935483870967616e+00 3.124260355029585767e+00
6.435643564356435808e-02 2.805280528052805228e-02 2.432103769760843193e+00 3.198294243070362253e+00 5.174603174603174871e+00 2.974533106960950857e+00
8.282208588957054585e-02 1.073619631901840538e-02 2.327385570209464571e+00 3.147953830010493004e+00 5.277591973244146750e+00 2.809302325581395365e+00
7.453416149068323171e-02 2.795031055900621189e-02 2.368732727990525255e+00 3.113648157758173163e+00 5.144295302013422777e+00 2.961661341853035090e+00
8.177172061328789876e-02 2.385008517887564003e-02 2.492729538845035453e+00 3.293084522502744083e+00 5.220779220779220964e+00 2.869109947643979197e+00
9.532374100719424870e-02 2.158273381294964141e-02 2.572898799313893647e+00 3.266194882961349855e+00 5.296222664015904691e+00 3.077205882352941124e+00
6.953642384105959695e-02 2.152317880794701876e-02 2.423263327948303569e+00 3.203416978109983937e+00 5.252669039145907881e+00 2.954314720812182937e+00
6.794425087108013628e-02 1.045296167247386845e-02 2.536997885835095001e+00 3.208556149732620266e+00 5.102803738317756910e+00 3.063380281690140983e+00
8.896797153024911531e-02 1.423487544483985692e-02 2.582866982350409124e+00 3.293084522502744083e+00 5.167968750000000000e+00 2.967509025270758105e+00
8.576329331046311788e-02 2.744425385934819855e-02 2.486531288852051436e+00 3.282275711159737597e+00 5.302063789868667776e+00 2.920634920634920473e+00
6.618962432915921623e-02 8.944543828264758106e-03 2.530577815267819553e+00 3.260869565217391131e+00 5.252873563218391162e+00 3.032490974729241895e+00
7.830342577487764411e-02 1.141924959216965817e-02 2.377179080824088686e+00 3.143006809848087890e+00 5.394690265486725700e+00 3.000000000000000000e+00
7.642276422764227028e-02 2.276422764227642448e-02 2.385685884691848724e+00 3.188097768331562332e+00 5.334507042253521014e+00 2.935108153078203053e+00
6.821963394342761555e-02 1.164725457570715481e-02 2.468120115178938700e+00 3.255561584373304562e+00 5.110714285714285765e+00 2.838383838383838231e+00
9.554140127388535686e-02 1.592356687898089165e-02 2.408671216378964086e+00 3.183023872679044963e+00 5.250000000000000000e+00 2.864077669902912682e+00
7.859531772575251152e-02 2.508361204013377990e-02 2.432103769760843193e+00 3.271537622682660906e+00 5.324863883847549495e+00 2.861063464837049874e+00
9.666080843585236893e-02 2.108963093145869994e-02 2.517834662190516326e+00 3.260869565217391131e+00 5.381322957198444001e+00 3.016157989228007263e+00
9.309791332263242514e-02 2.407704654895666263e-02 2.423263327948303569e+00 3.118503118503118454e+00 5.224778761061946497e+00 3.039473684210526105e+00
6.862745098039216285e-02 3.267973856209150513e-02 2.374356944994064023e+00 3.183023872679044963e+00 5.357894736842105488e+00 2.989864864864864913e+00
8.290155440414508081e-02 2.590673575129533515e-02 2.517834662190516326e+00 3.282275711159737597e+00 5.209039548022598609e+00 2.936170212765957466e+00
1.018363939899833009e-01 2.504173622704507565e-02 2.502085070892410279e+00 3.234501347708894858e+00 5.197026022304832793e+00 2.928082191780821741e+00
9.661016949152542721e-02 3.220338983050847342e-02 2.524190155658392776e+00 3.309431880860452146e+00 5.166979362101312923e+00 2.847635726795096467e+00
9.618320610687022820e-02 2.595419847328244226e-02 2.352018816150529101e+00 3.099173553719008378e+00 5.239864864864864913e+00 2.934169278996865415e+00
6.962962962962962465e-02 1.925925925925926069e-02 2.279635258358662764e+00 3.061224489795918213e+00 5.197452229299362791e+00 2.900302114803625209e+00
8.280254777070063243e-02 1.114649681528662346e-02 2.408671216378964086e+00 3.138075313807531241e+00 5.177083333333333037e+00 2.937198067632850407e+00
8.333333333333332871e-02 2.121212121212121340e-02 2.352018816150529101e+00 3.024193548387096975e+00 5.127272727272726982e+00 3.046439628482972228e+00
6.574923547400611523e-02 2.446483180428134577e-02 2.303262955854126659e+00 3.028773346794548349e+00 5.253682487725041206e+00 3.075235109717868287e+00
7.499999999999999722e-02 2.500000000000000139e-02 2.521008403361344463e+00 3.325942350332594444e+00 5.328185328185328196e+00 2.945054945054945250e+00
8.089500860585198405e-02 1.204819277108433798e-02 2.502085070892410279e+00 3.244997295835586826e+00 5.235955056179775191e+00 2.958188153310104429e+00
7.692307692307692735e-02 2.325581395348837177e-02 2.563007261853908592e+00 3.271537622682660906e+00 5.197674418604651514e+00 3.054945054945054750e+00
7.570422535211267234e-02 1.584507042253521097e-02 2.536997885835095001e+00 3.320420586607637059e+00 5.200000000000000178e+00 2.887298747763864082e+00
9.015025041736227096e-02 2.337228714524207038e-02 2.505219206680584509e+00 3.218884120171674024e+00 5.119266055045871511e+00 2.953846153846154010e+00
8.703374777975132759e-02 1.420959147424511598e-02 2.533783783783783772e+00 3.208556149732620266e+00 5.322957198443579507e+00 3.135135135135135087e+00
7.308970099667774778e-02 3.156146179401993213e-02 2.420330778539733885e+00 3.193187865886109478e+00 5.301075268817204034e+00 3.015437392795883298e+00
9.025270758122744263e-02 2.166064981949458387e-02 2.549936251593710068e+00 3.348214285714285587e+00 5.369047619047618625e+00 2.922509225092250862e+00
6.445672191528545314e-02 9.208103130755065230e-03 2.582866982350409124e+00 3.282275711159737597e+00 5.208661417322834275e+00 3.078066914498141404e+00
8.717948717948717507e-02 1.196581196581196667e-02 2.517834662190516326e+00 3.188097768331562332e+00 5.179775280898876844e+00 3.051903114186851340e+00
7.733812949640288259e-02 2.697841726618704916e-02 2.543450614667231768e+00 3.337041156840934164e+00 5.298245614035087314e+00 2.950092421441774526e+00
8.163265306122448328e-02 1.895043731778425777e-02 2.303262955854126659e+00 3.065917220235053531e+00 5.095238095238094900e+00 2.843982169390787629e+00
5.967450271247739385e-02 2.350813743218806498e-02 2.505219206680584509e+00 3.320420586607637059e+00 5.365384615384614975e+00 2.988888888888888928e+00
9.391304347826086307e-02 3.826086956521738969e-02 2.536997885835095001e+00 3.260869565217391131e+00 5.239923224568138416e+00 3.037974683544304000e+00
7.296849087893864105e-02 1.492537313432835792e-02 2.435064935064934932e+00 3.224073078989790453e+00 5.237924865831842247e+00 2.898989898989898784e+00
7.657657657657657158e-02 2.102102102102102257e-02 2.330097087378640630e+00 3.019627579265224071e+00 5.121951219512195230e+00 3.027607361963190247e+00
7.594936708860759722e-02 2.215189873417721528e-02 2.357563850687622864e+00 3.172924378635642473e+00 5.291095890410958624e+00 2.883495145631068013e+00
9.197324414715718488e-02 2.173913043478260809e-02 2.502085070892410279e+00 3.172924378635642473e+00 5.149171270718231774e+00 3.046153846153845990e+00
7.853403141361256501e-02 2.966841186736474817e-02 2.505219206680584509e+00 3.353828954723309330e+00 5.284090909090909172e+00 2.838129496402877816e+00
8.391608391608391948e-02 2.272727272727272790e-02 2.502085070892410279e+00 3.250270855904658696e+00 5.335877862595419963e+00 3.026833631484794118e+00
1.056338028169014065e-01 3.873239436619718007e-02 2.527379949452400965e+00 3.303964757709251021e+00 5.409448818897637956e+00 2.989010989010989050e+00
6.200317965023847272e-02 1.430842607313195618e-02 2.382843526608419360e+00 3.094378545642083367e+00 5.145762711864406924e+00 3.029032258064515926e+00
9.090909090909091161e-02 1.715265866209262496e-02 2.543450614667231768e+00 3.271537622682660906e+00 5.128301886792453246e+00 2.910994764397905943e+00
8.962264150943395624e-02 1.572327044025157231e-02 2.391390992427262052e+00 3.172924378635642473e+00 5.212435233160621628e+00 2.846645367412140359e+00
7.949125596184419829e-02 2.384737678855326087e-02 2.411575562700964515e+00 3.213711837171933539e+00 5.139896373056994427e+00 2.824104234527687218e+00
7.054673721340387615e-02 2.116402116402116285e-02 2.502085070892410279e+00 3.244997295835586826e+00 5.305502846299810393e+00 3.059459459459459296e+00
6.386861313868613665e-02 2.919708029197080196e-02 2.480363786688714267e+00 3.282275711159737597e+00 5.532163742690058506e+00 3.112781954887218205e+00
7.783417935702199864e-02 2.368866328257191248e-02 2.471169686985172920e+00 3.271537622682660906e+00 5.240366972477064067e+00 2.890814558058925510e+00
7.308970099667774778e-02 1.328903654485049865e-02 2.435064935064934932e+00 3.193187865886109478e+00 5.247311827956989028e+00 2.959595959595959780e+00
7.741935483870968082e-02 9.677419354838710103e-03 2.417405318291700134e+00 3.198294243070362253e+00 5.181818181818181657e+00 2.853420195439739349e+00
8.067226890756303004e-02 3.193277310924369505e-02 2.471169686985172920e+00 3.188097768331562332e+00 5.221206581352833886e+00 3.062500000000000000e+00
7.167832167832167978e-02 2.097902097902097987e-02 2.508361204013378032e+00 3.255561584373304562e+00 5.242937853107344282e+00 3.010714285714285676e+00
8.610567514677103240e-02 2.152641878669275810e-02 2.665482007996446079e+00 3.393665158371040658e+00 5.357601713062098092e+00 3.072000000000000064e+00
6.924315619967794100e-02 2.576489533011272134e-02 2.365930599369085119e+00 3.089598352214212085e+00 5.314878892733563731e+00 3.114049586776859613e+00
7.216494845360824084e-02 1.202749140893470854e-02 2.468120115178938700e+00 3.229278794402583586e+00 5.299999999999999822e+00 2.984347826086956701e+00
9.580838323353293995e-02 1.646706586826347449e-02 2.321981424148606976e+00 3.099173553719008378e+00 5.245033112582781598e+00 2.849315068493150527e+00
7.614213197969543767e-02 1.184433164128595624e-02 2.471169686985172920e+00 3.198294243070362253e+00 5.230769230769230838e+00 3.000000000000000000e+00
6.468531468531468764e-02 1.223776223776223797e-02 2.468120115178938700e+00 3.224073078989790453e+00 5.349532710280374026e+00 3.047787610619469234e+00
9.119010819165378201e-02 2.009273570324575028e-02 2.391390992427262052e+00 3.061224489795918213e+00 5.132653061224489832e+00 3.028391167192428846e+00
7.432432432432432845e-02 1.182432432432432498e-02 2.468120115178938700e+00 3.250270855904658696e+00 5.222627737226277489e+00 2.892307692307692246e+00
6.708268330733228868e-02 1.404056162246489908e-02 2.338269680436476872e+00 3.152916447714135373e+00 5.237458193979932730e+00 2.857594936708860889e+00
1.123778501628664439e-01 1.302931596091205270e-02 2.446982055464926642e+00 3.183023872679044963e+00 5.328440366972476916e+00 2.920792079207920722e+00
8.181818181818181768e-02 2.363636363636363591e-02 2.553191489361702260e+00 3.213711837171933539e+00 5.346534653465346842e+00 3.229050279329608752e+00
7.210626185958254886e-02 2.277039848197343411e-02 2.606429192006950668e+00 3.405221339387060286e+00 5.325153374233129178e+00 2.959223300970873716e+00
6.946688206785137099e-02 1.292407108239095395e-02 2.426202992317024076e+00 3.193187865886109478e+00 5.114583333333333037e+00 2.877250409165302614e+00
8.681672025723473352e-02 3.215434083601285964e-02 2.391390992427262052e+00 3.244997295835586826e+00 5.313380281690140983e+00 2.820598006644518208e+00
6.085526315789473867e-02 2.631578947368420907e-02 2.446982055464926642e+00 3.177966101694915224e+00 5.085814360770577913e+00 3.000000000000000000e+00
7.794361525704809890e-02 2.487562189054726494e-02 2.446982055464926642e+00 3.203416978109983937e+00 5.223021582733813339e+00 2.969387755102040671e+00
9.201388888888889506e-02 1.388888888888888812e-02 2.527379949452400965e+00 3.147953830010493004e+00 5.254302103250478417e+00 3.190140845070422504e+00
6.478405315614617355e-02 2.657807308970099730e-02 2.423263327948303569e+00 3.250270855904658696e+00 5.243339253996447624e+00 2.887372013651877012e+00
8.029197080291970712e-02 2.372262773722627616e-02 2.556455048998721669e+00 3.325942350332594444e+00 5.345238095238094900e+00 3.005607476635514086e+00
9.739130434782608536e-02 1.913043478260869484e-02 2.524190155658392776e+00 3.266194882961349855e+00 5.306358381502890076e+00 2.968085106382978733e+00
8.666666666666666963e-02 2.999999999999999889e-02 2.477291494632535063e+00 3.303964757709251021e+00 5.189781021897810653e+00 2.804123711340205993e+00
1.078904991948470143e-01 2.415458937198067604e-02 2.468120115178938700e+00 3.177966101694915224e+00 5.166064981949458179e+00 2.930693069306930632e+00
6.919275123558484009e-02 2.800658978583196040e-02 2.408671216378964086e+00 3.172924378635642473e+00 5.277876106194690387e+00 3.020338983050847581e+00
8.196721311475409222e-02 9.836065573770492662e-03 2.429149797570850033e+00 3.239740820734341220e+00 5.250000000000000000e+00 2.821192052980132647e+00
8.318264014466546230e-02 3.254972875226039980e-02 2.559726962457337773e+00 3.320420586607637059e+00 5.301775147928994514e+00 3.016822429906542258e+00
7.243816254416961253e-02 3.533568904593639703e-02 2.549936251593710068e+00 3.314917127071823177e+00 5.154285714285713915e+00 2.967032967032967150e+00
8.862876254180601654e-02 2.842809364548494824e-02 2.459016393442623016e+00 3.287671232876712146e+00 5.284403669724770936e+00 2.839931153184165336e+00
8.293460925039872200e-02 1.435406698564593332e-02 2.408671216378964086e+00 3.193187865886109478e+00 5.186086956521739566e+00 2.844660194174757351e+00
7.820299500831946748e-02 1.996672212978369346e-02 2.462043496101764539e+00 3.224073078989790453e+00 5.187725631768953072e+00 2.923599320882852126e+00
8.429752066115701881e-02 1.157024793388429680e-02 2.462043496101764539e+00 3.193187865886109478e+00 5.187725631768953072e+00 2.939799331103678970e+00
8.137432188065099603e-02 2.169981916817359871e-02 2.616659398168338591e+00 3.287671232876712146e+00 5.090551181102362044e+00 3.049907578558225474e+00
7.653910149750416114e-02 2.163061564059900327e-02 2.452984464431725353e+00 3.244997295835586826e+00 5.210810810810810878e+00 2.887755102040816535e+00
5.067567567567567849e-02 1.689189189189189283e-02 2.429149797570850033e+00 3.260869565217391131e+00 5.231316725978647497e+00 2.886597938144329856e+00
8.261617900172117668e-02 1.721170395869190892e-02 2.492729538845035453e+00 3.203416978109983937e+00 5.279549718574108930e+00 3.057793345008756436e+00
8.261617900172117668e-02 2.581755593803786511e-02 2.511511092507325404e+00 3.244997295835586826e+00 5.212007504690431503e+00 3.000000000000000000e+00
7.109737248840804213e-02 9.273570324574960735e-03 2.349256068911511175e+00 3.080082135523614095e+00 5.171381031613976553e+00 2.957878315132605351e+00
6.837606837606838295e-02 2.222222222222222307e-02 2.455996725337699527e+00 3.260869565217391131e+00 5.295412844036697209e+00 2.937062937062937085e+00
7.481751824817518826e-02 2.007299270072992678e-02 2.576212966938600246e+00 3.337041156840934164e+00 5.242603550295857673e+00 2.972067039106145447e+00
6.239737274220032853e-02 1.477832512315270866e-02 2.411575562700964515e+00 3.224073078989790453e+00 5.211908931698774339e+00 2.870000000000000107e+00
7.317073170731706877e-02 2.601626016260162599e-02 2.414486921529174879e+00 3.208556149732620266e+00 5.210526315789473450e+00 2.904841402337228651e+00
8.517887563884156410e-02 3.236797274275979297e-02 2.563007261853908592e+00 3.293084522502744083e+00 4.994413407821229001e+00 2.894366197183098510e+00
8.248914616497829422e-02 2.170767004341533912e-02 2.292701566679403946e+00 3.028773346794548349e+00 5.100946372239747895e+00 2.902366863905325278e+00
1.066433566433566404e-01 1.223776223776223797e-02 2.543450614667231768e+00 3.218884120171674024e+00 5.318982387475537976e+00 3.058407079646017657e+00
9.199318568994889478e-02 1.873935264054514549e-02 2.511511092507325404e+00 3.213711837171933539e+00 5.212007504690431503e+00 3.010416666666666519e+00
8.744038155802862089e-02 2.384737678855326087e-02 2.408671216378964086e+00 3.123373243102550934e+00 5.195121951219512368e+00 3.000000000000000000e+00
8.239095315024232147e-02 2.100161550888529974e-02 2.408671216378964086e+00 3.147953830010493004e+00 5.250000000000000000e+00 2.990099009900990090e+00
7.654723127035831243e-02 1.465798045602605820e-02 2.438033319788703857e+00 3.143006809848087890e+00 5.153439153439153486e+00 3.004958677685950263e+00
7.026143790849673221e-02 6.535947712418300852e-03 2.443991853360488964e+00 3.208556149732620266e+00 5.114235500878734797e+00 2.861842105263157965e+00
7.894736842105262720e-02 2.796052631578947387e-02 2.452984464431725353e+00 3.239740820734341220e+00 5.164285714285714590e+00 2.883248730964467210e+00
7.532051282051281660e-02 1.602564102564102422e-02 2.368732727990525255e+00 3.108808290155440357e+00 5.313691507798959712e+00 3.029315960912052130e+00
8.292682926829268719e-02 1.626016260162601798e-02 2.438033319788703857e+00 3.152916447714135373e+00 5.180851063829787329e+00 2.985123966942148765e+00
8.143939393939393645e-02 2.462121212121212016e-02 2.586206896551724199e+00 3.416856492027334991e+00 5.443298969072165150e+00 2.935922330097087585e+00
8.566433566433566404e-02 1.748251748251748380e-02 2.540220152413209309e+00 3.303964757709251021e+00 5.208413001912045814e+00 2.903914590747330937e+00
8.349146110056926418e-02 3.036053130929791330e-02 2.623524267599475213e+00 3.342618384401114362e+00 5.329192546583850998e+00 3.111545988258316964e+00
9.035222052067380660e-02 2.143950995405819251e-02 2.363135092556124306e+00 3.138075313807531241e+00 5.181818181818181657e+00 2.854460093896713513e+00
5.145797598627787489e-02 6.861063464837049639e-03 2.414486921529174879e+00 3.229278794402583586e+00 5.370705244122965460e+00 2.963730569948186400e+00
7.491856677524430519e-02 2.280130293159609092e-02 2.423263327948303569e+00 3.143006809848087890e+00 5.197183098591549033e+00 3.029999999999999805e+00
7.979626485568760974e-02 5.093378607809847559e-03 2.502085070892410279e+00 3.177966101694915224e+00 5.158671586715867008e+00 3.030716723549487845e+00
9.439999999999999780e-02 2.879999999999999921e-02 2.397123451857770871e+00 3.177966101694915224e+00 5.310954063604240716e+00 2.925864909390444968e+00
7.894736842105262720e-02 2.105263157894736795e-02 2.546689303904923651e+00 3.282275711159737597e+00 5.165714285714285481e+00 2.967741935483870996e+00
1.058394160583941562e-01 3.284671532846715480e-02 2.603036876355748319e+00 3.342618384401114362e+00 5.326530612244898322e+00 3.000000000000000000e+00
8.525754884547069590e-02 2.664298401420958987e-02 2.536997885835095001e+00 3.287671232876712146e+00 5.300970873786408077e+00 3.010948905109489093e+00
6.003430531732418390e-02 2.058319039451115065e-02 2.480363786688714267e+00 3.244997295835586826e+00 5.178832116788321116e+00 2.973730297723292448e+00
7.561728395061728669e-02 1.851851851851851749e-02 2.352018816150529101e+00 3.033367037411526912e+00 5.178631051752921266e+00 3.075471698113207530e+00
8.139534883720930813e-02 3.156146179401993213e-02 2.402883460152182682e+00 3.229278794402583586e+00 5.414104882459312762e+00 2.943396226415094130e+00
7.221350078492935753e-02 1.883830455259026537e-02 2.346499804458349825e+00 3.167898627243928011e+00 5.269035532994923443e+00 2.860799999999999788e+00
8.035714285714286309e-02 3.035714285714285685e-02 2.498958767180341489e+00 3.266194882961349855e+00 5.440776699029126640e+00 3.082872928176795480e+00
6.532663316582915103e-02 1.507537688442210991e-02 2.426202992317024076e+00 3.250270855904658696e+00 5.279569892473118031e+00 2.877551020408163129e+00
1.062801932367149760e-01 2.576489533011272134e-02 2.449979583503470781e+00 3.162888771744860161e+00 5.221621621621621578e+00 2.965289256198347267e+00
7.205623901581721669e-02 2.636203866432337492e-02 2.486531288852051436e+00 3.276897870016384662e+00 5.352272727272727515e+00 3.000000000000000000e+00
8.471454880294659873e-02 2.762430939226519222e-02 2.596278667243617555e+00 3.314917127071823177e+00 5.275653923541247181e+00 3.068181818181818343e+00
7.680491551459293909e-02 2.764976958525345793e-02 2.368732727990525255e+00 3.162888771744860161e+00 5.101497504159733687e+00 2.834123222748815341e+00
8.333333333333332871e-02 1.773049645390071052e-02 2.543450614667231768e+00 3.234501347708894858e+00 5.257253384912959682e+00 3.086642599277978238e+00
1.036906854130052735e-01 1.230228471001757438e-02 2.556455048998721669e+00 3.260869565217391131e+00 5.282352941176470473e+00 2.989323843416370252e+00
7.966101694915253550e-02 1.355932203389830469e-02 2.474226804123711432e+00 3.203416978109983937e+00 5.248618784530386883e+00 3.000000000000000000e+00
8.641975308641974829e-02 3.086419753086419582e-02 2.357563850687622864e+00 3.080082135523614095e+00 5.219594594594594739e+00 3.019108280254777288e+00
9.041591320072332738e-02 2.350813743218806498e-02 2.530577815267819553e+00 3.293084522502744083e+00 5.451292246520874407e+00 3.044444444444444287e+00
5.203252032520325199e-02 2.601626016260162599e-02 2.371541501976284660e+00 3.203416978109983937e+00 5.248713550600342614e+00 2.914858096828046641e+00
8.660130718954248130e-02 2.124183006535947799e-02 2.432103769760843193e+00 3.218884120171674024e+00 5.248658318425760250e+00 2.884808013355592671e+00
8.858603066439522944e-02 1.362862010221465095e-02 2.480363786688714267e+00 3.193187865886109478e+00 5.304672897196261339e+00 3.036269430051813600e+00
8.071748878923766524e-02 1.943198804185351097e-02 2.290076335877862412e+00 3.084832904884318605e+00 5.268292682926829507e+00 2.881097560975609539e+00
8.860759493670886111e-02 2.056962025316455556e-02 2.385685884691848724e+00 3.143006809848087890e+00 5.260416666666666963e+00 2.936995153473344278e+00
7.751937984496123923e-02 2.480620155038759655e-02 2.330097087378640630e+00 3.143006809848087890e+00 5.294117647058823373e+00 2.890302066772655110e+00
5.919003115264797471e-02 1.557632398753894080e-02 2.363135092556124306e+00 3.108808290155440357e+00 5.096026490066225101e+00 2.943037974683544444e+00
8.163265306122448328e-02 2.197802197802197974e-02 2.365930599369085119e+00 3.147953830010493004e+00 5.251282051282051277e+00 2.908507223113964812e+00
8.056872037914691864e-02 1.895734597156398249e-02 2.435064935064934932e+00 3.118503118503118454e+00 5.030927835051546282e+00 2.975845410628019216e+00
8.653846153846153633e-02 1.442307692307692388e-02 2.371541501976284660e+00 3.147953830010493004e+00 5.368421052631578760e+00 2.946341463414634099e+00
8.116883116883116811e-02 2.110389610389610399e-02 2.405773857257417880e+00 3.203416978109983937e+00 5.279151943462897734e+00 2.895522388059701413e+00
7.087827426810477949e-02 1.694915254237288130e-02 2.354788069073783241e+00 3.162888771744860161e+00 5.134328358208954945e+00 2.811912225705329060e+00
9.358752166377816428e-02 2.253032928942807697e-02 2.543450614667231768e+00 3.239740820734341220e+00 5.196940726577437886e+00 3.021276595744680993e+00
8.333333333333332871e-02 1.234567901234567833e-02 2.360346184107002365e+00 3.089598352214212085e+00 5.191919191919192045e+00 2.943750000000000089e+00
5.065359477124183052e-02 2.287581699346405081e-02 2.368732727990525255e+00 3.244997295835586826e+00 5.277108433734939652e+00 2.839464882943143920e+00
9.166666666666666019e-02 2.833333333333333190e-02 2.452984464431725353e+00 3.239740820734341220e+00 5.306422018348623482e+00 2.922813036020583066e+00
7.293354943273905322e-02 1.944894651539708433e-02 2.411575562700964515e+00 3.177966101694915224e+00 5.202797202797202480e+00 2.935537190082644798e+00
9.160305343511450371e-02 2.748091603053435042e-02 2.354788069073783241e+00 3.118503118503118454e+00 5.203361344537815292e+00 2.901098901098901006e+00
7.915993537964459426e-02 1.938610662358642919e-02 2.405773857257417880e+00 3.213711837171933539e+00 5.242105263157895045e+00 2.856672158154859975e+00
6.333333333333333870e-02 1.666666666666666644e-02 2.417405318291700134e+00 3.143006809848087890e+00 5.274021352313167377e+00 3.081355932203389880e+00
8.518518518518518323e-02 2.962962962962963076e-02 2.556455048998721669e+00 3.353828954723309330e+00 5.453441295546558543e+00 3.011450381679389388e+00
9.302325581395348708e-02 1.993355481727574624e-02 2.452984464431725353e+00 3.193187865886109478e+00 5.296703296703296537e+00 2.979661016949152419e+00
7.798165137614679332e-02 2.599388379204892879e-02 2.349256068911511175e+00 3.113648157758173163e+00 5.154228855721393110e+00 2.910518053375196423e+00
9.168081494057725433e-02 1.528013582342954181e-02 2.468120115178938700e+00 3.234501347708894858e+00 5.349532710280374026e+00 2.948275862068965303e+00
9.348914858096828151e-02 1.669449081803004928e-02 2.435064935064934932e+00 3.266194882961349855e+00 5.392265193370166187e+00 2.842105263157894690e+00
6.513409961685823202e-02 1.915708812260536256e-02 2.599653379549393240e+00 3.359462486002239512e+00 5.360655737704917989e+00 3.070312500000000000e+00
7.942238267148014896e-02 3.068592057761732744e-02 2.524190155658392776e+00 3.382187147688838991e+00 5.400000000000000355e+00 2.882681564245809902e+00
9.306260575296108895e-02 1.861252115059221571e-02 2.489626556016597547e+00 3.260869565217391131e+00 5.261194029850746468e+00 2.896551724137931050e+00
8.214285714285714246e-02 2.500000000000000139e-02 2.543450614667231768e+00 3.260869565217391131e+00 5.287937743190661344e+00 3.076923076923077094e+00
8.637873754152823602e-02 3.156146179401993213e-02 2.432103769760843193e+00 3.208556149732620266e+00 5.334545454545454923e+00 2.984562607204116702e+00
8.652246256239601307e-02 1.663893510815307730e-02 2.462043496101764539e+00 3.239740820734341220e+00 5.234972677595628454e+00 2.883248730964467210e+00
7.719928186714541951e-02 1.795332136445242435e-02 2.569593147751605855e+00 3.337041156840934164e+00 5.194552529182879574e+00 2.917733089579524819e+00
6.623586429725362990e-02 2.907915993537964552e-02 2.385685884691848724e+00 3.203416978109983937e+00 5.242214532871972033e+00 2.905158069883527538e+00
6.765676567656765672e-02 1.815181518151815290e-02 2.452984464431725353e+00 3.152916447714135373e+00 5.118584070796460495e+00 3.035294117647058698e+00
8.586762075134167504e-02 2.683363148479427432e-02 2.530577815267819553e+00 3.239740820734341220e+00 5.365949119373777165e+00 3.132352941176470562e+00
8.051529790660225117e-02 1.932367149758454014e-02 2.426202992317024076e+00 3.188097768331562332e+00 5.159369527145359235e+00 2.896551724137931050e+00
8.856682769726248461e-02 3.542673107890498968e-02 2.429149797570850033e+00 3.152916447714135373e+00 5.194346289752649781e+00 3.015025041736226985e+00
5.223880597014925187e-02 1.865671641791044610e-02 2.524190155658392776e+00 3.376477208778840833e+00 5.421259842519685179e+00 2.954372623574144541e+00
8.856088560885608252e-02 1.660516605166051721e-02 2.616659398168338591e+00 3.298515667949422969e+00 5.234817813765181960e+00 3.073170731707317138e+00
6.015037593984962072e-02 1.954887218045112812e-02 2.300613496932515378e+00 3.084832904884318605e+00 5.145599999999999952e+00 2.898773006134969243e+00
7.394957983193277407e-02 3.193277310924369505e-02 2.426202992317024076e+00 3.255561584373304562e+00 5.346642468239564572e+00 2.927083333333333481e+00
1.013071895424836610e-01 2.287581699346405081e-02 2.465078060805258708e+00 3.193187865886109478e+00 5.214545454545454817e+00 2.939799331103678970e+00
7.465277777777777624e-02 2.083333333333333218e-02 2.480363786688714267e+00 3.244997295835586826e+00 5.324577861163226622e+00 3.010638297872340274e+00
6.423611111111110494e-02 2.604166666666666782e-02 2.435064935064934932e+00 3.320420586607637059e+00 5.432282003710574791e+00 2.877005347593582840e+00
5.119453924914675602e-02 1.023890784982935120e-02 2.417405318291700134e+00 3.260869565217391131e+00 5.330935251798560870e+00 2.896551724137931050e+00
8.250825082508250752e-02 3.630363036303630581e-02 2.432103769760843193e+00 3.229278794402583586e+00 5.276978417266186661e+00 2.938356164383561620e+00
7.758620689655172653e-02 2.068965517241379282e-02 2.508361204013378032e+00 3.250270855904658696e+00 5.203738317757009568e+00 2.978873239436619524e+00
1.118881118881118880e-01 2.447552447552447594e-02 2.572898799313893647e+00 3.293084522502744083e+00 5.244094488188975944e+00 2.946236559139784994e+00
7.388316151202749260e-02 1.546391752577319645e-02 2.486531288852051436e+00 3.224073078989790453e+00 5.243042671614100314e+00 3.005235602094241010e+00
6.514084507042253169e-02 1.408450704225352144e-02 2.505219206680584509e+00 3.255561584373304562e+00 5.254237288135593431e+00 3.010714285714285676e+00
6.676783004552351575e-02 2.731411229135053201e-02 2.313922097956035540e+00 3.128258602711157632e+00 5.180487804878048941e+00 2.864274570982839219e+00
6.542056074766354479e-02 7.788161993769470402e-03 2.352018816150529101e+00 3.157894736842105310e+00 5.169999999999999929e+00 2.825745682888539889e+00
6.666666666666666574e-02 1.333333333333333419e-02 2.432103769760843193e+00 3.229278794402583586e+00 5.239285714285713880e+00 2.898648648648648685e+00
8.333333333333332871e-02 2.638888888888888881e-02 2.211573903427939580e+00 2.961500493583415494e+00 5.190909090909090473e+00 2.927246790299572243e+00
6.597222222222222376e-02 2.430555555555555594e-02 2.527379949452400965e+00 3.303964757709251021e+00 5.107806691449813918e+00 2.903914590747330937e+00
9.253246753246753553e-02 1.948051948051948007e-02 2.417405318291700134e+00 3.198294243070362253e+00 5.302325581395348486e+00 2.900662251655629298e+00
7.060755336617405287e-02 2.463054187192118341e-02 2.420330778539733885e+00 3.157894736842105310e+00 5.226148409893992763e+00 3.030303030303030276e+00
6.949152542372881436e-02 2.711864406779660938e-02 2.459016393442623016e+00 3.218884120171674024e+00 5.245901639344261902e+00 3.010452961672474004e+00
6.095551894563426554e-02 1.482701812191103766e-02 2.408671216378964086e+00 3.198294243070362253e+00 5.231578947368420884e+00 2.929765886287625243e+00
7.523510971786834256e-02 2.194357366771159876e-02 2.382843526608419360e+00 3.147953830010493004e+00 5.145762711864406924e+00 2.903846153846153744e+00
7.003257328990228348e-02 1.791530944625407268e-02 2.391390992427262052e+00 3.152916447714135373e+00 5.285464098073554773e+00 2.995024875621890459e+00
6.176961602671118823e-02 1.669449081803004928e-02 2.452984464431725353e+00 3.183023872679044963e+00 5.145907473309608626e+00 3.005093378607810006e+00
7.301587301587302015e-02 2.857142857142857054e-02 2.380007933359777894e+00 3.198294243070362253e+00 5.208904109589041376e+00 2.862745098039215730e+00
7.753164556962025000e-02 2.531645569620253125e-02 2.377179080824088686e+00 3.143006809848087890e+00 5.228130360205831551e+00 2.951298701298701310e+00
9.605488850771869147e-02 2.229845626072041176e-02 2.511511092507325404e+00 3.250270855904658696e+00 5.271347248576850220e+00 2.968421052631578849e+00
5.342237061769616185e-02 3.672787979966610911e-02 2.468120115178938700e+00 3.208556149732620266e+00 5.047619047619047450e+00 3.015597920277296229e+00
9.246575342465752911e-02 1.883561643835616334e-02 2.511511092507325404e+00 3.250270855904658696e+00 5.241509433962264097e+00 2.952879581151832245e+00
8.409785932721712542e-02 1.987767584097859322e-02 2.346499804458349825e+00 3.080082135523614095e+00 5.198664440734557246e+00 2.957878315132605351e+00
8.094435075885328401e-02 1.349072512647554734e-02 2.483443708609271550e+00 3.218884120171674024e+00 5.196330275229358087e+00 2.953846153846154010e+00
8.768971332209106462e-02 1.180438448566610392e-02 2.489626556016597547e+00 3.188097768331562332e+00 5.212569316081331117e+00 3.010238907849829282e+00
7.705479452054794787e-02 2.054794520547945091e-02 2.489626556016597547e+00 3.239740820734341220e+00 5.231910946196660639e+00 2.979020979020979176e+00
1.074766355140186896e-01 9.345794392523363789e-03 2.377179080824088686e+00 3.065917220235053531e+00 5.319371727748690937e+00 3.009433962264151052e+00
8.745874587458746241e-02 2.145214521452145154e-02 2.443991853360488964e+00 3.198294243070362253e+00 5.262206148282097651e+00 2.954468802698145158e+00
6.764168190127971270e-02 9.140767824497257957e-03 2.596278667243617555e+00 3.293084522502744083e+00 5.141176470588235681e+00 3.033210332103321250e+00
8.250825082508250752e-02 1.815181518151815290e-02 2.426202992317024076e+00 3.183023872679044963e+00 5.298561151079137055e+00 2.974789915966386644e+00
6.768189509306260510e-02 1.522842639593908684e-02 2.449979583503470781e+00 3.162888771744860161e+00 5.259528130671506041e+00 3.082474226804123862e+00
8.976660682226211829e-02 2.872531418312387896e-02 2.559726962457337773e+00 3.234501347708894858e+00 5.301775147928994514e+00 3.160813308687615564e+00
7.964601769911504314e-02 2.300884955752212357e-02 2.524190155658392776e+00 3.224073078989790453e+00 5.296153846153845990e+00 3.119565217391304213e+00
7.131280388978930573e-02 2.106969205834683875e-02 2.385685884691848724e+00 3.188097768331562332e+00 5.287958115183245766e+00 2.920529801324503349e+00
6.194690265486725578e-02 3.539823008849557473e-03 2.468120115178938700e+00 3.287671232876712146e+00 5.400000000000000355e+00 2.930728241563055114e+00
1.104536489151873718e-01 3.944773175542406335e-02 2.697841726618705138e+00 3.446295232624928317e+00 5.427937915742793606e+00 3.043121149897330735e+00
7.205623901581721669e-02 2.284710017574692609e-02 2.521008403361344463e+00 3.320420586607637059e+00 5.227272727272727515e+00 2.902877697841726778e+00
9.443507588532883135e-02 1.517706576728499075e-02 2.498958767180341489e+00 3.234501347708894858e+00 5.217877094972067198e+00 2.928082191780821741e+00
7.465007776049767396e-02 2.332814930015552138e-02 2.374356944994064023e+00 3.128258602711157632e+00 5.132773109243697895e+00 2.923566878980891737e+00
8.828250401284108706e-02 2.568218298555377185e-02 2.423263327948303569e+00 3.203416978109983937e+00 5.197183098591549033e+00 2.876441515650741465e+00
8.471760797342192673e-02 1.661129568106312418e-02 2.462043496101764539e+00 3.203416978109983937e+00 5.215970961887477664e+00 2.949324324324324120e+00
8.791208791208791895e-02 2.982731554160125698e-02 2.380007933359777894e+00 3.177966101694915224e+00 5.235800344234078807e+00 2.873786407766990347e+00
1.075837742504409111e-01 1.940035273368606594e-02 2.566295979469632282e+00 3.260869565217391131e+00 5.288537549407114291e+00 3.021582733812949506e+00
8.207705192629816127e-02 3.182579564489112361e-02 2.480363786688714267e+00 3.229278794402583586e+00 5.178832116788321116e+00 2.968858131487889462e+00
7.949125596184419829e-02 1.748807631160572210e-02 2.391390992427262052e+00 3.152916447714135373e+00 5.212435233160621628e+00 2.922330097087378675e+00
8.602150537634409289e-02 2.329749103942652458e-02 2.566295979469632282e+00 3.260869565217391131e+00 5.247058823529411775e+00 3.082568807339449712e+00
9.815950920245399003e-02 2.760736196319018426e-02 2.380007933359777894e+00 3.118503118503118454e+00 5.173469387755101678e+00 2.914826498422713019e+00
7.443365695792880654e-02 2.427184466019417439e-02 2.417405318291700134e+00 3.208556149732620266e+00 5.181818181818181657e+00 2.885572139303482775e+00
8.571428571428571508e-02 1.428571428571428527e-02 2.380007933359777894e+00 3.089598352214212085e+00 5.281250000000000000e+00 3.033816425120773097e+00
9.059829059829059561e-02 1.880341880341880254e-02 2.524190155658392776e+00 3.282275711159737597e+00 5.176691729323308344e+00 2.885017421602787291e+00
8.205128205128205121e-02 2.051282051282051280e-02 2.495840266222961734e+00 3.213711837171933539e+00 5.229050279329609197e+00 3.026178010471204161e+00
7.166123778501629071e-02 1.628664495114006544e-02 2.408671216378964086e+00 3.218884120171674024e+00 5.231578947368420884e+00 2.860927152317880751e+00
6.457242582897032568e-02 4.363001745200698056e-02 2.486531288852051436e+00 3.293084522502744083e+00 5.272388059701492935e+00 3.000000000000000000e+00
6.701940035273368235e-02 1.940035273368606594e-02 2.514668901927912703e+00 3.250270855904658696e+00 5.240075614366729972e+00 3.043165467625899456e+00
9.090909090909091161e-02 3.733766233766233622e-02 2.432103769760843193e+00 3.208556149732620266e+00 5.239285714285713880e+00 2.934232715008431747e+00
7.205623901581721669e-02 3.866432337434094757e-02 2.533783783783783772e+00 3.271537622682660906e+00 5.181818181818181657e+00 3.049360146252285020e+00
9.866220735785953544e-02 1.170568561872909613e-02 2.465078060805258708e+00 3.203416978109983937e+00 5.320964749536178040e+00 2.954314720812182937e+00
6.489184692179700287e-02 1.331114808652246288e-02 2.435064935064934932e+00 3.177966101694915224e+00 5.209964412811388002e+00 2.994940978077571536e+00
8.183306055646481780e-02 1.636661211129296356e-02 2.492729538845035453e+00 3.239740820734341220e+00 5.016042780748662722e+00 2.835274542429284672e+00
6.697108066971080298e-02 2.435312024353120108e-02 2.305918524212144494e+00 3.162888771744860161e+00 5.226753670473082813e+00 2.798751950078003148e+00
8.520900321543407874e-02 1.286173633440514455e-02 2.382843526608419360e+00 3.183023872679044963e+00 5.335676625659051098e+00 2.882736156351791479e+00
8.417508417508418050e-02 1.178451178451178465e-02 2.468120115178938700e+00 3.224073078989790453e+00 5.261029411764705621e+00 2.933560477001703415e+00
7.631160572337042369e-02 1.907790143084260592e-02 2.417405318291700134e+00 3.177966101694915224e+00 5.101549053356282393e+00 2.878444084278768411e+00
8.630393996247655297e-02 1.313320825515947553e-02 2.640845070422535024e+00 3.359462486002239512e+00 5.223819301848049435e+00 2.988593155893536135e+00
9.859154929577464144e-02 2.190923317683881114e-02 2.411575562700964515e+00 3.177966101694915224e+00 5.166666666666666963e+00 2.841600000000000126e+00
8.566721581548600306e-02 1.482701812191103766e-02 2.417405318291700134e+00 3.157894736842105310e+00 5.340540540540540171e+00 3.010033444816053727e+00
9.074410163339383106e-02 2.177858439201451821e-02 2.592912705272255813e+00 3.303964757709251021e+00 5.245508982035928192e+00 3.027829313543599188e+00
7.747747747747747715e-02 1.621621621621621712e-02 2.536997885835095001e+00 3.298515667949422969e+00 5.332031250000000000e+00 3.000000000000000000e+00
7.181328545780969741e-02 2.513464991023339409e-02 2.514668901927912703e+00 3.276897870016384662e+00 5.361702127659574657e+00 3.060773480662983381e+00
7.820299500831946748e-02 1.331114808652246288e-02 2.397123451857770871e+00 3.177966101694915224e+00 5.425992779783393338e+00 2.994940978077571536e+00
8.658743633276740070e-02 4.244482173174872475e-02 2.498958767180341489e+00 3.303964757709251021e+00 5.208178438661709819e+00 2.893617021276595924e+00
7.228915662650602092e-02 1.721170395869190892e-02 2.471169686985172920e+00 3.260869565217391131e+00 5.298701298701298690e+00 2.942206654991243564e+00
7.443365695792880654e-02 1.294498381877022715e-02 2.426202992317024076e+00 3.229278794402583586e+00 5.150349650349649977e+00 2.813114754098360759e+00
6.656101426307448055e-02 2.377179080824088839e-02 2.374356944994064023e+00 3.099173553719008378e+00 5.185059422750424751e+00 3.038961038961038863e+00
8.695652173913043237e-02 2.355072463768115992e-02 2.508361204013378032e+00 3.314917127071823177e+00 5.523809523809523725e+00 3.005565862708719838e+00
6.799336650082918321e-02 2.155887230514096087e-02 2.402883460152182682e+00 3.229278794402583586e+00 5.327402135231317004e+00 2.908474576271186329e+00
5.902777777777777624e-02 2.604166666666666782e-02 2.474226804123711432e+00 3.320420586607637059e+00 5.258302583025829868e+00 2.877005347593582840e+00
7.880910683012258555e-02 2.276707530647986005e-02 2.483443708609271550e+00 3.239740820734341220e+00 5.384030418250950412e+00 3.053763440860215006e+00
8.536585365853659180e-02 1.981707317073170757e-02 2.382843526608419360e+00 3.103983445421624410e+00 5.059999999999999609e+00 2.902021772939346711e+00
7.614213197969543767e-02 1.522842639593908684e-02 2.465078060805258708e+00 3.250270855904658696e+00 5.252747252747252737e+00 2.907216494845360710e+00
7.544378698224851743e-02 1.627218934911242587e-02 2.313922097956035540e+00 3.080082135523614095e+00 5.097599999999999909e+00 2.851127819548872289e+00
7.063197026022305369e-02 2.044609665427509285e-02 2.569593147751605855e+00 3.359462486002239512e+00 5.339999999999999858e+00 2.982922201138519913e+00
8.013937282229964543e-02 3.484320557491289022e-02 2.495840266222961734e+00 3.255561584373304562e+00 5.318181818181818343e+00 3.043321299638989341e+00
6.491499227202472688e-02 2.627511591962905860e-02 2.335539120280264669e+00 3.162888771744860161e+00 5.186776859504131920e+00 2.847619047619047716e+00
7.992895204262877307e-02 2.486678507992895124e-02 2.508361204013378032e+00 3.298515667949422969e+00 5.374517374517374435e+00 2.983606557377049384e+00
8.244274809160305473e-02 1.832061068702290144e-02 2.335539120280264669e+00 3.099173553719008378e+00 5.221297836938435744e+00 2.911353032659409035e+00
8.466453674121406092e-02 1.916932907348242732e-02 2.377179080824088686e+00 3.157894736842105310e+00 5.319371727748690937e+00 2.931596091205211696e+00
6.440677966101694685e-02 1.694915254237288130e-02 2.471169686985172920e+00 3.193187865886109478e+00 5.173913043478260754e+00 3.031034482758620641e+00
8.362989323843415812e-02 3.558718861209964751e-02 2.524190155658392776e+00 3.325942350332594444e+00 5.347572815533980339e+00 2.966789667896678750e+00
8.745874587458746241e-02 2.640264026402640296e-02 2.441008950366151176e+00 3.143006809848087890e+00 5.273056057866184254e+00 3.081355932203389880e+00
9.228187919463087807e-02 2.013422818791946178e-02 2.474226804123711432e+00 3.177966101694915224e+00 5.268022181146025495e+00 3.041095890410959068e+00
7.692307692307692735e-02 2.031930333817126219e-02 2.266717038156403685e+00 3.047232097511427096e+00 5.179245283018867774e+00 2.871111111111110947e+00
7.496012759170653239e-02 2.870813397129186664e-02 2.385685884691848724e+00 3.152916447714135373e+00 5.224137931034483096e+00 2.965517241379310498e+00
