5.193661971830985935e-02 4.313380281690140650e-02 1.705999431333522942e+00 2.001334222815210229e+00 4.674094707520890957e+00 3.676172953081876749e+00
7.160096540627514106e-02 3.378921962992759154e-02 1.648351648351648269e+00 1.902346227013316460e+00 4.575389948006931995e+00 3.587010824313072277e+00
6.291946308724832848e-02 2.852348993288590651e-02 1.698754246885617158e+00 1.944894651539708308e+00 4.533572068039391390e+00 3.601036269430051728e+00
6.106870229007633349e-02 3.477523324851568981e-02 1.687289088863892061e+00 1.943005181347150279e+00 4.617886178861788871e+00 3.669595782073813872e+00
6.083333333333333648e-02 2.999999999999999889e-02 1.688713763017168690e+00 1.931745009658724976e+00 4.530612244897959329e+00 3.618556701030927858e+00
6.493506493506492894e-02 3.722943722943723027e-02 1.700198356474922123e+00 1.958224543080939961e+00 4.683333333333333570e+00 3.712230215827338142e+00
7.198612315698178776e-02 3.902862098872506708e-02 1.700198356474922123e+00 1.950585175552665751e+00 4.727102803738318038e+00 3.747292418772563138e+00
6.551724137931035086e-02 2.586206896551724102e-02 1.722158438576349093e+00 1.944894651539708308e+00 4.583025830258302236e+00 3.690265486725663902e+00
6.737880032867707425e-02 2.875924404272801882e-02 1.646994235520175653e+00 1.929880990672241836e+00 4.657268722466960220e+00 3.568527918781725816e+00
6.125827814569536484e-02 4.470198675496688673e-02 1.644286105782406082e+00 1.898734177215189778e+00 4.671957671957671643e+00 3.743500866551126460e+00
6.347826086956522007e-02 3.739130434782608758e-02 1.717721156598912113e+00 1.999333555481506153e+00 4.629526462395543440e+00 3.615176151761517520e+00
5.347593582887700397e-02 3.208556149732620655e-02 1.717721156598912113e+00 1.956309096837300254e+00 4.694915254237288060e+00 3.806629834254143585e+00
7.601351351351351426e-02 4.560810810810810717e-02 1.693002257336343019e+00 1.931745009658724976e+00 4.650822669104204721e+00 3.727433628318584269e+00
6.899418121363258549e-02 3.906899418121363016e-02 1.693002257336343019e+00 1.918771985929005330e+00 4.542857142857142705e+00 3.679930795847750957e+00
7.160699417152373292e-02 4.079933388842631181e-02 1.681614349775784722e+00 1.898734177215189778e+00 4.606278026905829215e+00 3.750000000000000000e+00
5.301794453507340660e-02 4.323001631321370108e-02 1.655172413793103425e+00 1.882648258550360776e+00 4.521963824289406020e+00 3.728900255754475701e+00
6.599832915622388940e-02 3.258145363408521122e-02 1.687289088863892061e+00 1.935483870967741993e+00 4.572450805008944741e+00 3.626943005181347157e+00
5.473501303214595853e-02 3.996524761077323989e-02 1.663432215137233161e+00 1.979544704717914883e+00 4.792279411764705621e+00 3.676018099547511131e+00
4.719999999999999890e-02 3.839999999999999664e-02 1.646994235520175653e+00 1.882648258550360776e+00 4.438287153652392902e+00 3.638935108153078080e+00
5.861767279090113886e-02 4.724409448818897572e-02 1.695873374788015919e+00 1.991370726850315354e+00 4.717472118959108229e+00 3.696969696969696795e+00
6.299212598425196763e-02 4.024496937882764830e-02 1.722158438576349093e+00 1.939237233354880408e+00 4.638655462184874345e+00 3.817684594348222493e+00
7.118353344768439672e-02 5.060034305317324260e-02 1.683029453015427723e+00 1.967858314201377468e+00 4.736842105263157521e+00 3.701897018970189635e+00
7.856532877882152488e-02 3.586678052946199596e-02 1.704545454545454586e+00 1.960143743874550815e+00 4.670991658943465907e+00 3.651018600531443781e+00
6.465517241379310776e-02 4.051724137931034253e-02 1.711840228245363749e+00 1.985440105890138973e+00 4.617511520737327402e+00 3.633423180592991741e+00
6.182121971595655463e-02 4.177109440267334772e-02 1.667593107281823306e+00 1.948684637869438019e+00 4.626892252894033497e+00 3.625108979947689658e+00
7.124895222129086492e-02 3.269069572506286964e-02 1.683029453015427723e+00 1.954397394136807797e+00 4.629963898916967580e+00 3.587521663778162839e+00
6.568778979907263782e-02 3.245749613601236344e-02 1.613770844540075355e+00 1.819284414796846550e+00 4.496277915632754585e+00 3.670926517571885039e+00
6.008583690987124443e-02 3.605150214592274527e-02 1.690140845070422504e+00 2.017484868863483438e+00 4.657534246575342429e+00 3.515583259127337268e+00
5.928853754940711235e-02 3.162055335968379233e-02 1.617686708007549212e+00 1.896933291179260239e+00 4.552941176470588047e+00 3.531428571428571583e+00
6.193895870736085968e-02 3.770197486535008941e-02 1.731102135025966549e+00 2.023608768971332239e+00 4.719617224880383155e+00 3.666044776119402826e+00
5.546218487394957708e-02 3.445378151260504451e-02 1.657916551533572758e+00 1.939237233354880408e+00 4.660142348754447994e+00 3.644908616187989558e+00
5.233494363929146881e-02 4.106280193236715170e-02 1.604707140946777244e+00 1.895135818066961519e+00 4.654205607476635365e+00 3.637279596977330165e+00
5.467511885895404156e-02 3.090332805071315317e-02 1.595744680851063801e+00 1.902346227013316460e+00 4.626990779547359267e+00 3.522485690923957691e+00
5.365853658536585274e-02 3.252032520325203596e-02 1.624255549539794341e+00 1.877346683354192747e+00 4.628865979381443729e+00 3.690756302521008614e+00
7.239819004524887525e-02 3.891402714932126750e-02 1.758499413833528813e+00 2.027712064886785903e+00 4.706341463414633886e+00 3.689265536723163930e+00
5.424321959755030315e-02 4.111986001749780989e-02 1.691570341133352029e+00 1.985440105890138973e+00 4.712303422756706439e+00 3.689781021897810209e+00
5.327510917030567339e-02 2.969432314410480264e-02 1.695873374788015919e+00 1.962066710268149050e+00 4.682656826568265984e+00 3.704770477047704791e+00
6.093489148580968212e-02 4.173622704507512493e-02 1.697312588401697298e+00 1.896933291179260239e+00 4.506666666666666821e+00 3.768292682926829062e+00
5.444355484387509991e-02 3.122497998398719027e-02 1.645639056500274311e+00 1.879110554337613426e+00 4.480948348856901298e+00 3.624793388429751850e+00
5.707196029776674673e-02 4.466501240694788905e-02 1.666203832268814189e+00 1.937358734258960213e+00 4.563157894736842302e+00 3.631168831168831268e+00
6.390041493775933112e-02 3.485477178423236622e-02 1.664816870144284033e+00 1.911436763300414121e+00 4.617021276595744794e+00 3.678417884780739389e+00
6.250000000000000000e-02 4.083333333333333259e-02 1.674574379012001124e+00 1.922460749759692389e+00 4.591999999999999638e+00 3.685490877497827888e+00
5.952380952380952051e-02 4.081632653061224164e-02 1.685866816521494727e+00 1.933612632935868492e+00 4.627486437613019810e+00 3.728723404255319007e+00
7.249999999999999500e-02 3.833333333333333037e-02 1.700198356474922123e+00 1.944894651539708308e+00 4.544474393530997247e+00 3.613518197573656998e+00
5.716652858326429221e-02 4.722452361226180811e-02 1.648351648351648269e+00 1.918771985929005330e+00 4.639718804920914152e+00 3.699130434782608834e+00
6.345381526104418302e-02 3.694779116465863461e-02 1.608579088471849827e+00 1.866832607342874928e+00 4.682675814751286580e+00 3.693077564637197607e+00
6.104901117798796489e-02 3.783319002579535462e-02 1.701644923425978506e+00 1.977587343441002066e+00 4.626373626373626813e+00 3.635388739946380898e+00
7.445887445887446054e-02 3.636363636363636187e-02 1.728110599078340970e+00 1.960143743874550815e+00 4.624883068288119681e+00 3.703504043126684575e+00
6.748971193415638503e-02 2.962962962962963076e-02 1.674574379012001124e+00 1.905972045743329124e+00 4.559576345984113210e+00 3.643765903307888188e+00
6.347826086956522007e-02 4.956521739130434479e-02 1.710376282782211987e+00 1.989389920424403213e+00 4.657381615598885638e+00 3.688929551692589293e+00
5.693664795509222054e-02 4.089815557337610208e-02 1.622937516905599065e+00 1.880877742946708508e+00 4.586734693877550839e+00 3.662207357859531776e+00
6.178287731685790096e-02 4.677846425419240894e-02 1.701644923425978506e+00 2.027712064886785903e+00 4.752587017873941555e+00 3.627777777777777768e+00
5.478260869565217128e-02 4.173913043478261198e-02 1.678791270285394432e+00 1.983471074380165344e+00 4.735970561177553328e+00 3.675136116152450061e+00
8.173913043478260587e-02 3.304347826086956319e-02 1.717721156598912113e+00 1.922460749759692389e+00 4.721590909090909172e+00 3.814748201438848962e+00
4.840103716508210863e-02 3.111495246326706834e-02 1.677383282079955240e+00 1.929880990672241836e+00 4.681198910081743492e+00 3.762711864406779849e+00
6.391925988225399813e-02 3.700588730025231032e-02 1.657916551533572758e+00 1.977587343441002066e+00 4.706199460916441701e+00 3.552838427947598188e+00
7.155635062611806485e-02 4.651162790697674354e-02 1.723642631427750649e+00 2.011397921555480917e+00 4.780346820809248776e+00 3.720450281425891070e+00
6.416275430359937026e-02 4.616588419405320831e-02 1.613770844540075355e+00 1.887979861548143568e+00 4.545150501672241106e+00 3.573420836751435736e+00
6.058158319870759340e-02 3.715670436187398784e-02 1.642935377875136993e+00 1.884422110552763874e+00 4.560619088564058288e+00 3.664429530201342100e+00
5.465414175918018730e-02 3.159692570452604654e-02 1.680201624194903376e+00 1.946787800129785806e+00 4.644986449864498823e+00 3.671957671957672087e+00
6.106194690265486641e-02 4.070796460176991094e-02 1.737116386797915357e+00 1.975633849193282776e+00 4.625824693685202327e+00 3.758302583025830312e+00
5.971479500891265640e-02 4.278074866310160179e-02 1.708914839077185999e+00 1.999333555481506153e+00 4.760189573459715717e+00 3.726256983240223253e+00
6.265256305939788384e-02 4.231082180634661988e-02 1.671774867651156349e+00 1.916932907348242843e+00 4.494791666666666963e+00 3.619371282922684951e+00
6.928213689482470850e-02 4.090150250417362576e-02 1.700198356474922123e+00 1.909611712285168572e+00 4.536322869955156989e+00 3.728459530026109636e+00
6.432748538011695549e-02 3.675856307435254600e-02 1.667593107281823306e+00 1.926163723916533010e+00 4.639285714285714235e+00 3.668690372940156319e+00
5.081826012058570513e-02 3.703703703703703498e-02 1.704545454545454586e+00 1.967858314201377468e+00 4.573502722323048886e+00 3.665474060822897950e+00
6.415739948674080428e-02 2.224123182207014479e-02 1.683029453015427723e+00 1.933612632935868492e+00 4.689213893967092872e+00 3.679790026246719137e+00
7.266435986159169858e-02 3.287197231833909744e-02 1.714775650185767386e+00 1.969796454366382177e+00 4.662313432835820670e+00 3.660107334525939393e+00
6.165540540540540709e-02 3.125000000000000000e-02 1.722158438576349093e+00 1.905972045743329124e+00 4.471647164716471501e+00 3.745422842197035695e+00
6.438467807660962217e-02 3.748981255093724457e-02 1.678791270285394432e+00 1.882648258550360776e+00 4.484320557491288994e+00 3.703640982218459055e+00
6.382978723404254817e-02 4.412923561859732197e-02 1.615074024226110350e+00 1.851280468991052253e+00 4.570707070707070940e+00 3.694971145919208499e+00
6.905158069883526872e-02 3.161397670549084826e-02 1.678791270285394432e+00 1.896933291179260239e+00 4.600536193029491017e+00 3.716494845360824861e+00
6.420545746388442443e-02 3.611556982343499395e-02 1.655172413793103425e+00 1.939237233354880408e+00 4.502572898799313883e+00 3.487094088259783398e+00
5.772495755517826482e-02 3.735144312393887805e-02 1.688713763017168690e+00 1.969796454366382177e+00 4.599999999999999645e+00 3.608465608465608376e+00
6.627516778523490082e-02 4.781879194630872520e-02 1.664816870144284033e+00 1.958224543080939961e+00 4.679245283018867774e+00 3.637004405286343722e+00
5.280528052805280592e-02 4.455445544554455239e-02 1.670378619153674915e+00 1.907790143084260759e+00 4.515679442508711006e+00 3.704663212435233000e+00
6.438791732909379673e-02 5.246422893481716976e-02 1.608579088471849827e+00 1.928020565552699184e+00 4.638912489379778847e+00 3.543624161073825718e+00
7.400722021660649519e-02 3.790613718411552091e-02 1.761597181444509719e+00 1.993355481727574707e+00 4.690058479532163815e+00 3.771106941838649362e+00
7.261247040252565010e-02 3.078137332280978661e-02 1.624255549539794341e+00 1.820940819423368717e+00 4.585531914893617333e+00 3.737785016286645057e+00
6.390328151986182648e-02 3.626943005181346852e-02 1.734104046242774588e+00 1.943005181347150279e+00 4.538745387453874791e+00 3.741935483870967527e+00
6.908171861836562289e-02 5.475989890480201933e-02 1.670378619153674915e+00 1.916932907348242843e+00 4.691402714932126905e+00 3.796791443850267456e+00
5.728727885425442118e-02 4.043807919123841577e-02 1.687289088863892061e+00 1.956309096837300254e+00 4.568364611260053998e+00 3.629499561018437070e+00
6.638655462184873957e-02 4.537815126050420006e-02 1.656543346217559387e+00 1.946787800129785806e+00 4.720072007200720066e+00 3.665492957746478986e+00
5.157131345688960311e-02 4.351329572925060479e-02 1.652437345083998865e+00 1.913265306122448939e+00 4.470688190314358934e+00 3.598989048020218906e+00
6.405124099279423111e-02 3.442754203362689835e-02 1.652437345083998865e+00 1.872074882995319767e+00 4.501283147989735056e+00 3.656716417910447881e+00
5.719237435008665826e-02 3.639514731369150602e-02 1.701644923425978506e+00 1.979544704717914883e+00 4.643382352941176627e+00 3.652877697841726778e+00
6.899563318777292287e-02 4.716157205240174843e-02 1.714775650185767386e+00 1.993355481727574707e+00 4.688555347091932113e+00 3.684692942254812031e+00
8.046940486169321116e-02 1.927912824811399764e-02 1.687289088863892061e+00 1.896933291179260239e+00 4.659981768459434903e+00 3.697435897435897623e+00
6.935908691834942463e-02 4.565408252853379867e-02 1.728110599078340970e+00 1.985440105890138973e+00 4.664150943396226268e+00 3.720331186752529717e+00
4.486626402070750808e-02 3.623813632441760108e-02 1.671774867651156349e+00 1.958224543080939961e+00 4.677506775067750588e+00 3.695613249776186215e+00
5.942275042444821603e-02 3.904923599320882927e-02 1.701644923425978506e+00 1.902346227013316460e+00 4.559566787003610067e+00 3.805653710247349775e+00
5.614035087719298350e-02 4.385964912280701511e-02 1.701644923425978506e+00 2.031832035218422039e+00 4.695167286245353289e+00 3.583486238532110235e+00
6.733167082294264083e-02 4.571903574397340186e-02 1.698754246885617158e+00 1.967858314201377468e+00 4.513368983957219527e+00 3.569686411149825656e+00
7.378472222222222376e-02 4.340277777777777624e-02 1.734104046242774588e+00 1.944894651539708308e+00 4.611059044048734457e+00 3.784029038112522780e+00
5.396565821749795683e-02 3.679476696647587808e-02 1.657916551533572758e+00 1.887979861548143568e+00 4.527225583405358300e+00 3.697792869269949101e+00
6.615776081424935839e-02 3.392705682782018450e-02 1.698754246885617158e+00 1.933612632935868492e+00 4.599455040871935019e+00 3.692712906057945776e+00
6.022052586938082819e-02 2.544529262086513838e-02 1.678791270285394432e+00 1.911436763300414121e+00 4.646209386281588749e+00 3.723237597911227326e+00
5.080645161290322370e-02 4.032258064516128920e-02 1.630877955966295145e+00 1.884422110552763874e+00 4.552251486830925842e+00 3.670588235294117485e+00
6.151288445552784839e-02 4.405652535328345720e-02 1.694436599830556389e+00 1.916932907348242843e+00 4.501328609388839830e+00 3.704347826086956452e+00
6.354515050167224011e-02 3.511705685618728839e-02 1.660669803487406559e+00 1.920614596670934704e+00 4.666071428571428648e+00 3.681109185441941101e+00
5.987055016181229428e-02 3.721682847896440327e-02 1.652437345083998865e+00 1.907790143084260759e+00 4.528399311531841498e+00 3.605042016806722760e+00
6.006493506493506412e-02 3.165584415584415251e-02 1.638896476372575739e+00 1.926163723916533010e+00 4.595854922279793087e+00 3.545683151718356907e+00
7.108239095315024847e-02 3.877221324717285839e-02 1.656543346217559387e+00 1.918771985929005330e+00 4.559999999999999609e+00 3.574789915966386733e+00
6.039076376554174119e-02 4.618117229129662521e-02 1.708914839077185999e+00 2.001334222815210229e+00 4.746691871455576361e+00 3.720670391061452698e+00
6.396761133603239002e-02 4.372469635627530132e-02 1.634877384196185224e+00 1.873828856964397271e+00 4.619377162629757727e+00 3.729043183742590806e+00
5.827702702702702853e-02 3.547297297297297147e-02 1.656543346217559387e+00 1.902346227013316460e+00 4.703139013452914519e+00 3.772329246935201219e+00
6.762468300929840026e-02 3.888419273034657980e-02 1.690140845070422504e+00 1.943005181347150279e+00 4.623753399818676613e+00 3.672823218997361305e+00
6.938421509106677820e-02 4.509973980919340653e-02 1.683029453015427723e+00 1.967858314201377468e+00 4.780987884436160407e+00 3.722070844686648616e+00
7.862407862407862214e-02 3.357903357903357922e-02 1.693002257336343019e+00 1.916932907348242843e+00 4.522666666666666835e+00 3.610169491525423879e+00
7.766143106457241985e-02 3.315881326352530800e-02 1.710376282782211987e+00 1.963993453355155516e+00 4.745506149479659541e+00 3.709386281588447520e+00
5.680868838763575290e-02 2.589807852965747559e-02 1.690140845070422504e+00 1.948684637869438019e+00 4.517271922054916011e+00 3.566037735849056478e+00
6.523534269199009195e-02 5.202312138728323876e-02 1.680201624194903376e+00 1.937358734258960213e+00 4.542402826855123976e+00 3.653310104529616797e+00
5.179615705931495118e-02 5.764411027568921986e-02 1.645639056500274311e+00 1.981505944517833573e+00 4.662555066079295152e+00 3.595744680851063801e+00
7.800829875518672241e-02 2.904564315352697185e-02 1.680201624194903376e+00 1.922460749759692389e+00 4.628262826282628417e+00 3.625641025641025639e+00
6.070826306913996301e-02 4.131534569983136285e-02 1.684446939921392383e+00 1.920614596670934704e+00 4.599640933572710644e+00 3.736147757255936508e+00
5.793226381461675373e-02 4.367201426024955313e-02 1.723642631427750649e+00 2.027712064886785903e+00 4.694418164616839917e+00 3.651444547996272050e+00
7.031250000000000000e-02 3.993055555555555247e-02 1.725129384703852686e+00 1.975633849193282776e+00 4.627450980392157298e+00 3.683544303797468444e+00
5.134281200631911346e-02 4.028436018957345932e-02 1.617686708007549212e+00 1.887979861548143568e+00 4.511240632805995077e+00 3.585185185185185031e+00
6.353350739773716560e-02 4.177545691906005276e-02 1.691570341133352029e+00 2.011397921555480917e+00 4.734200743494423769e+00 3.602179836512261701e+00
6.260434056761268740e-02 3.422370617696160466e-02 1.648351648351648269e+00 1.886199308393586849e+00 4.701691896705253448e+00 3.770095073465860036e+00
6.848184818481847791e-02 4.455445544554455239e-02 1.687289088863892061e+00 1.933612632935868492e+00 4.527900797165632873e+00 3.632124352331606243e+00
7.310704960835509580e-02 3.481288076588337499e-02 1.707455890722823000e+00 1.969796454366382177e+00 4.721126760563380209e+00 3.689810640216411031e+00
6.538139145012573927e-02 3.185247275775356102e-02 1.668984700973574320e+00 1.913265306122448939e+00 4.654708520179371867e+00 3.698701298701298601e+00
4.819277108433735191e-02 2.839931153184165405e-02 1.695873374788015919e+00 1.933612632935868492e+00 4.589511754068715810e+00 3.725420726306465813e+00
5.592654424040066630e-02 3.923205342237062049e-02 1.642935377875136993e+00 1.926163723916533010e+00 4.689655172413792705e+00 3.675065160729800162e+00
6.890756302521008902e-02 3.277310924369748052e-02 1.697312588401697298e+00 1.907790143084260759e+00 4.575812274368231236e+00 3.727193744569939238e+00
7.344632768361582242e-02 2.905569007263922657e-02 1.652437345083998865e+00 1.852995676343421882e+00 4.583623693379791142e+00 3.720698254364089852e+00
7.011686143572620766e-02 4.006677796327211966e-02 1.671774867651156349e+00 1.924310455420141119e+00 4.648114901256732878e+00 3.683478260869565091e+00
6.485188150520415640e-02 4.643714971977581929e-02 1.638896476372575739e+00 1.861619609059881997e+00 4.556506849315068663e+00 3.732997481108312421e+00
6.643952299829641861e-02 3.833049403747870731e-02 1.681614349775784722e+00 1.983471074380165344e+00 4.686131386861314141e+00 3.587245349867139055e+00
7.184628237259815808e-02 3.759398496240601295e-02 1.655172413793103425e+00 1.954397394136807797e+00 4.725472547254725875e+00 3.593750000000000000e+00
5.074875207986688508e-02 4.409317803660565971e-02 1.660669803487406559e+00 1.962066710268149050e+00 4.580192813321647627e+00 3.582245430809399611e+00
5.636070853462157859e-02 4.750402576489533291e-02 1.618996222342147906e+00 1.935483870967741993e+00 4.617747440273037185e+00 3.550295857988165604e+00
6.309420916162489235e-02 3.630077787381158494e-02 1.711840228245363749e+00 1.991370726850315354e+00 4.621771217712177027e+00 3.610762331838564876e+00
5.862068965517241298e-02 4.396551724137930800e-02 1.698754246885617158e+00 1.952489424015619868e+00 4.637362637362637763e+00 3.738503155996393268e+00
7.434052757793764565e-02 3.916866506794564051e-02 1.612469766191883869e+00 1.863354037267080709e+00 4.699481865284973914e+00 3.693843594009983189e+00
6.713164777680906414e-02 3.748910200523103420e-02 1.701644923425978506e+00 1.960143743874550815e+00 4.721495327102803508e+00 3.733695652173913082e+00
5.369718309859154715e-02 3.785211267605633617e-02 1.708914839077185999e+00 1.991370726850315354e+00 4.671627906976744349e+00 3.683440073193046782e+00
6.621392190152801394e-02 5.008488964346349825e-02 1.707455890722823000e+00 1.971738416036805885e+00 4.570909090909091255e+00 3.651474530831099408e+00
6.715806715806715843e-02 3.439803439803439805e-02 1.657916551533572758e+00 1.893341748185547457e+00 4.598770851624231604e+00 3.679389312977099369e+00
5.610561056105610456e-02 4.125412541254125376e-02 1.652437345083998865e+00 1.931745009658724976e+00 4.599650349650350023e+00 3.624784853700516507e+00
6.177924217462932299e-02 3.706754530477759241e-02 1.637554585152838360e+00 1.946787800129785806e+00 4.677787532923617597e+00 3.562018819503849354e+00
5.840000000000000052e-02 3.119999999999999857e-02 1.621621621621621712e+00 1.884422110552763874e+00 4.587935429056924086e+00 3.606936416184971073e+00
4.983922829581993730e-02 3.858520900321543712e-02 1.602136181575433804e+00 1.907790143084260759e+00 4.644670050761421365e+00 3.586956521739130377e+00
6.055776892430279196e-02 4.063745019920318724e-02 1.626898047722342699e+00 1.856435643564356530e+00 4.559796437659032975e+00 3.707641196013288898e+00
5.733005733005733240e-02 4.176904176904176758e-02 1.607286364854004779e+00 1.900538485904339492e+00 4.748913987836663964e+00 3.687179487179486959e+00
6.270903010033444802e-02 3.177257525083612005e-02 1.664816870144284033e+00 1.924310455420141119e+00 4.645851917930419184e+00 3.658031088082901672e+00
7.252559726962456987e-02 4.095563139931740482e-02 1.713306681896059391e+00 1.960143743874550815e+00 4.603495860165593534e+00 3.667259786476868122e+00
6.026200873362445171e-02 4.104803493449781654e-02 1.691570341133352029e+00 1.985440105890138973e+00 4.734200743494423769e+00 3.683060109289617579e+00
5.955334987593052104e-02 4.797353184449958813e-02 1.648351648351648269e+00 2.001334222815210229e+00 4.643799472295514263e+00 3.471763683753258167e+00
6.572379367720465604e-02 3.826955074875208057e-02 1.663432215137233161e+00 1.920614596670934704e+00 4.642920747996438280e+00 3.674740484429065646e+00
5.317324185248713253e-02 4.373927958833619123e-02 1.687289088863892061e+00 1.985440105890138973e+00 4.630434782608695343e+00 3.626905829596412723e+00
6.796116504854368690e-02 5.207413945278022843e-02 1.726618705035971146e+00 1.989389920424403213e+00 4.687500000000000000e+00 3.754189944134078250e+00
4.746835443037975000e-02 3.797468354430379861e-02 1.599573447080778532e+00 1.872074882995319767e+00 4.569767441860465240e+00 3.626644736842105310e+00
6.327033689400164695e-02 3.122432210353327797e-02 1.641586867305061537e+00 1.868576767362192470e+00 4.657894736842105310e+00 3.750636132315521731e+00
5.834829443447037828e-02 4.488330341113105915e-02 1.731102135025966549e+00 2.015451797111185606e+00 4.701620591039084474e+00 3.716165413533834450e+00
6.292517006802721136e-02 4.081632653061224164e-02 1.688713763017168690e+00 1.946787800129785806e+00 4.633393829401089015e+00 3.691489361702127603e+00
5.080440304826418230e-02 4.064352243861134306e-02 1.666203832268814189e+00 1.952489424015619868e+00 4.640499553969670288e+00 3.659311562224183412e+00
5.205709487825356530e-02 4.366078925272880162e-02 1.684446939921392383e+00 1.971738416036805885e+00 4.538529672276350624e+00 3.587357330992098525e+00
5.824446267432321911e-02 3.363412633305988553e-02 1.626898047722342699e+00 1.898734177215189778e+00 4.682926829268292401e+00 3.667232597623089951e+00
5.802047781569966145e-02 3.583617747440272921e-02 1.698754246885617158e+00 1.933612632935868492e+00 4.586956521739130821e+00 3.722123893805309613e+00
5.450236966824644619e-02 3.238546603475513097e-02 1.618996222342147906e+00 1.889763779527559029e+00 4.521303258145363380e+00 3.551020408163265252e+00
7.817869415807560118e-02 3.092783505154639290e-02 1.728110599078340970e+00 1.977587343441002066e+00 4.607642124883503776e+00 3.606382978723404076e+00
6.850533807829181643e-02 2.935943060498220555e-02 1.737116386797915357e+00 1.969796454366382177e+00 4.687679083094556276e+00 3.750687442713107167e+00
4.800000000000000100e-02 3.760000000000000148e-02 1.620307858493113651e+00 1.893341748185547457e+00 4.542857142857142705e+00 3.605985037406483684e+00
6.649395509499136936e-02 4.145077720207254041e-02 1.701644923425978506e+00 1.950585175552665751e+00 4.673450508788159041e+00 3.740540540540540526e+00
6.230283911671924413e-02 2.839116719242902251e-02 1.629549158066268433e+00 1.861619609059881997e+00 4.511354079058031985e+00 3.608766233766233622e+00
6.091370558375634736e-02 4.314720812182740867e-02 1.674574379012001124e+00 1.935483870967741993e+00 4.654054054054054035e+00 3.713527851458886087e+00
5.267857142857142877e-02 3.839285714285714524e-02 1.716247139588100712e+00 1.989389920424403213e+00 4.704995287464655895e+00 3.743732590529247783e+00
6.048053024026511792e-02 3.231151615575807851e-02 1.667593107281823306e+00 1.856435643564356530e+00 4.582010582010582311e+00 3.821917808219178259e+00
6.464485235434956623e-02 4.469273743016759920e-02 1.649711300522408663e+00 1.904157410345922008e+00 4.500000000000000000e+00 3.593984962406015171e+00
6.058020477815699578e-02 4.522184300341296898e-02 1.678791270285394432e+00 1.975633849193282776e+00 4.675749318801090126e+00 3.640750670241287068e+00
6.655974338412189162e-02 2.967121090617481916e-02 1.662049861495844771e+00 1.847859562673236811e+00 4.484536082474226859e+00 3.714049586776859702e+00
6.896551724137930939e-02 4.289318755256518040e-02 1.693002257336343019e+00 1.944894651539708308e+00 4.596205962059620731e+00 3.664323374340948902e+00
4.833597464342313799e-02 3.645007923930269206e-02 1.588141874007411358e+00 1.856435643564356530e+00 4.626144879267277688e+00 3.671052631578947345e+00
7.062876830318691457e-02 6.201550387596899139e-02 1.693002257336343019e+00 1.973684210526315708e+00 4.715477293790546476e+00 3.746556473829201206e+00
5.887372013651877289e-02 3.668941979522184066e-02 1.662049861495844771e+00 1.915097350781998164e+00 4.732547597461469024e+00 3.778565101860053232e+00
6.174819566960705608e-02 3.608660785886126654e-02 1.638896476372575739e+00 1.882648258550360776e+00 4.548717948717948545e+00 3.638935108153078080e+00
6.091370558375634736e-02 3.299492385786802207e-02 1.677383282079955240e+00 1.911436763300414121e+00 4.643243243243243334e+00 3.742782152230970993e+00
5.901374292643492281e-02 2.829426030719482676e-02 1.608579088471849827e+00 1.866832607342874928e+00 4.690721649484536293e+00 3.683860232945091351e+00
7.058823529411764608e-02 3.445378151260504451e-02 1.695873374788015919e+00 1.956309096837300254e+00 4.589511754068715810e+00 3.597911227154046987e+00
6.106264869151466906e-02 3.965107057890562836e-02 1.640240568616730510e+00 1.865091700341933389e+00 4.489864864864864913e+00 3.661436829066886833e+00
5.777054515866558021e-02 4.149715215622457043e-02 1.626898047722342699e+00 1.902346227013316460e+00 4.642487046632123970e+00 3.657045840407470383e+00
6.683168316831683553e-02 3.795379537953795512e-02 1.668984700973574320e+00 1.926163723916533010e+00 4.588859416445623118e+00 3.627787307032590114e+00
6.386554621848739011e-02 2.689075630252101001e-02 1.671774867651156349e+00 1.920614596670934704e+00 4.648114901256732878e+00 3.668393782383419843e+00
5.811138014527845314e-02 3.389830508474576259e-02 1.653803748621830216e+00 1.879110554337613426e+00 4.503856041131105492e+00 3.664160401002506173e+00
5.460472697636511996e-02 3.096984515077424657e-02 1.622937516905599065e+00 1.844451275745465635e+00 4.650000000000000355e+00 3.789739276703111948e+00
5.731394354148845044e-02 3.849443969204448257e-02 1.700198356474922123e+00 1.935483870967741993e+00 4.589836660617059749e+00 3.736654804270462815e+00
6.494587843463779653e-02 3.497085761865112441e-02 1.674574379012001124e+00 1.941119378841798859e+00 4.600178094390027006e+00 3.608283002588438482e+00
7.515473032714412027e-02 3.536693191865605823e-02 1.726618705035971146e+00 1.962066710268149050e+00 4.732313575525812333e+00 3.772685609532539175e+00
5.730427764326069540e-02 4.519774011299435013e-02 1.670378619153674915e+00 1.895135818066961519e+00 4.438356164383561620e+00 3.661876584953508207e+00
5.137614678899082854e-02 4.770642201834862650e-02 1.735608909459068538e+00 2.013422818791946511e+00 4.752417794970986265e+00 3.815028901734104139e+00
5.036555645816409577e-02 3.330625507717303174e-02 1.652437345083998865e+00 1.898734177215189778e+00 4.501283147989735056e+00 3.630252100840336116e+00
6.705783738474434263e-02 3.688181056160938498e-02 1.670378619153674915e+00 1.931745009658724976e+00 4.657681940700808987e+00 3.665796344647519689e+00
6.752136752136751741e-02 3.760683760683760507e-02 1.716247139588100712e+00 1.967858314201377468e+00 4.575618698441796361e+00 3.639431616341030296e+00
5.789909015715467150e-02 3.887510339123242259e-02 1.645639056500274311e+00 1.898734177215189778e+00 4.646180860403863022e+00 3.717728055077452520e+00
5.536332179930796016e-02 4.238754325259515288e-02 1.695873374788015919e+00 1.956309096837300254e+00 4.648351648351648713e+00 3.734417344173441844e+00
7.307060755336616809e-02 3.940886699507389207e-02 1.674574379012001124e+00 1.896933291179260239e+00 4.575730735163861418e+00 3.697435897435897623e+00
6.884970612930310652e-02 3.526448362720403101e-02 1.687289088863892061e+00 1.950585175552665751e+00 4.609558160504959368e+00 3.613577023498694363e+00
5.560098119378577286e-02 3.761242845461978956e-02 1.644286105782406082e+00 1.895135818066961519e+00 4.587012987012987431e+00 3.680543755310110576e+00
6.553398058252427050e-02 3.236245954692556354e-02 1.646994235520175653e+00 1.943005181347150279e+00 4.576623376623376593e+00 3.491638795986621968e+00
6.789606035205364432e-02 3.436714165968147300e-02 1.660669803487406559e+00 1.924310455420141119e+00 4.699640287769784486e+00 3.677083333333333481e+00
5.700325732899022557e-02 3.013029315960912002e-02 1.642935377875136993e+00 1.898734177215189778e+00 4.580310880829015829e+00 3.627204030226700127e+00
5.624483043837882890e-02 4.135649296939619690e-02 1.642935377875136993e+00 1.941119378841798859e+00 4.648553900087642354e+00 3.608283002588438482e+00
6.250000000000000000e-02 3.333333333333333287e-02 1.653803748621830216e+00 1.929880990672241836e+00 4.671999999999999709e+00 3.636206896551724022e+00
6.861198738170347367e-02 5.205047318611987633e-02 1.646994235520175653e+00 1.909611712285168572e+00 4.475867908552074503e+00 3.564059900166389294e+00
4.518072289156626481e-02 3.765060240963855748e-02 1.544004117344312865e+00 1.842751842751842783e+00 4.552050473186119994e+00 3.530516431924882514e+00
6.602254428341385040e-02 4.669887278582930679e-02 1.624255549539794341e+00 1.907790143084260759e+00 4.644827586206896619e+00 3.623310810810810967e+00
5.493562231759656356e-02 4.549356223175965441e-02 1.695873374788015919e+00 1.958224543080939961e+00 4.610354223433242637e+00 3.712230215827338142e+00
6.271777003484320379e-02 3.919860627177700063e-02 1.701644923425978506e+00 1.979544704717914883e+00 4.695167286245353289e+00 3.682683590208522428e+00
6.395851339671564106e-02 3.716508210890233366e-02 1.710376282782211987e+00 1.960143743874550815e+00 4.631578947368421240e+00 3.700179533213644678e+00
6.349206349206348854e-02 4.144620811287477724e-02 1.749271137026239042e+00 1.993355481727574707e+00 4.576271186440678207e+00 3.698252069917203233e+00
5.804311774461028139e-02 3.316749585406301992e-02 1.663432215137233161e+00 1.944894651539708308e+00 4.589788732394366022e+00 3.576329331046312010e+00
6.556016597510373745e-02 2.821576763485477216e-02 1.675977653631284925e+00 1.911436763300414121e+00 4.582593250444049637e+00 3.653287788215200838e+00
7.416879795396419395e-02 4.177323103154305384e-02 1.685866816521494727e+00 1.946787800129785806e+00 4.712707182320442278e+00 3.704626334519573128e+00
7.249999999999999500e-02 2.583333333333333315e-02 1.683029453015427723e+00 1.933612632935868492e+00 4.609164420485175384e+00 3.597946963216424265e+00
6.419529837251355953e-02 4.249547920433996429e-02 1.769389560601592359e+00 2.042205582028590705e+00 4.620289855072464036e+00 3.660056657223796250e+00
7.201309328968903689e-02 3.764320785597381064e-02 1.670378619153674915e+00 1.905972045743329124e+00 4.571428571428571175e+00 3.653061224489795755e+00
5.882352941176470507e-02 4.518329070758738547e-02 1.691570341133352029e+00 1.933612632935868492e+00 4.614130434782608425e+00 3.755357142857143060e+00
5.523495465787304354e-02 4.122011541632316506e-02 1.660669803487406559e+00 1.967858314201377468e+00 4.560209424083769392e+00 3.523645743766122163e+00
7.076663858466722412e-02 4.296545914069081762e-02 1.695873374788015919e+00 1.937358734258960213e+00 4.601994560290117775e+00 3.691901408450704025e+00
7.443365695792880654e-02 3.964401294498381967e-02 1.640240568616730510e+00 1.893341748185547457e+00 4.646853146853146654e+00 3.654591406908171969e+00
7.344632768361582242e-02 3.793381759483454435e-02 1.648351648351648269e+00 1.918771985929005330e+00 4.599303135888502148e+00 3.568791946308724761e+00
5.311973018549746850e-02 4.553119730185497399e-02 1.667593107281823306e+00 1.969796454366382177e+00 4.626892252894033497e+00 3.614840989399293214e+00
6.489184692179700287e-02 2.911813643926788528e-02 1.659292035398230114e+00 1.907790143084260759e+00 4.654804270462633120e+00 3.676092544987146660e+00
5.442729488220958423e-02 4.874086108854589622e-02 1.651073197578426077e+00 1.907790143084260759e+00 4.525773195876288568e+00 3.663535439795047033e+00
6.707317073170732113e-02 3.484320557491289022e-02 1.708914839077185999e+00 1.979544704717914883e+00 4.689075630252101057e+00 3.666064981949458623e+00
6.082725060827250813e-02 3.325223033252230204e-02 1.655172413793103425e+00 1.865091700341933389e+00 4.533678756476684057e+00 3.719798657718120793e+00
6.157635467980295679e-02 2.545155993431855515e-02 1.667593107281823306e+00 1.900538485904339492e+00 4.545931758530183942e+00 3.634372367312552754e+00
5.412156536219817071e-02 3.830141548709408567e-02 1.668984700973574320e+00 1.911436763300414121e+00 4.568661971830985991e+00 3.703896103896104020e+00
4.911433172302737821e-02 4.025764895330112558e-02 1.613770844540075355e+00 1.900538485904339492e+00 4.602878916172734591e+00 3.619127516778523290e+00
6.411323896752706142e-02 4.079933388842631181e-02 1.687289088863892061e+00 1.933612632935868492e+00 4.548042704626334753e+00 3.651041666666666519e+00
6.180257510729613574e-02 3.605150214592274527e-02 1.690140845070422504e+00 1.916932907348242843e+00 4.666056724611161499e+00 3.793410507569011436e+00
6.955810147299508472e-02 4.009819967266775587e-02 1.674574379012001124e+00 1.916932907348242843e+00 4.543535620052770341e+00 3.631713554987212156e+00
6.003159557661927326e-02 3.554502369668246370e-02 1.613770844540075355e+00 1.887979861548143568e+00 4.568067226890756061e+00 3.567567567567567544e+00
7.245155855096882536e-02 3.369839932603201083e-02 1.694436599830556389e+00 1.887979861548143568e+00 4.615803814713896891e+00 3.797733217088056001e+00
6.015693112467306036e-02 4.097646033129904303e-02 1.707455890722823000e+00 1.989389920424403213e+00 4.664192949907235430e+00 3.665454545454545521e+00
6.672369546621043090e-02 3.592814371257484901e-02 1.723642631427750649e+00 1.956309096837300254e+00 4.548120989917507018e+00 3.668145519077195882e+00
5.674978503869303192e-02 2.751504729148753284e-02 1.690140845070422504e+00 1.950585175552665751e+00 4.649042844120327977e+00 3.671087533156498495e+00
6.283185840707965208e-02 2.920353982300884915e-02 1.735608909459068538e+00 1.958224543080939961e+00 4.640226628895184113e+00 3.762989972652689197e+00
6.574394463667819488e-02 3.979238754325259420e-02 1.708914839077185999e+00 1.975633849193282776e+00 4.650000000000000355e+00 3.670270270270270085e+00
6.060606060606060774e-02 3.685503685503685456e-02 1.641586867305061537e+00 1.913265306122448939e+00 4.629468177855274647e+00 3.632653061224489832e+00
5.685920577617328830e-02 4.061371841155234780e-02 1.741654571843251009e+00 2.017484868863483438e+00 4.679425837320573933e+00 3.714016933207902049e+00
7.131280388978930573e-02 2.512155591572123176e-02 1.636214889555494878e+00 1.882648258550360776e+00 4.654450261780104903e+00 3.635910224438902549e+00
6.377759607522485996e-02 3.924775143090760560e-02 1.645639056500274311e+00 1.907790143084260759e+00 4.621834061135371208e+00 3.651063829787234205e+00
6.230031948881788878e-02 3.514376996805111675e-02 1.640240568616730510e+00 1.880877742946708508e+00 4.528109028960817461e+00 3.625827814569536400e+00
5.831363278171788900e-02 4.018912529550827673e-02 1.605995717344753659e+00 1.873828856964397271e+00 4.579079497907949658e+00 3.615763546798029360e+00
6.291390728476821403e-02 4.387417218543046560e-02 1.660669803487406559e+00 1.920614596670934704e+00 4.616607773851590046e+00 3.677922077922077815e+00
8.249158249158249079e-02 3.787878787878787984e-02 1.701644923425978506e+00 1.952489424015619868e+00 4.634862385321101286e+00 3.627296587926509108e+00
6.028368794326240815e-02 3.368794326241134757e-02 1.698754246885617158e+00 2.031832035218422039e+00 4.777358490566038007e+00 3.583486238532110235e+00
7.008547008547008628e-02 3.247863247863248121e-02 1.700198356474922123e+00 1.952489424015619868e+00 4.648897058823528994e+00 3.662544169611307243e+00
7.018992568125516363e-02 5.119735755573905783e-02 1.668984700973574320e+00 1.913265306122448939e+00 4.609236234458259140e+00 3.718015665796344571e+00
5.978705978705978891e-02 3.030303030303030387e-02 1.640240568616730510e+00 1.918771985929005330e+00 4.630662020905923271e+00 3.592905405405405261e+00
9.106830122591944021e-02 4.903677758318739088e-02 1.761597181444509719e+00 1.962066710268149050e+00 4.635838150289017356e+00 3.790055248618784400e+00
6.803278688524590223e-02 3.934426229508197065e-02 1.671774867651156349e+00 1.900538485904339492e+00 4.554089709762532578e+00 3.680887372013651682e+00
6.321334503950834516e-02 3.950834064969271225e-02 1.716247139588100712e+00 1.987413050679032844e+00 4.678537956888471960e+00 3.691042047531992498e+00
7.031888798037612409e-02 3.270645952575633453e-02 1.670378619153674915e+00 1.907790143084260759e+00 4.559366754617414585e+00 3.626373626373626369e+00
5.527638190954774211e-02 4.020100502512562873e-02 1.655172413793103425e+00 1.918771985929005330e+00 4.654255319148935754e+00 3.712041884816753790e+00
5.678233438485804502e-02 4.731861198738170071e-02 1.615074024226110350e+00 1.904157410345922008e+00 4.540133779264214020e+00 3.561258278145695400e+00
6.480721903199343492e-02 2.953240360951599544e-02 1.660669803487406559e+00 1.931745009658724976e+00 4.584210526315789735e+00 3.560439560439560225e+00
6.464811783960720815e-02 3.273322422258592712e-02 1.641586867305061537e+00 1.916932907348242843e+00 4.645669291338582418e+00 3.604060913705583680e+00
5.280259951259139162e-02 2.518277822908204788e-02 1.628222523744911721e+00 1.852995676343421882e+00 4.605488850771869203e+00 3.729999999999999982e+00
5.688375927452597042e-02 4.039571310799670162e-02 1.655172413793103425e+00 1.895135818066961519e+00 4.589160839160839167e+00 3.721649484536082575e+00
5.698672911787665968e-02 2.810304449648711941e-02 1.611170784103114872e+00 1.835985312117503154e+00 4.509933774834436804e+00 3.643373493975903710e+00
6.220095693779904150e-02 2.791068580542264629e-02 1.622937516905599065e+00 1.866832607342874928e+00 4.586734693877550839e+00 3.632485643970467581e+00
7.574468085106382531e-02 4.340425531914893914e-02 1.707455890722823000e+00 1.935483870967741993e+00 4.629834254143646355e+00 3.736654804270462815e+00
5.897219882055602241e-02 3.454085930918281144e-02 1.663432215137233161e+00 1.939237233354880408e+00 4.667860340196956059e+00 3.654450261780104903e+00
6.178861788617886347e-02 4.390243902439024126e-02 1.636214889555494878e+00 1.950585175552665751e+00 4.622183708838821126e+00 3.530612244897959329e+00
5.314799672935404534e-02 4.088307440719542163e-02 1.621621621621621712e+00 1.926163723916533010e+00 4.663212435233160313e+00 3.606138107416879901e+00
7.263513513513512876e-02 3.631756756756756438e-02 1.688713763017168690e+00 1.937358734258960213e+00 4.650273224043715459e+00 3.675723049956178823e+00
6.250000000000000000e-02 3.416666666666666463e-02 1.684446939921392383e+00 1.907790143084260759e+00 4.554666666666666863e+00 3.701466781708369069e+00
5.546492659053833818e-02 3.915171288743882205e-02 1.634877384196185224e+00 1.879110554337613426e+00 4.611398963730570344e+00 3.723259762308998244e+00
5.225863596102745673e-02 4.517271922054915539e-02 1.698754246885617158e+00 1.989389920424403213e+00 4.732710280373831679e+00 3.740259740259740173e+00
5.783738474434199639e-02 3.604358759430008330e-02 1.701644923425978506e+00 1.944894651539708308e+00 4.494661921708185126e+00 3.626086956521739069e+00
6.739679865206402165e-02 3.959561920808761515e-02 1.694436599830556389e+00 1.909611712285168572e+00 4.590785907859078918e+00 3.757894736842105399e+00
7.345575959933221821e-02 4.340567612687813021e-02 1.701644923425978506e+00 1.928020565552699184e+00 4.551351351351351049e+00 3.685863874345549629e+00
5.836236933797909338e-02 4.181184668989547382e-02 1.716247139588100712e+00 1.952489424015619868e+00 4.617946345975948219e+00 3.769090909090909047e+00
5.391743892165121871e-02 4.296545914069081762e-02 1.674574379012001124e+00 1.948684637869438019e+00 4.600178094390027006e+00 3.660211267605633978e+00
6.451612903225806273e-02 2.461799660441426132e-02 1.720676799541152935e+00 1.920614596670934704e+00 4.513611615245008757e+00 3.697127937336814441e+00
6.234413965087282072e-02 3.075644222776392420e-02 1.671774867651156349e+00 1.889763779527559029e+00 4.590425531914893220e+00 3.730703259005145878e+00
6.879194630872483007e-02 3.942953020134228048e-02 1.678791270285394432e+00 1.935483870967741993e+00 4.637837837837837540e+00 3.668122270742358193e+00
5.684547638110488271e-02 2.962369895916733276e-02 1.617686708007549212e+00 1.866832607342874928e+00 4.599320882852292236e+00 3.653465346534653602e+00
5.643153526970954431e-02 3.319502074688796683e-02 1.655172413793103425e+00 1.898734177215189778e+00 4.617414248021107781e+00 3.708154506437768116e+00
5.776736924277908053e-02 4.059328649492584262e-02 1.602136181575433804e+00 1.870324189526184622e+00 4.548467274233637170e+00 3.593165174938974804e+00
7.872696817420435367e-02 3.098827470686767172e-02 1.681614349775784722e+00 1.960143743874550815e+00 4.669090909090908958e+00 3.562662057044079678e+00
6.411398040961709122e-02 4.185218165627782594e-02 1.777251184834123254e+00 1.995344196873960696e+00 4.521408182683158472e+00 3.730483271375464760e+00
7.053571428571428492e-02 3.303571428571428631e-02 1.728110599078340970e+00 1.995344196873960696e+00 4.749279538904898956e+00 3.706371191135734211e+00
6.451612903225806273e-02 3.548387096774193589e-02 1.617686708007549212e+00 1.895135818066961519e+00 4.670689655172413524e+00 3.622073578595317755e+00
5.190592051905920656e-02 3.730738037307380212e-02 1.634877384196185224e+00 1.895135818066961519e+00 4.568006843455945543e+00 3.649536647009266943e+00
7.148726376335250154e-02 2.958093672966310636e-02 1.670378619153674915e+00 1.889763779527559029e+00 4.587610619469026929e+00 3.683319220999153210e+00
6.125827814569536484e-02 2.317880794701986796e-02 1.651073197578426077e+00 1.868576767362192470e+00 4.645502645502645578e+00 3.747457627118643941e+00
6.875000000000000555e-02 3.571428571428571230e-02 1.767825574543311795e+00 1.989389920424403213e+00 4.590604026845637620e+00 3.733333333333333393e+00
5.921601334445371345e-02 3.586321934945788104e-02 1.667593107281823306e+00 1.922460749759692389e+00 4.606382978723404520e+00 3.669550173010380778e+00
7.483552631578947734e-02 4.605263157894736586e-02 1.681614349775784722e+00 1.944894651539708308e+00 4.565333333333333243e+00 3.594827586206896353e+00
6.801007556675063570e-02 4.282115869017632387e-02 1.700198356474922123e+00 1.969796454366382177e+00 4.556756756756756843e+00 3.589473684210526372e+00
5.095541401273885607e-02 3.503184713375796094e-02 1.609873893211698492e+00 1.877346683354192747e+00 4.575503355704698016e+00 3.623762376237623872e+00
7.174490699734277499e-02 3.542958370239149973e-02 1.734104046242774588e+00 2.007360321177651397e+00 4.694656488549618700e+00 3.652892561983470898e+00
7.434052757793764565e-02 2.158273381294964141e-02 1.645639056500274311e+00 1.873828856964397271e+00 4.569948186528497658e+00 3.598039215686274606e+00
7.243816254416961253e-02 3.975265017667844319e-02 1.738626485076789407e+00 1.967858314201377468e+00 4.668571428571428150e+00 3.770009199632014862e+00
6.821829855537721310e-02 3.451043338683788125e-02 1.685866816521494727e+00 1.902346227013316460e+00 4.408268733850129628e+00 3.581047381546134556e+00
6.434782608695652217e-02 4.608695652173912943e-02 1.693002257336343019e+00 1.960143743874550815e+00 4.728624535315985256e+00 3.757520510483135734e+00
5.923344947735191546e-02 3.745644599303135647e-02 1.714775650185767386e+00 1.997336884154460757e+00 4.627777777777778212e+00 3.627149321266968318e+00
5.843621399176954917e-02 3.374485596707819252e-02 1.655172413793103425e+00 1.918771985929005330e+00 4.589160839160839167e+00 3.623509369676320091e+00
5.831157528285465380e-02 3.742384682332462742e-02 1.708914839077185999e+00 1.975633849193282776e+00 4.641404805914972620e+00 3.683544303797468444e+00
8.444816053511705611e-02 4.347826086956521618e-02 1.691570341133352029e+00 1.907790143084260759e+00 4.652054794520547709e+00 3.750000000000000000e+00
5.772357723577235811e-02 3.577235772357723748e-02 1.653803748621830216e+00 1.891551071878940782e+00 4.534943917169973915e+00 3.662731871838111442e+00
5.097087378640776517e-02 4.530744336569579589e-02 1.652437345083998865e+00 1.909611712285168572e+00 4.485933503836316838e+00 3.630508474576271016e+00
6.572769953051643688e-02 4.147104851330203623e-02 1.593202336696760479e+00 1.851280468991052253e+00 4.633165829145728942e+00 3.658775510204081538e+00
6.147186147186146921e-02 4.069264069264069000e-02 1.703093954016463352e+00 1.928020565552699184e+00 4.654981549815498276e+00 3.812274368231046928e+00
5.745212323064113197e-02 3.330557868442964031e-02 1.670378619153674915e+00 1.911436763300414121e+00 4.579505300353356567e+00 3.684754521963824470e+00
7.186678352322524443e-02 4.907975460122699501e-02 1.743172574084834503e+00 2.011397921555480917e+00 4.611898016997167282e+00 3.655299539170506762e+00
5.759599332220367157e-02 4.090150250417362576e-02 1.648351648351648269e+00 1.944894651539708308e+00 4.676705048715677826e+00 3.629242819843342183e+00
6.381192275398823999e-02 3.862300587741393509e-02 1.687289088863892061e+00 1.939237233354880408e+00 4.584753363228699641e+00 3.657641921397380091e+00
5.807002561912894684e-02 4.013663535439795232e-02 1.711840228245363749e+00 1.995344196873960696e+00 4.542157751586581860e+00 3.571174377224199503e+00
6.255430060816681570e-02 3.649000868809730569e-02 1.700198356474922123e+00 1.993355481727574707e+00 4.687673772011121009e+00 3.624887285843101825e+00
6.693877551020407934e-02 3.020408163265306256e-02 1.670378619153674915e+00 1.915097350781998164e+00 4.535433070866141669e+00 3.590909090909090828e+00
7.319148936170212505e-02 3.829787234042553168e-02 1.694436599830556389e+00 1.952489424015619868e+00 4.666666666666666963e+00 3.669026548672566168e+00
5.528846153846153633e-02 3.365384615384615224e-02 1.617686708007549212e+00 1.863354037267080709e+00 4.595419847328244600e+00 3.681592039800995142e+00
6.489184692179700287e-02 3.327787021630615460e-02 1.705999431333522942e+00 1.895135818066961519e+00 4.478647686832740504e+00 3.728055077452667732e+00
6.731549067315491242e-02 2.433090024330900394e-02 1.653803748621830216e+00 1.893341748185547457e+00 4.570434782608695734e+00 3.605985037406483684e+00
5.848434925864909317e-02 3.542009884678747750e-02 1.663432215137233161e+00 1.877346683354192747e+00 4.561679790026246906e+00 3.750640478223740359e+00
6.694214876033058315e-02 2.561983471074380167e-02 1.671774867651156349e+00 1.891551071878940782e+00 4.586359610274579168e+00 3.684478371501272331e+00
5.891848264729620394e-02 5.488297013720742218e-02 1.645639056500274311e+00 1.920614596670934704e+00 4.538593481989708245e+00 3.627668659265585127e+00
5.060034305317324260e-02 3.430531732418524993e-02 1.695873374788015919e+00 1.918771985929005330e+00 4.585365853658536217e+00 3.777975133214920067e+00
4.813278008298755434e-02 3.402489626556016306e-02 1.645639056500274311e+00 1.913265306122448939e+00 4.613775065387968333e+00 3.670103092783504994e+00
6.362153344208809624e-02 3.752039151712887460e-02 1.636214889555494878e+00 1.904157410345922008e+00 4.646341463414634276e+00 3.645762711864406924e+00
6.516072980017376115e-02 3.909643788010425808e-02 1.711840228245363749e+00 1.965923984272608172e+00 4.656133828996282809e+00 3.710669077757685397e+00
6.500000000000000222e-02 4.916666666666666408e-02 1.671774867651156349e+00 1.931745009658724976e+00 4.614973262032085799e+00 3.691498685363716170e+00
6.833333333333332926e-02 4.416666666666666657e-02 1.703093954016463352e+00 1.956309096837300254e+00 4.513416815742397503e+00 3.604184829991281536e+00
7.765451664025356526e-02 3.565768621236133085e-02 1.677383282079955240e+00 1.884422110552763874e+00 4.427835051546392009e+00 3.589153656532456882e+00
6.244579358196010455e-02 4.683434518647007494e-02 1.685866816521494727e+00 1.962066710268149050e+00 4.734505087881591301e+00 3.745222929936305789e+00
6.259904912836766755e-02 3.565768621236133085e-02 1.624255549539794341e+00 1.854714064914992244e+00 4.554522400676247251e+00 3.672966310599835804e+00
5.579399141630901615e-02 3.605150214592274527e-02 1.711840228245363749e+00 1.913265306122448939e+00 4.554545454545454675e+00 3.804096170970614477e+00
7.755474452554744769e-02 3.467153284671532776e-02 1.789976133651551393e+00 2.021563342318059231e+00 4.652818991097922741e+00 3.720226843100189029e+00
6.552006552006552076e-02 4.340704340704340525e-02 1.660669803487406559e+00 1.943005181347150279e+00 4.580192813321647627e+00 3.575342465753424737e+00
6.234413965087282072e-02 3.657522859517872010e-02 1.645639056500274311e+00 1.916932907348242843e+00 4.691489361702127603e+00 3.675582398619499536e+00
7.136929460580912488e-02 4.066390041493776059e-02 1.690140845070422504e+00 1.931745009658724976e+00 4.557640750670241658e+00 3.643598615916955108e+00
7.167530224525042737e-02 3.540587219343695885e-02 1.685866816521494727e+00 1.971738416036805885e+00 4.760930232558139963e+00 3.658012533572068126e+00
4.916732751784298056e-02 3.092783505154639290e-02 1.636214889555494878e+00 1.882648258550360776e+00 4.448707256046705361e+00 3.579378068739770935e+00
6.342668863261943790e-02 4.036243822075782223e-02 1.678791270285394432e+00 1.924310455420141119e+00 4.527704485488126984e+00 3.636051502145922765e+00
6.129303106633081366e-02 4.030226700251889060e-02 1.678791270285394432e+00 1.913265306122448939e+00 4.604651162790697860e+00 3.737532808398950301e+00
6.413502109704641296e-02 4.472573839662447037e-02 1.695873374788015919e+00 1.971738416036805885e+00 4.577096483318304543e+00 3.609540636042402717e+00
7.049180327868852236e-02 3.934426229508197065e-02 1.636214889555494878e+00 1.893341748185547457e+00 4.703703703703703276e+00 3.701365187713310689e+00
5.583333333333333204e-02 3.583333333333333509e-02 1.664816870144284033e+00 1.948684637869438019e+00 4.596646072374227288e+00 3.593777009507346687e+00
7.348242811501597138e-02 3.434504792332268575e-02 1.633542063708140590e+00 1.904157410345922008e+00 4.608620689655172242e+00 3.558312655086848686e+00
5.839416058394160391e-02 4.055150040551500079e-02 1.651073197578426077e+00 1.891551071878940782e+00 4.537467700258398295e+00 3.672020287404902827e+00
7.017543859649122417e-02 3.907496012759170689e-02 1.621621621621621712e+00 1.887979861548143568e+00 4.631217838765008921e+00 3.614937759336099621e+00
6.001690617075232381e-02 4.142011834319526964e-02 1.667593107281823306e+00 1.956309096837300254e+00 4.672661870503596937e+00 3.645502645502645578e+00
7.679999999999999327e-02 2.639999999999999986e-02 1.663432215137233161e+00 1.856435643564356530e+00 4.518197573656845378e+00 3.668036154478225175e+00
5.754795663052543475e-02 3.919933277731443150e-02 1.653803748621830216e+00 1.954397394136807797e+00 4.651327433628318353e+00 3.593750000000000000e+00
5.405405405405405705e-02 4.095004095004094874e-02 1.638896476372575739e+00 1.900538485904339492e+00 4.607792207792208217e+00 3.684030742954739424e+00
7.234726688102893766e-02 3.536977491961414838e-02 1.645639056500274311e+00 1.889763779527559029e+00 4.585788561525130369e+00 3.625000000000000000e+00
8.823529411764706454e-02 4.498269896193771850e-02 1.722158438576349093e+00 2.029769959404601032e+00 4.713472485768501308e+00 3.543478260869565410e+00
5.033003300330032848e-02 3.877887788778877631e-02 1.645639056500274311e+00 1.889763779527559029e+00 4.597741094700261044e+00 3.733905579399141583e+00
6.544293695131683797e-02 3.591380686352753371e-02 1.642935377875136993e+00 1.889763779527559029e+00 4.529461998292058311e+00 3.600993377483443503e+00
7.925801011804384233e-02 3.625632377740303780e-02 1.703093954016463352e+00 1.963993453355155516e+00 4.620879120879120450e+00 3.595800524934383180e+00
6.861063464837049986e-02 4.545454545454545581e-02 1.743172574084834503e+00 1.962066710268149050e+00 4.497237569060773765e+00 3.698113207547169878e+00
6.734006734006733885e-02 3.619528619528619706e-02 1.660669803487406559e+00 1.904157410345922008e+00 4.716606498194946262e+00 3.757205240174672500e+00
6.138933764135702520e-02 3.554119547657512423e-02 1.678791270285394432e+00 1.868576767362192470e+00 4.430292598967297657e+00 3.703517587939698430e+00
5.418719211822660420e-02 4.679802955665024466e-02 1.651073197578426077e+00 1.915097350781998164e+00 4.572916666666666963e+00 3.674418604651162656e+00
5.882352941176470507e-02 4.092071611253197266e-02 1.691570341133352029e+00 1.944894651539708308e+00 4.614130434782608425e+00 3.706666666666666554e+00
6.827643630308076472e-02 4.246461282264779591e-02 1.663432215137233161e+00 1.926163723916533010e+00 4.659517426273458440e+00 3.678260869565217472e+00
6.996855345911949520e-02 4.009433962264150747e-02 1.633542063708140590e+00 1.877346683354192747e+00 4.519019442096364969e+00 3.597051597051597049e+00
6.250000000000000000e-02 3.365384615384615224e-02 1.638896476372575739e+00 1.898734177215189778e+00 4.548717948717948545e+00 3.582089552238806096e+00
6.045751633986928136e-02 3.758169934640522708e-02 1.621621621621621712e+00 1.905972045743329124e+00 4.695652173913043903e+00 3.646859083191850814e+00
7.299912049252418877e-02 3.869832893579595173e-02 1.740139211136890962e+00 1.993355481727574707e+00 4.645161290322580960e+00 3.677950594693504272e+00
6.199021207177814186e-02 4.241435562805873083e-02 1.653803748621830216e+00 1.913265306122448939e+00 4.570434782608695734e+00 3.638841567291311918e+00
6.533101045296167697e-02 3.484320557491289022e-02 1.691570341133352029e+00 2.013422818791946511e+00 4.747437092264678249e+00 3.574007220216606662e+00
7.235142118863048533e-02 3.875968992248061962e-02 1.741654571843251009e+00 1.948684637869438019e+00 4.540389972144846631e+00 3.725806451612903025e+00
6.140350877192982115e-02 3.588516746411483244e-02 1.668984700973574320e+00 1.846153846153846256e+00 4.409515717926932865e+00 3.722084367245657610e+00
6.484641638225255300e-02 3.754266211604095904e-02 1.681614349775784722e+00 1.967858314201377468e+00 4.686131386861314141e+00 3.632978723404255206e+00
6.134453781512604759e-02 3.613445378151260851e-02 1.655172413793103425e+00 1.935483870967741993e+00 4.700089525514771438e+00 3.661726242371403650e+00
5.799373040752350827e-02 3.761755485893417128e-02 1.594472495349455121e+00 1.889763779527559029e+00 4.597337770382695865e+00 3.542345276872964188e+00
7.552083333333332871e-02 4.513888888888888812e-02 1.716247139588100712e+00 1.965923984272608172e+00 4.687323943661971803e+00 3.730909090909090953e+00
5.229283990345937050e-02 3.620273531777956633e-02 1.644286105782406082e+00 1.915097350781998164e+00 4.497453310696094775e+00 3.560934891485809661e+00
6.250000000000000000e-02 3.333333333333333287e-02 1.664816870144284033e+00 1.882648258550360776e+00 4.629333333333333300e+00 3.770689655172413612e+00
6.388206388206388309e-02 2.457002457002456855e-02 1.659292035398230114e+00 1.875586120662707135e+00 4.577427821522309870e+00 3.692695214105793600e+00
6.478405315614617355e-02 3.488372093023255766e-02 1.667593107281823306e+00 1.924310455420141119e+00 4.614564831261101396e+00 3.645438898450946485e+00
7.473309608540924798e-02 4.626334519572953413e-02 1.744693224774643836e+00 2.007360321177651397e+00 4.690384615384615152e+00 3.710820895522388252e+00
6.223717409587888744e-02 3.784693019343986220e-02 1.700198356474922123e+00 1.944894651539708308e+00 4.536322869955156989e+00 3.645104895104894993e+00
6.470588235294118251e-02 2.605042016806722802e-02 1.684446939921392383e+00 1.937358734258960213e+00 4.603773584905660243e+00 3.618636755823986029e+00
6.169871794871795156e-02 3.926282051282051211e-02 1.617686708007549212e+00 1.891551071878940782e+00 4.626814688300597389e+00 3.623019182652210013e+00
7.119205298013245309e-02 3.394039735099337735e-02 1.713306681896059391e+00 1.911436763300414121e+00 4.459893048128342308e+00 3.665809768637532162e+00
6.705783738474434263e-02 2.766135792120704220e-02 1.694436599830556389e+00 1.907790143084260759e+00 4.566037735849056922e+00 3.698275862068965303e+00
5.677966101694915252e-02 3.305084745762711801e-02 1.662049861495844771e+00 1.948684637869438019e+00 4.690026954177897167e+00 3.644171779141104128e+00
6.250000000000000000e-02 3.852739726027397393e-02 1.704545454545454586e+00 1.985440105890138973e+00 4.602739726027397005e+00 3.601068566340160260e+00
5.106382978723403993e-02 4.000000000000000083e-02 1.675977653631284925e+00 1.924310455420141119e+00 4.627802690582959677e+00 3.755319148936170137e+00
5.225653206650831412e-02 4.117181314330958103e-02 1.620307858493113651e+00 1.854714064914992244e+00 4.516290726817042689e+00 3.691164327002477208e+00
4.757858963466440189e-02 5.267629566694987525e-02 1.655172413793103425e+00 1.954397394136807797e+00 4.683318465655665008e+00 3.713004484304932795e+00
5.930138099106417593e-02 3.168155970755483219e-02 1.652437345083998865e+00 1.895135818066961519e+00 4.544041450777202229e+00 3.634228187919462894e+00
6.364359586316627182e-02 3.579952267303102703e-02 1.615074024226110350e+00 1.861619609059881997e+00 4.613423959218351911e+00 3.668316831683168466e+00
5.344129554655870779e-02 3.562753036437246723e-02 1.625575724735843997e+00 1.898734177215189778e+00 4.603934987168520010e+00 3.627204030226700127e+00
6.120689655172413535e-02 3.534482758620689780e-02 1.720676799541152935e+00 1.956309096837300254e+00 4.567493112947658140e+00 3.694369973190348322e+00
5.335628227194492285e-02 4.647160068846815928e-02 1.698754246885617158e+00 1.937358734258960213e+00 4.603636363636363527e+00 3.785198555956678756e+00
5.809128630705394369e-02 3.402489626556016306e-02 1.657916551533572758e+00 1.905972045743329124e+00 4.614977973568281655e+00 3.690721649484536293e+00
7.373653686826843467e-02 4.225352112676056260e-02 1.680201624194903376e+00 1.931745009658724976e+00 4.599284436493738859e+00 3.643598615916955108e+00
6.345381526104418302e-02 4.337349397590361394e-02 1.633542063708140590e+00 1.879110554337613426e+00 4.584905660377358139e+00 3.682619647355163561e+00
6.361323155216284941e-02 4.749787955894826247e-02 1.673173452314556720e+00 1.979544704717914883e+00 4.684782608695652328e+00 3.617097061442564598e+00
6.457242582897032568e-02 3.664921465968586090e-02 1.705999431333522942e+00 1.973684210526315708e+00 4.695895522388060073e+00 3.695652173913043459e+00
5.932932072226999171e-02 3.955288048151332780e-02 1.695873374788015919e+00 1.979544704717914883e+00 4.639853747714807852e+00 3.636526410026857725e+00
7.367549668874172342e-02 3.228476821192052815e-02 1.668984700973574320e+00 1.926163723916533010e+00 4.638069705093833761e+00 3.618477331052181167e+00
4.970513900589722256e-02 3.454085930918281144e-02 1.666203832268814189e+00 1.916932907348242843e+00 4.611702127659574657e+00 3.717277486910994799e+00
5.944625407166123643e-02 4.397394136807817461e-02 1.655172413793103425e+00 1.920614596670934704e+00 4.545454545454545858e+00 3.618398637137989926e+00
5.170975813177648012e-02 4.837364470391993659e-02 1.673173452314556720e+00 1.943005181347150279e+00 4.548812664907651460e+00 3.659947414548641476e+00
6.721991701244812989e-02 3.568464730290456244e-02 1.655172413793103425e+00 1.931745009658724976e+00 4.670818505338078630e+00 3.624784853700516507e+00
6.407137064071370680e-02 3.325223033252230204e-02 1.644286105782406082e+00 1.943005181347150279e+00 4.590987868284228668e+00 3.503355704697986628e+00
7.300509337860780490e-02 4.923599320882852265e-02 1.680201624194903376e+00 1.979544704717914883e+00 4.708791208791208938e+00 3.626785714285714501e+00
5.519999999999999907e-02 2.479999999999999913e-02 1.641586867305061537e+00 1.886199308393586849e+00 4.496189669771379904e+00 3.578342904019688131e+00
6.043046357615894371e-02 2.400662251655629256e-02 1.683029453015427723e+00 1.880877742946708508e+00 4.519823788546255550e+00 3.715012722646310550e+00
6.370494551550712203e-02 3.017602682313495419e-02 1.703093954016463352e+00 1.900538485904339492e+00 4.517457475380483700e+00 3.728608470181503876e+00
8.319604612850081682e-02 3.377265238879736259e-02 1.685866816521494727e+00 1.896933291179260239e+00 4.598382749326145991e+00 3.687979539641943916e+00
6.896551724137930939e-02 3.784693019343986220e-02 1.662049861495844771e+00 1.962066710268149050e+00 4.715447154471545055e+00 3.597902097902097918e+00
6.879606879606879610e-02 4.176904176904176758e-02 1.655172413793103425e+00 1.879110554337613426e+00 4.617414248021107781e+00 3.748717948717948723e+00
7.214765100671141629e-02 4.781879194630872520e-02 1.688713763017168690e+00 1.946787800129785806e+00 4.616636528028933206e+00 3.668722466960352424e+00
5.220228384991843634e-02 4.078303425774877644e-02 1.633542063708140590e+00 1.879110554337613426e+00 4.600688468158347533e+00 3.729591836734694077e+00
6.020942408376963456e-02 4.013961605584642073e-02 1.711840228245363749e+00 1.981505944517833573e+00 4.651810584958217198e+00 3.687272727272727479e+00
5.676126878130217240e-02 3.255425709515859939e-02 1.649711300522408663e+00 1.916932907348242843e+00 4.667256637168141431e+00 3.675582398619499536e+00
5.735660847880299368e-02 4.571903574397340186e-02 1.673173452314556720e+00 1.922460749759692389e+00 4.560846560846560926e+00 3.695121951219512368e+00
5.071851225697379673e-02 4.311073541842772722e-02 1.664816870144284033e+00 1.975633849193282776e+00 4.637577916295636982e+00 3.598939929328621723e+00
5.421686746987951916e-02 3.786574870912220309e-02 1.707455890722823000e+00 1.977587343441002066e+00 4.575068243858052774e+00 3.638640429338103832e+00
6.628003314001656987e-02 4.639602319801160168e-02 1.680201624194903376e+00 1.941119378841798859e+00 4.562555456965394995e+00 3.633362293657688813e+00
5.527638190954774211e-02 4.271356783919597749e-02 1.644286105782406082e+00 1.939237233354880408e+00 4.696808510638297740e+00 3.664041994750656173e+00
5.147679324894514907e-02 3.966244725738396482e-02 1.624255549539794341e+00 1.950585175552665751e+00 4.793594306049822507e+00 3.648506151142354881e+00
6.527415143603133851e-02 3.568320278503046145e-02 1.708914839077185999e+00 2.005347593582887722e+00 4.675977653631284703e+00 3.595667870036101110e+00
5.336617405582922552e-02 4.022988505747126381e-02 1.662049861495844771e+00 1.884422110552763874e+00 4.527320034692107420e+00 3.736526946107784575e+00
6.028075970272502027e-02 2.807597027250206476e-02 1.656543346217559387e+00 1.863354037267080709e+00 4.608084358523726110e+00 3.772302463891248792e+00
6.334125098970704026e-02 5.463182897862232934e-02 1.626898047722342699e+00 1.854714064914992244e+00 4.544378698224852187e+00 3.743718592964824232e+00
5.950266429840141841e-02 3.374777975133214786e-02 1.698754246885617158e+00 1.985440105890138973e+00 4.781869688385269157e+00 3.716911764705882248e+00
5.839416058394160391e-02 3.811841038118410352e-02 1.645639056500274311e+00 1.884422110552763874e+00 4.558139534883721034e+00 3.682967959527824409e+00
6.655433866891322103e-02 3.538331929233361206e-02 1.678791270285394432e+00 1.939237233354880408e+00 4.646209386281588749e+00 3.657641921397380091e+00
6.153846153846154188e-02 5.042735042735042861e-02 1.678791270285394432e+00 1.946787800129785806e+00 4.688524590163934747e+00 3.747974797479748155e+00
6.182121971595655463e-02 3.675856307435254600e-02 1.667593107281823306e+00 1.928020565552699184e+00 4.626892252894033497e+00 3.663486556808325911e+00
5.775075987841945396e-02 4.179331306990881345e-02 1.595744680851063801e+00 1.835985312117503154e+00 4.451612903225806051e+00 3.597145122918318894e+00
7.142857142857142461e-02 3.865546218487395103e-02 1.674574379012001124e+00 1.937358734258960213e+00 4.675113122171945967e+00 3.666083916083916261e+00
6.973058637083993927e-02 5.309033280507131219e-02 1.608579088471849827e+00 1.941119378841798859e+00 4.650766609880749414e+00 3.499581589958158823e+00
7.248908296943230856e-02 3.318777292576419180e-02 1.695873374788015919e+00 1.971738416036805885e+00 4.779661016949152241e+00 3.691056910569105565e+00
5.962521294718909487e-02 3.321976149914820930e-02 1.663432215137233161e+00 1.973684210526315708e+00 4.722826086956521507e+00 3.594713656387665157e+00
6.293706293706294308e-02 3.846153846153846367e-02 1.735608909459068538e+00 1.975633849193282776e+00 4.583955223880597174e+00 3.703636363636363615e+00
6.327033689400164695e-02 3.779786359901397136e-02 1.677383282079955240e+00 1.913265306122448939e+00 4.521052631578947434e+00 3.648163962425277518e+00
6.878761822871883036e-02 4.385210662080825383e-02 1.738626485076789407e+00 1.973684210526315708e+00 4.526315789473684070e+00 3.669064748201438686e+00
6.441223832528179816e-02 3.381642512077294438e-02 1.663432215137233161e+00 1.913265306122448939e+00 4.487091222030980653e+00 3.560000000000000053e+00
5.329719963866305643e-02 3.703703703703703498e-02 1.735608909459068538e+00 1.985440105890138973e+00 4.688931297709923562e+00 3.793621013133208209e+00
6.620209059233449211e-02 4.181184668989547382e-02 1.722158438576349093e+00 1.995344196873960696e+00 4.634328358208954945e+00 3.649090909090908941e+00
5.792163543441226914e-02 4.429301533219761472e-02 1.671774867651156349e+00 1.918771985929005330e+00 4.681735985533453714e+00 3.791443850267379734e+00
5.886970172684458102e-02 3.610675039246467877e-02 1.630877955966295145e+00 1.859888406695598295e+00 4.468723936613844927e+00 3.625407166123778335e+00
6.199021207177814186e-02 3.181076672104404812e-02 1.681614349775784722e+00 1.911436763300414121e+00 4.466086956521738927e+00 3.604043807919123932e+00
6.617647058823529493e-02 4.248366013071895597e-02 1.660669803487406559e+00 1.915097350781998164e+00 4.572178477690288290e+00 3.639931740614334554e+00
5.613472333600641462e-02 3.047313552526062508e-02 1.644286105782406082e+00 1.887979861548143568e+00 4.501274426508071080e+00 3.602977667493796332e+00
7.216494845360824084e-02 3.178694158075601184e-02 1.720676799541152935e+00 1.948684637869438019e+00 4.605555555555555181e+00 3.689440993788819956e+00
7.725694444444444753e-02 3.472222222222222376e-02 1.741654571843251009e+00 1.960143743874550815e+00 4.600188146754468299e+00 3.706834532374100544e+00
6.902086677367576251e-02 2.889245585874799377e-02 1.641586867305061537e+00 1.865091700341933389e+00 4.577586206896551602e+00 3.664462809917355290e+00
6.558773424190800228e-02 3.236797274275979297e-02 1.700198356474922123e+00 1.963993453355155516e+00 4.610756608933455070e+00 3.617957746478873027e+00
8.044982698961937462e-02 5.017301038062283586e-02 1.717721156598912113e+00 1.999333555481506153e+00 4.690498588899341570e+00 3.644808743169398735e+00
7.248764415156506991e-02 4.612850082372323135e-02 1.684446939921392383e+00 1.931745009658724976e+00 4.550621669626997878e+00 3.637305699481865329e+00
5.952380952380952051e-02 3.571428571428571230e-02 1.677383282079955240e+00 1.933612632935868492e+00 4.660036166365280508e+00 3.708994708994708844e+00
4.657070279424217057e-02 4.572396274343776268e-02 1.677383282079955240e+00 1.937358734258960213e+00 4.577264653641207381e+00 3.721384205856255623e+00
7.125700560448358645e-02 3.763010408326661338e-02 1.656543346217559387e+00 1.889763779527559029e+00 4.520689655172414056e+00 3.618968386023294403e+00
6.527196652719664816e-02 4.853556485355648570e-02 1.662049861495844771e+00 1.944894651539708308e+00 4.673231871083258326e+00 3.667546174142480186e+00
5.275590551181102289e-02 4.566929133858267653e-02 1.633542063708140590e+00 1.889763779527559029e+00 4.443890274314214572e+00 3.589108910891089188e+00
6.169665809768637432e-02 2.827763496143958707e-02 1.685866816521494727e+00 1.937358734258960213e+00 4.673972602739725701e+00 3.698412698412698596e+00
5.541125541125541121e-02 3.116883116883116880e-02 1.701644923425978506e+00 1.960143743874550815e+00 4.630614115490375937e+00 3.683646112600535982e+00
7.868852459016394130e-02 2.950819672131147625e-02 1.678791270285394432e+00 1.922460749759692389e+00 4.580071174377223997e+00 3.582770270270270174e+00
6.514382402707276365e-02 3.130287648054145416e-02 1.700198356474922123e+00 1.924310455420141119e+00 4.577375565610859454e+00 3.699563318777292498e+00
6.689246401354784211e-02 5.080440304826418230e-02 1.691570341133352029e+00 1.962066710268149050e+00 4.622504537205081476e+00 3.671721677074041068e+00
5.583333333333333204e-02 3.666666666666666685e-02 1.677383282079955240e+00 1.909611712285168572e+00 4.548984995586937252e+00 3.705882352941176627e+00
5.040650406504065123e-02 3.170731707317073211e-02 1.624255549539794341e+00 1.905972045743329124e+00 4.613013698630137327e+00 3.607052896725440938e+00
7.647058823529412352e-02 3.277310924369748052e-02 1.678791270285394432e+00 1.943005181347150279e+00 4.684258416742492770e+00 3.628149435273674950e+00
4.159999999999999809e-02 3.440000000000000002e-02 1.620307858493113651e+00 1.879110554337613426e+00 4.512520868113522710e+00 3.633802816901408494e+00
5.004314063848144811e-02 4.572907679033649808e-02 1.691570341133352029e+00 1.985440105890138973e+00 4.626702997275204510e+00 3.656419529837251492e+00
6.244931062449310399e-02 3.487429034874290484e-02 1.651073197578426077e+00 1.858160421183028710e+00 4.557093425605536652e+00 3.746218487394957997e+00
7.036423841059602502e-02 5.380794701986754691e-02 1.691570341133352029e+00 1.916932907348242843e+00 4.536064113980409651e+00 3.727034120734908029e+00
5.966587112171837376e-02 3.898170246618933715e-02 1.611170784103114872e+00 1.916932907348242843e+00 4.609137055837563501e+00 3.526490066225165698e+00
6.010016694490818295e-02 3.589315525876460994e-02 1.644286105782406082e+00 1.933612632935868492e+00 4.705150976909413529e+00 3.641558441558441661e+00
5.915721231766612326e-02 3.079416531604537918e-02 1.622937516905599065e+00 1.896933291179260239e+00 4.645994832041343336e+00 3.617056856187291114e+00
6.200317965023847272e-02 3.338632750397456384e-02 1.633542063708140590e+00 1.884422110552763874e+00 4.530508474576270928e+00 3.592105263157894690e+00
7.321274763135228458e-02 3.273040482342808033e-02 1.700198356474922123e+00 1.948684637869438019e+00 4.700743494423791802e+00 3.702582368655387146e+00
6.575576430401366967e-02 3.415883859948761619e-02 1.698754246885617158e+00 1.941119378841798859e+00 4.628884826325410984e+00 3.697612732095490795e+00
6.990131578947368640e-02 4.111842105263158187e-02 1.678791270285394432e+00 1.915097350781998164e+00 4.551724137931034697e+00 3.658662092624356710e+00
7.211120764552562956e-02 3.475238922675934206e-02 1.685866816521494727e+00 2.007360321177651397e+00 4.792134831460674427e+00 3.580558055805580508e+00
4.938271604938271331e-02 3.868312757201645968e-02 1.663432215137233161e+00 1.865091700341933389e+00 4.514285714285714235e+00 3.796232876712328785e+00
5.657370517928286824e-02 3.585657370517928572e-02 1.638896476372575739e+00 1.887979861548143568e+00 4.494932432432432456e+00 3.600000000000000089e+00
7.218309859154929675e-02 3.521126760563380448e-02 1.746216530849825421e+00 1.962066710268149050e+00 4.622390891840606919e+00 3.755474452554744325e+00
5.398671096345514925e-02 3.820598006644518319e-02 1.690140845070422504e+00 1.948684637869438019e+00 4.477611940298507065e+00 3.590673575129533557e+00
6.282722513089004923e-02 3.839441535776614428e-02 1.722158438576349093e+00 1.967858314201377468e+00 4.625698324022346597e+00 3.718693284936479326e+00
5.844155844155844021e-02 3.409090909090908839e-02 1.622937516905599065e+00 1.863354037267080709e+00 4.650000000000000355e+00 3.731092436974789983e+00
6.109324758842443748e-02 3.617363344051446883e-02 1.638896476372575739e+00 1.865091700341933389e+00 4.556506849315068663e+00 3.698081734778982277e+00
5.611390284757118707e-02 3.266331658291457551e-02 1.687289088863892061e+00 1.935483870967741993e+00 4.535936113575865569e+00 3.636363636363636243e+00
4.814189189189189283e-02 4.391891891891892136e-02 1.660669803487406559e+00 1.967858314201377468e+00 4.637089618456077922e+00 3.620141342756183711e+00
6.420545746388442443e-02 2.728731942215088455e-02 1.640240568616730510e+00 1.858160421183028710e+00 4.559176672384219309e+00 3.678217821782178376e+00
5.704697986577181301e-02 3.691275167785235123e-02 1.680201624194903376e+00 1.891551071878940782e+00 4.574733096085409123e+00 3.783972125435540068e+00
7.000864304235090985e-02 3.284356093344857619e-02 1.713306681896059391e+00 1.929880990672241836e+00 4.650557620817844295e+00 3.769436997319034699e+00
6.139677666922486315e-02 4.221028396009209732e-02 1.584367573277000174e+00 1.889763779527559029e+00 4.557645134914145579e+00 3.485576923076922906e+00
5.858747993579454388e-02 4.333868378812198718e-02 1.626898047722342699e+00 1.904157410345922008e+00 4.583120204603580383e+00 3.609060402684563851e+00
5.971479500891265640e-02 5.258467023172905264e-02 1.731102135025966549e+00 1.967858314201377468e+00 4.674881516587677588e+00 3.855126999059266257e+00
5.271695052716950797e-02 4.136253041362530219e-02 1.629549158066268433e+00 1.915097350781998164e+00 4.592465753424657571e+00 3.609137055837563501e+00
6.483790523690773078e-02 3.408146300914381005e-02 1.691570341133352029e+00 1.900538485904339492e+00 4.527999999999999581e+00 3.712564543889845137e+00
7.161572052401746213e-02 3.668122270742357749e-02 1.714775650185767386e+00 1.983471074380165344e+00 4.701787394167450174e+00 3.671804170444243010e+00
5.639396346306592422e-02 3.653693407466242909e-02 1.625575724735843997e+00 1.861619609059881997e+00 4.530303030303030276e+00 3.665292662819455760e+00
5.546623794212218739e-02 4.099678456591639847e-02 1.634877384196185224e+00 1.861619609059881997e+00 4.544680851063829685e+00 3.726739312657166625e+00
6.625980819529206367e-02 3.400174367916303231e-02 1.713306681896059391e+00 1.989389920424403213e+00 4.672268907563025486e+00 3.638989169675090452e+00
