5.432937181663836934e-02 2.376910016977928572e-02 1.690140845070422504e+00 2.192181220314212808e+00
7.210300429184549054e-02 2.489270386266094481e-02 1.728110599078340970e+00 2.199413489736070204e+00
6.700593723494487064e-02 2.290076335877862593e-02 1.707455890722823000e+00 2.201834862385321223e+00
5.419136325148179306e-02 2.286198137171888134e-02 1.681614349775784722e+00 2.156721782890007155e+00
5.276595744680850908e-02 1.957446808510638139e-02 1.675977653631284925e+00 2.184996358339402978e+00
6.006240249609984261e-02 2.028081123244929868e-02 1.612469766191883869e+00 2.054794520547945424e+00
5.956375838926174227e-02 2.013422818791946178e-02 1.670378619153674915e+00 2.161383285302593826e+00
6.329113924050633333e-02 1.518987341772151840e-02 1.698754246885617158e+00 2.209131075110456699e+00
6.552006552006552076e-02 2.784602784602784736e-02 1.633542063708140590e+00 2.182611858857766318e+00
5.159071367153912624e-02 2.149613069647463362e-02 1.685866816521494727e+00 2.256487401278675975e+00
5.778894472361809087e-02 2.763819095477387106e-02 1.688713763017168690e+00 2.175489485134155299e+00
6.167763157894736586e-02 2.138157894736842160e-02 1.655172413793103425e+00 2.145155523775473583e+00
7.757885763000851864e-02 2.557544757033248031e-02 1.704545454545454586e+00 2.180232558139534760e+00
7.081174438687391770e-02 1.813471502590673426e-02 1.716247139588100712e+00 2.168413444163353798e+00
6.043513295729250473e-02 1.692183722804190341e-02 1.638896476372575739e+00 2.154398563734290839e+00
5.348460291734197930e-02 2.350081037277147386e-02 1.621621621621621712e+00 2.129169623846699722e+00
5.577689243027888349e-02 1.992031872509960125e-02 1.618996222342147906e+00 2.108963093145869827e+00
5.738396624472574120e-02 2.784810126582278403e-02 1.697312588401697298e+00 2.170767004341533912e+00
5.709487825356843183e-02 1.427371956339210796e-02 1.704545454545454586e+00 2.129169623846699722e+00
5.704697986577181301e-02 1.677852348993288598e-02 1.690140845070422504e+00 2.163721601153985041e+00
6.058158319870759340e-02 1.534733441033925630e-02 1.640240568616730510e+00 2.154398563734290839e+00
6.632653061224490221e-02 2.465986394557823091e-02 1.701644923425978506e+00 2.154398563734290839e+00
6.866197183098592116e-02 1.584507042253521097e-02 1.743172574084834503e+00 2.177858439201451723e+00
5.738396624472574120e-02 3.544303797468354583e-02 1.660669803487406559e+00 2.168413444163353798e+00
6.244424620874219206e-02 2.943800178412132179e-02 1.725129384703852686e+00 2.236302646291464580e+00
5.813953488372092943e-02 3.239202657807308677e-02 1.670378619153674915e+00 2.182611858857766318e+00
7.495741056218058196e-02 2.896081771720613457e-02 1.704545454545454586e+00 2.201834862385321223e+00
6.643046944198405246e-02 1.860053144375553580e-02 1.734104046242774588e+00 2.192181220314212808e+00
5.572998430141287013e-02 1.962323390894819483e-02 1.603420630678781489e+00 2.093510118632240236e+00
6.292517006802721136e-02 1.615646258503401420e-02 1.673173452314556720e+00 2.173125679101774566e+00
5.816733067729083773e-02 2.390438247011952150e-02 1.603420630678781489e+00 2.142857142857142794e+00
5.750798722044728195e-02 2.476038338658146862e-02 1.613770844540075355e+00 2.115655853314527324e+00
6.085526315789473867e-02 1.973684210526315680e-02 1.664816870144284033e+00 2.149767108563239049e+00
6.738768718801996238e-02 2.911813643926788528e-02 1.690140845070422504e+00 2.154398563734290839e+00
5.537190082644628114e-02 1.900826446280991580e-02 1.680201624194903376e+00 2.156721782890007155e+00
6.743421052631579093e-02 2.878289473684210453e-02 1.655172413793103425e+00 2.152080344332854889e+00
6.368899917287014489e-02 1.819685690653432761e-02 1.673173452314556720e+00 2.126905352711804476e+00
7.474931631722880887e-02 1.731996353691887119e-02 1.763150161622098144e+00 2.256487401278675975e+00
6.793703396851698273e-02 1.657000828500414247e-02 1.644286105782406082e+00 2.140563681769532600e+00
6.677524429967426900e-02 2.931596091205211640e-02 1.677383282079955240e+00 2.120141342756183711e+00
5.958549222797927120e-02 2.331606217616580268e-02 1.710376282782211987e+00 2.216475803472478745e+00
5.891848264729620394e-02 1.452784503631961328e-02 1.662049861495844771e+00 2.126905352711804476e+00
6.983240223463686724e-02 2.979515828677839831e-02 1.822600243013365651e+00 2.282236591860022923e+00
5.241264559068219836e-02 2.495840266222961595e-02 1.637554585152838360e+00 2.168413444163353798e+00
5.998421468034727949e-02 1.420678768745067128e-02 1.617686708007549212e+00 2.084781097984711451e+00
6.621961441743504095e-02 2.933780385582564904e-02 1.693002257336343019e+00 2.166064981949458623e+00
6.214689265536723489e-02 2.179176755447941732e-02 1.642935377875136993e+00 2.145155523775473583e+00
5.411954765751211816e-02 2.261712439418416681e-02 1.618996222342147906e+00 2.147458840372226341e+00
7.456140350877192569e-02 2.017543859649122834e-02 1.741654571843251009e+00 2.218934911242603558e+00
4.527081649151171866e-02 1.859337105901374271e-02 1.618996222342147906e+00 2.126905352711804476e+00
5.700712589073634456e-02 2.296120348376880574e-02 1.594472495349455121e+00 2.129169623846699722e+00
5.396565821749795683e-02 2.371218315617334288e-02 1.646994235520175653e+00 2.168413444163353798e+00
6.577916992952231867e-02 2.427564604541895127e-02 1.616379310344827624e+00 2.131438721136767356e+00
6.636771300448431055e-02 2.062780269058295951e-02 1.732601790355183358e+00 2.248875562218890511e+00
6.671779141104294819e-02 1.917177914110429482e-02 1.594472495349455121e+00 2.111189303307529741e+00
6.310254163014898665e-02 2.191060473269062364e-02 1.700198356474922123e+00 2.218934911242603558e+00
6.265457543281120756e-02 2.473206924979389973e-02 1.653803748621830216e+00 2.175489485134155299e+00
6.045751633986928136e-02 2.614379084967320341e-02 1.637554585152838360e+00 2.152080344332854889e+00
6.020328381548084584e-02 2.423768569194683503e-02 1.611170784103114872e+00 2.111189303307529741e+00
4.656862745098039325e-02 2.614379084967320341e-02 1.655172413793103425e+00 2.196997436836323647e+00
8.319467554076538651e-02 2.246256239600665644e-02 1.717721156598912113e+00 2.135991456034175950e+00
6.893542757417102373e-02 3.054101221640488639e-02 1.738626485076789407e+00 2.256487401278675975e+00
5.610561056105610456e-02 2.640264026402640296e-02 1.629549158066268433e+00 2.161383285302593826e+00
7.183212267958030695e-02 1.291364003228409954e-02 1.632208922742111046e+00 2.131438721136767356e+00
6.301824212271973924e-02 1.658374792703150996e-02 1.668984700973574320e+00 2.194586686174103907e+00
6.058020477815699578e-02 2.133105802047781732e-02 1.677383282079955240e+00 2.166064981949458623e+00
6.484641638225255300e-02 1.621160409556313825e-02 1.687289088863892061e+00 2.166064981949458623e+00
8.285479901558655269e-02 2.461033634126333011e-02 1.684446939921392383e+00 2.173125679101774566e+00
6.438791732909379673e-02 1.510333863275039809e-02 1.613770844540075355e+00 2.113420218386755867e+00
5.685618729096989649e-02 1.923076923076923184e-02 1.670378619153674915e+00 2.154398563734290839e+00
6.210691823899371078e-02 1.572327044025157231e-02 1.599573447080778532e+00 2.093510118632240236e+00
8.003169572107765584e-02 2.297939778129952371e-02 1.637554585152838360e+00 2.089136490250696365e+00
7.272727272727272374e-02 2.148760330578512387e-02 1.695873374788015919e+00 2.149767108563239049e+00
6.592533756949960078e-02 2.303415409054805282e-02 1.624255549539794341e+00 2.156721782890007155e+00
5.882352941176470507e-02 2.777777777777777624e-02 1.677383282079955240e+00 2.170767004341533912e+00
6.206293706293706386e-02 2.272727272727272790e-02 1.723642631427750649e+00 2.196997436836323647e+00
5.200945626477541245e-02 1.891252955082742271e-02 1.609873893211698492e+00 2.082610204790003472e+00
6.835443037974683889e-02 2.109704641350210880e-02 1.691570341133352029e+00 2.156721782890007155e+00
6.475409836065573743e-02 1.721311475409836173e-02 1.662049861495844771e+00 2.133712660028449282e+00
5.772357723577235811e-02 1.544715447154471587e-02 1.646994235520175653e+00 2.126905352711804476e+00
5.896805896805897007e-02 3.357903357903357922e-02 1.651073197578426077e+00 2.124645892351274767e+00
4.828660436137071493e-02 2.570093457943925172e-02 1.591934200053064519e+00 2.122391227449593298e+00
5.448449287510477579e-02 1.927912824811399764e-02 1.680201624194903376e+00 2.154398563734290839e+00
5.323505323505323822e-02 1.965601965601965553e-02 1.636214889555494878e+00 2.147458840372226341e+00
7.090464547677260976e-02 2.607986960065199547e-02 1.656543346217559387e+00 2.145155523775473583e+00
6.999195494770715786e-02 2.172164119066773841e-02 1.646994235520175653e+00 2.131438721136767356e+00
6.504770164787511411e-02 2.775368603642671197e-02 1.722158438576349093e+00 2.180232558139534760e+00
5.983606557377049023e-02 1.721311475409836173e-02 1.657916551533572758e+00 2.154398563734290839e+00
6.290849673202614234e-02 2.042483660130718984e-02 1.652437345083998865e+00 2.156721782890007155e+00
5.669679539852095357e-02 2.382908792111750051e-02 1.622937516905599065e+00 2.187386073641997886e+00
4.615384615384615641e-02 2.564102564102564014e-02 1.644286105782406082e+00 2.223869532987397868e+00
6.342991386061080927e-02 2.192638997650743840e-02 1.628222523744911721e+00 2.086956521739130377e+00
5.955334987593052104e-02 2.646815550041356491e-02 1.666203832268814189e+00 2.159050017992083514e+00
7.009760425909494774e-02 3.105590062111801206e-02 1.758499413833528813e+00 2.223869532987397868e+00
4.530744336569579589e-02 2.831715210355987070e-02 1.628222523744911721e+00 2.131438721136767356e+00
7.290803645401822131e-02 3.065451532725766218e-02 1.674574379012001124e+00 2.152080344332854889e+00
6.366459627329192072e-02 2.639751552795031181e-02 1.612469766191883869e+00 2.091321017776228697e+00
5.254777070063694488e-02 2.229299363057324693e-02 1.625575724735843997e+00 2.111189303307529741e+00
6.644790812141099234e-02 2.050861361771944349e-02 1.677383282079955240e+00 2.122391227449593298e+00
6.440677966101694685e-02 3.050847457627118772e-02 1.680201624194903376e+00 2.189781021897810209e+00
6.206293706293706386e-02 1.748251748251748380e-02 1.713306681896059391e+00 2.211573903427939580e+00
5.958549222797927120e-02 3.195164075993091324e-02 1.701644923425978506e+00 2.192181220314212808e+00
6.172839506172839164e-02 1.810699588477366132e-02 1.660669803487406559e+00 2.149767108563239049e+00
5.595523581135091601e-02 2.078337330135891434e-02 1.618996222342147906e+00 2.102312543798178002e+00
5.113160100586756213e-02 2.430846605196982507e-02 1.649711300522408663e+00 2.226345083487940801e+00
4.918032786885245811e-02 1.553062985332182878e-02 1.666203832268814189e+00 2.182611858857766318e+00
7.558644656820157071e-02 3.040834057341442256e-02 1.717721156598912113e+00 2.233804914370811634e+00
7.136715391229578320e-02 1.891659501289767731e-02 1.716247139588100712e+00 2.199413489736070204e+00
6.205673758865248163e-02 3.014184397163120407e-02 1.723642631427750649e+00 2.216475803472478745e+00
7.308970099667774778e-02 1.827242524916943694e-02 1.675977653631284925e+00 2.126905352711804476e+00
5.104408352668213245e-02 2.088167053364269055e-02 1.579362990260594790e+00 2.076124567474048277e+00
6.710853355426678324e-02 2.154101077050538451e-02 1.671774867651156349e+00 2.131438721136767356e+00
6.873977086743043863e-02 1.391162029459901833e-02 1.653803748621830216e+00 2.113420218386755867e+00
6.437389770723103699e-02 2.733686067019400201e-02 1.749271137026239042e+00 2.194586686174103907e+00
7.679465776293822876e-02 2.671118530884808093e-02 1.703093954016463352e+00 2.149767108563239049e+00
6.100577081615828762e-02 2.225886232481450941e-02 1.656543346217559387e+00 2.161383285302593826e+00
4.631217838765008810e-02 2.401372212692967287e-02 1.674574379012001124e+00 2.187386073641997886e+00
6.816220880069025212e-02 2.243313201035375404e-02 1.685866816521494727e+00 2.221399481673454357e+00
6.825657894736841813e-02 2.220394736842105227e-02 1.655172413793103425e+00 2.133712660028449282e+00
6.565252201761409556e-02 2.481985588470776716e-02 1.653803748621830216e+00 2.133712660028449282e+00
7.932692307692307265e-02 2.323717948717948789e-02 1.660669803487406559e+00 2.113420218386755867e+00
6.184738955823293471e-02 1.606425702811244832e-02 1.640240568616730510e+00 2.156721782890007155e+00
5.813953488372092943e-02 2.906976744186046471e-02 1.660669803487406559e+00 2.166064981949458623e+00
6.393442622950819276e-02 2.049180327868852305e-02 1.662049861495844771e+00 2.182611858857766318e+00
4.992076069730586041e-02 1.505546751188589598e-02 1.604707140946777244e+00 2.069679199724042906e+00
5.650154798761609920e-02 1.934984520123839147e-02 1.620307858493113651e+00 2.093510118632240236e+00
6.448979591836734304e-02 1.959183673469387654e-02 1.653803748621830216e+00 2.113420218386755867e+00
5.835331734612310417e-02 1.278976818545163839e-02 1.613770844540075355e+00 2.115655853314527324e+00
5.932203389830508627e-02 1.864406779661017047e-02 1.680201624194903376e+00 2.196997436836323647e+00
4.655172413793103731e-02 1.982758620689655318e-02 1.681614349775784722e+00 2.145155523775473583e+00
7.092198581560284210e-02 1.576044129235618443e-02 1.620307858493113651e+00 2.108963093145869827e+00
5.990415335463258883e-02 2.316293929712459967e-02 1.632208922742111046e+00 2.084781097984711451e+00
5.799648506151142136e-02 1.933216168717047379e-02 1.722158438576349093e+00 2.231312755671253090e+00
6.218487394957983305e-02 2.184873949579831803e-02 1.693002257336343019e+00 2.166064981949458623e+00
5.258693808312128737e-02 3.223070398642917389e-02 1.691570341133352029e+00 2.223869532987397868e+00
6.193228736581337518e-02 2.559867877786952892e-02 1.678791270285394432e+00 2.129169623846699722e+00
5.897658282740676772e-02 1.994796183868170064e-02 1.693002257336343019e+00 2.201834862385321223e+00
5.802047781569966145e-02 2.901023890784983073e-02 1.693002257336343019e+00 2.206693637366679006e+00
6.224406224406224541e-02 1.310401310401310485e-02 1.657916551533572758e+00 2.120141342756183711e+00
5.729166666666666435e-02 3.038194444444444406e-02 1.697312588401697298e+00 2.187386073641997886e+00
6.451612903225806273e-02 2.119815668202764888e-02 1.767825574543311795e+00 2.300613496932515378e+00
6.521739130434782428e-02 1.529790660225442862e-02 1.634877384196185224e+00 2.142857142857142794e+00
6.740614334470990121e-02 1.706484641638225316e-02 1.691570341133352029e+00 2.163721601153985041e+00
6.296603148301574415e-02 2.734051367025683646e-02 1.663432215137233161e+00 2.156721782890007155e+00
5.901911886949293140e-02 2.826267664172901067e-02 1.642935377875136993e+00 2.209131075110456699e+00
5.683690280065897826e-02 2.635914332784184549e-02 1.634877384196185224e+00 2.149767108563239049e+00
7.204116638078902901e-02 2.058319039451115065e-02 1.705999431333522942e+00 2.238805970149253532e+00
6.480648064806480979e-02 2.430243024302430194e-02 1.744693224774643836e+00 2.223869532987397868e+00
5.782312925170068202e-02 2.210884353741496625e-02 1.680201624194903376e+00 2.142857142857142794e+00
6.499133448873484209e-02 3.206239168110918553e-02 1.713306681896059391e+00 2.246349681767128459e+00
6.427378964941569961e-02 1.919866444073455719e-02 1.693002257336343019e+00 2.145155523775473583e+00
7.732864674868189514e-02 2.899824253075571068e-02 1.720676799541152935e+00 2.233804914370811634e+00
4.878048780487805047e-02 2.439024390243902524e-02 1.640240568616730510e+00 2.138275124732715415e+00
5.738993710691824013e-02 2.044025157232704296e-02 1.607286364854004779e+00 2.106741573033708015e+00
5.755395683453237710e-02 1.838529176658672964e-02 1.613770844540075355e+00 2.149767108563239049e+00
6.649168853893262787e-02 2.362204724409448786e-02 1.731102135025966549e+00 2.211573903427939580e+00
6.479313036690086125e-02 1.873536299765807961e-02 1.617686708007549212e+00 2.100105005250262558e+00
5.565217391304348032e-02 2.521739130434782691e-02 1.700198356474922123e+00 2.216475803472478745e+00
5.606060606060606077e-02 2.954545454545454489e-02 1.573151546932354483e+00 2.076124567474048277e+00
6.341045415595544799e-02 2.570694087403599046e-02 1.694436599830556389e+00 2.206693637366679006e+00
5.443886097152429021e-02 2.763819095477387106e-02 1.655172413793103425e+00 2.189781021897810209e+00
5.596107055961070664e-02 2.189781021897810320e-02 1.652437345083998865e+00 2.108963093145869827e+00
5.044035228182545960e-02 2.001601281024819809e-02 1.618996222342147906e+00 2.097902097902097918e+00
6.814580031695721685e-02 2.297939778129952371e-02 1.637554585152838360e+00 2.100105005250262558e+00
6.705298013245032662e-02 2.814569536423841209e-02 1.690140845070422504e+00 2.221399481673454357e+00
7.777777777777777901e-02 1.965811965811965767e-02 1.700198356474922123e+00 2.187386073641997886e+00
6.704361873990306864e-02 2.342487883683360209e-02 1.613770844540075355e+00 2.097902097902097918e+00
7.137064071370641249e-02 2.027575020275750040e-02 1.662049861495844771e+00 2.129169623846699722e+00
5.357142857142856845e-02 2.406832298136645995e-02 1.593202336696760479e+00 2.097902097902097918e+00
6.005004170141784586e-02 1.918265221017514607e-02 1.649711300522408663e+00 2.187386073641997886e+00
5.414273995077932555e-02 2.378999179655455140e-02 1.652437345083998865e+00 2.156721782890007155e+00
4.961505560307955670e-02 2.994011976047904200e-02 1.666203832268814189e+00 2.228826151560178381e+00
6.518010291595197070e-02 1.715265866209262496e-02 1.711840228245363749e+00 2.154398563734290839e+00
8.333333333333332871e-02 1.902173913043478382e-02 1.746216530849825421e+00 2.214022140221402424e+00
4.925723221266614660e-02 2.267396403440187502e-02 1.612469766191883869e+00 2.124645892351274767e+00
6.865401987353206281e-02 2.619692863595302762e-02 1.752336448598130758e+00 2.253944402704733285e+00
6.272084805653710404e-02 1.678445229681978929e-02 1.728110599078340970e+00 2.248875562218890511e+00
6.260032102728732561e-02 2.086677367576244072e-02 1.653803748621830216e+00 2.115655853314527324e+00
5.176663927691043526e-02 2.136400986031224483e-02 1.649711300522408663e+00 2.129169623846699722e+00
6.164931945556444831e-02 2.481985588470776716e-02 1.622937516905599065e+00 2.104524728165555914e+00
5.334394904458598929e-02 1.273885350318471402e-02 1.608579088471849827e+00 2.117896223085068641e+00
6.846999154691461864e-02 2.451394759087066610e-02 1.683029453015427723e+00 2.175489485134155299e+00
6.874427131072410879e-02 2.016498625114573895e-02 1.796407185628742464e+00 2.251407129455909928e+00
5.217391304347825803e-02 2.134387351778656294e-02 1.608579088471849827e+00 2.115655853314527324e+00
5.158730158730158444e-02 3.015873015873015914e-02 1.595744680851063801e+00 2.115655853314527324e+00
5.687606112054329616e-02 2.037351443123939024e-02 1.671774867651156349e+00 2.201834862385321223e+00
6.358381502890173009e-02 2.229562345169281562e-02 1.671774867651156349e+00 2.170767004341533912e+00
5.923961096374889823e-02 1.945181255526083272e-02 1.750802451123431469e+00 2.199413489736070204e+00
6.495726495726496241e-02 2.991452991452991581e-02 1.681614349775784722e+00 2.214022140221402424e+00
6.459731543624161465e-02 2.348993288590604106e-02 1.673173452314556720e+00 2.147458840372226341e+00
6.055508830950378368e-02 1.513877207737594592e-02 1.703093954016463352e+00 2.156721782890007155e+00
7.398373983739837956e-02 2.845528455284552713e-02 1.637554585152838360e+00 2.124645892351274767e+00
6.483790523690773078e-02 2.909393183707398300e-02 1.660669803487406559e+00 2.173125679101774566e+00
5.641864268192968435e-02 2.780049059689288643e-02 1.636214889555494878e+00 2.124645892351274767e+00
6.311475409836066197e-02 1.393442622950819693e-02 1.675977653631284925e+00 2.147458840372226341e+00
5.173807599029910803e-02 1.293451899757477701e-02 1.632208922742111046e+00 2.108963093145869827e+00
7.686084142394822294e-02 2.103559870550161803e-02 1.655172413793103425e+00 2.138275124732715415e+00
5.812973883740522180e-02 1.600673967986520480e-02 1.666203832268814189e+00 2.189781021897810209e+00
6.525285481239803675e-02 1.876019575856443730e-02 1.663432215137233161e+00 2.124645892351274767e+00
5.328892589508742866e-02 2.497918401332223023e-02 1.653803748621830216e+00 2.145155523775473583e+00
6.606851549755302089e-02 2.202283849918433914e-02 1.648351648351648269e+00 2.194586686174103907e+00
6.435643564356435808e-02 1.980198019801980222e-02 1.656543346217559387e+00 2.133712660028449282e+00
6.508875739644970349e-02 2.874049027895181699e-02 1.694436599830556389e+00 2.168413444163353798e+00
5.400696864111498297e-02 8.710801393728222555e-03 1.684446939921392383e+00 2.184996358339402978e+00
5.200945626477541245e-02 1.891252955082742271e-02 1.626898047722342699e+00 2.122391227449593298e+00
5.390185036202735369e-02 1.206757843925985486e-02 1.641586867305061537e+00 2.086956521739130377e+00
4.627249357326478074e-02 2.142245072836332365e-02 1.683029453015427723e+00 2.189781021897810209e+00
6.244725738396624676e-02 2.447257383966244815e-02 1.663432215137233161e+00 2.170767004341533912e+00
6.010452961672473754e-02 2.439024390243902524e-02 1.726618705035971146e+00 2.246349681767128459e+00
6.334459459459459985e-02 1.942567567567567502e-02 1.670378619153674915e+00 2.154398563734290839e+00
5.393835616438356212e-02 1.626712328767123197e-02 1.693002257336343019e+00 2.184996358339402978e+00
6.678082191780822241e-02 2.482876712328766985e-02 1.695873374788015919e+00 2.189781021897810209e+00
6.493506493506492894e-02 2.597402597402597574e-02 1.609873893211698492e+00 2.124645892351274767e+00
7.130872483221475933e-02 2.097315436241610834e-02 1.695873374788015919e+00 2.218934911242603558e+00
7.480653482373172958e-02 1.977644024075666390e-02 1.713306681896059391e+00 2.156721782890007155e+00
6.844444444444444664e-02 2.222222222222222307e-02 1.737116386797915357e+00 2.253944402704733285e+00
6.161532056619483527e-02 1.665278934221482016e-02 1.673173452314556720e+00 2.120141342756183711e+00
6.147540983606557263e-02 2.540983606557377025e-02 1.638896476372575739e+00 2.120141342756183711e+00
5.649241146711635880e-02 2.192242833052276615e-02 1.668984700973574320e+00 2.189781021897810209e+00
6.688417618270799114e-02 2.773246329526916909e-02 1.653803748621830216e+00 2.152080344332854889e+00
7.136640557006092289e-02 2.610966057441253124e-02 1.723642631427750649e+00 2.214022140221402424e+00
6.112054329371816724e-02 3.140916808149405576e-02 1.704545454545454586e+00 2.199413489736070204e+00
5.723630417007358889e-02 2.452984464431725437e-02 1.641586867305061537e+00 2.131438721136767356e+00
5.851979345955249379e-02 1.462994836488812345e-02 1.695873374788015919e+00 2.184996358339402978e+00
6.902356902356902857e-02 3.198653198653198665e-02 1.659292035398230114e+00 2.192181220314212808e+00
6.015693112467306036e-02 2.615518744551002459e-02 1.725129384703852686e+00 2.187386073641997886e+00
6.210691823899371078e-02 1.493710691823899386e-02 1.586881777307590502e+00 2.115655853314527324e+00
5.292702485966319093e-02 1.764234161988773031e-02 1.618996222342147906e+00 2.117896223085068641e+00
6.151288445552784839e-02 2.743142144638403834e-02 1.663432215137233161e+00 2.122391227449593298e+00
6.260575296108290833e-02 2.538071065989847691e-02 1.701644923425978506e+00 2.204261572373254818e+00
5.240549828178694275e-02 1.975945017182130503e-02 1.683029453015427723e+00 2.199413489736070204e+00
5.676855895196506602e-02 2.358078602620087422e-02 1.668984700973574320e+00 2.218934911242603558e+00
6.467259498787389371e-02 2.344381568310428474e-02 1.618996222342147906e+00 2.133712660028449282e+00
6.836108676599474132e-02 2.278702892199824595e-02 1.723642631427750649e+00 2.236302646291464580e+00
5.990415335463258883e-02 1.677316293929712390e-02 1.615074024226110350e+00 2.129169623846699722e+00
5.020576131687242566e-02 2.386831275720164777e-02 1.640240568616730510e+00 2.147458840372226341e+00
6.607574536663980702e-02 1.933924254633360290e-02 1.629549158066268433e+00 2.117896223085068641e+00
6.191222570532915054e-02 2.115987460815046961e-02 1.655172413793103425e+00 2.076124567474048277e+00
6.055508830950378368e-02 2.607232968881412899e-02 1.668984700973574320e+00 2.184996358339402978e+00
7.457627118644068187e-02 2.457627118644067910e-02 1.688713763017168690e+00 2.206693637366679006e+00
6.786941580756013226e-02 2.233676975945017226e-02 1.716247139588100712e+00 2.170767004341533912e+00
6.533101045296167697e-02 2.700348432055749148e-02 1.722158438576349093e+00 2.228826151560178381e+00
6.526994359387590372e-02 1.933924254633360290e-02 1.624255549539794341e+00 2.095703807195249624e+00
6.558849955076370697e-02 2.156334231805930035e-02 1.725129384703852686e+00 2.243829468960358842e+00
6.063122923588040031e-02 1.993355481727574624e-02 1.653803748621830216e+00 2.175489485134155299e+00
6.557377049180328210e-02 1.311475409836065573e-02 1.642935377875136993e+00 2.122391227449593298e+00
5.162364696086594457e-02 1.748542880932556220e-02 1.641586867305061537e+00 2.145155523775473583e+00
5.709624796084828563e-02 1.386623164763458455e-02 1.633542063708140590e+00 2.102312543798178002e+00
5.680868838763575290e-02 2.172096908939014082e-02 1.684446939921392383e+00 2.173125679101774566e+00
6.697819314641743904e-02 1.713395638629283332e-02 1.621621621621621712e+00 2.042205582028590705e+00
6.131260794473229747e-02 2.417962003454231582e-02 1.687289088863892061e+00 2.241314904744116543e+00
5.655737704918032543e-02 2.213114754098360545e-02 1.629549158066268433e+00 2.145155523775473583e+00
5.361494719740048792e-02 2.030869212022745618e-02 1.626898047722342699e+00 2.133712660028449282e+00
5.723630417007358889e-02 2.452984464431725437e-02 1.637554585152838360e+00 2.154398563734290839e+00
5.325443786982248656e-02 2.704987320371935594e-02 1.674574379012001124e+00 2.218934911242603558e+00
6.403162055335968883e-02 1.660079051383399340e-02 1.638896476372575739e+00 2.086956521739130377e+00
6.739679865206402165e-02 2.780117944397640997e-02 1.649711300522408663e+00 2.214022140221402424e+00
7.136715391229578320e-02 2.149613069647463362e-02 1.714775650185767386e+00 2.204261572373254818e+00
6.386554621848739011e-02 1.596638655462184753e-02 1.671774867651156349e+00 2.138275124732715415e+00
6.118881118881119158e-02 3.146853146853147154e-02 1.710376282782211987e+00 2.261590652091971521e+00
8.099173553719007934e-02 2.148760330578512387e-02 1.680201624194903376e+00 2.124645892351274767e+00
5.063291139240506250e-02 2.278481012658227847e-02 1.644286105782406082e+00 2.173125679101774566e+00
6.725663716814159199e-02 2.212389380530973421e-02 1.775673276117194499e+00 2.253944402704733285e+00
5.811965811965812134e-02 1.538461538461538547e-02 1.687289088863892061e+00 2.163721601153985041e+00
7.106164383561644482e-02 1.883561643835616334e-02 1.710376282782211987e+00 2.201834862385321223e+00
6.304176516942473774e-02 1.497241922773837747e-02 1.644286105782406082e+00 2.124645892351274767e+00
6.860158311345646021e-02 2.638522427440633325e-02 1.704545454545454586e+00 2.221399481673454357e+00
6.778169014084507726e-02 2.024647887323943740e-02 1.720676799541152935e+00 2.214022140221402424e+00
5.565068493150684970e-02 3.339041095890411120e-02 1.684446939921392383e+00 2.206693637366679006e+00
5.569620253164556806e-02 2.194092827004219537e-02 1.680201624194903376e+00 2.187386073641997886e+00
5.920519059205190532e-02 2.270884022708840114e-02 1.646994235520175653e+00 2.117896223085068641e+00
5.564648117839607333e-02 1.718494271685760966e-02 1.667593107281823306e+00 2.156721782890007155e+00
5.657237936772046422e-02 2.828618968386023211e-02 1.649711300522408663e+00 2.168413444163353798e+00
6.032285471537807836e-02 2.718776550552251536e-02 1.663432215137233161e+00 2.199413489736070204e+00
6.801007556675063570e-02 2.938706968933669020e-02 1.688713763017168690e+00 2.187386073641997886e+00
7.373653686826843467e-02 1.739850869925434890e-02 1.655172413793103425e+00 2.142857142857142794e+00
6.966864910790145082e-02 3.228547153780798873e-02 1.722158438576349093e+00 2.228826151560178381e+00
4.649265905383360292e-02 2.446982055464926725e-02 1.630877955966295145e+00 2.154398563734290839e+00
7.232142857142857817e-02 1.517857142857142842e-02 1.738626485076789407e+00 2.209131075110456699e+00
6.592533756949960078e-02 2.065131056393963369e-02 1.628222523744911721e+00 2.126905352711804476e+00
5.086206896551723894e-02 1.724137931034482735e-02 1.664816870144284033e+00 2.180232558139534760e+00
5.988967691095350987e-02 1.654846335697399487e-02 1.632208922742111046e+00 2.089136490250696365e+00
6.139613120269133556e-02 1.850294365012615516e-02 1.673173452314556720e+00 2.163721601153985041e+00
5.856643356643356779e-02 2.097902097902097987e-02 1.720676799541152935e+00 2.216475803472478745e+00
7.287449392712549989e-02 2.186234817813765066e-02 1.640240568616730510e+00 2.120141342756183711e+00
6.335616438356164726e-02 1.626712328767123197e-02 1.723642631427750649e+00 2.159050017992083514e+00
4.869857262804366121e-02 1.931150293870696755e-02 1.648351648351648269e+00 2.168413444163353798e+00
5.560458958517210809e-02 3.265666372462489031e-02 1.729605073508215574e+00 2.206693637366679006e+00
6.239168110918544286e-02 2.166377816291161287e-02 1.722158438576349093e+00 2.209131075110456699e+00
5.101214574898785270e-02 2.024291497975708523e-02 1.618996222342147906e+00 2.120141342756183711e+00
6.399317406143344156e-02 2.218430034129692877e-02 1.693002257336343019e+00 2.170767004341533912e+00
6.866952789699570792e-02 1.630901287553648132e-02 1.714775650185767386e+00 2.223869532987397868e+00
7.022222222222222754e-02 1.511111111111111162e-02 1.755412521942656623e+00 2.211573903427939580e+00
7.053571428571428492e-02 2.232142857142857192e-02 1.761597181444509719e+00 2.180232558139534760e+00
5.862361937128292289e-02 1.614273576890399436e-02 1.674574379012001124e+00 2.170767004341533912e+00
7.401032702237521355e-02 2.237521514629948333e-02 1.714775650185767386e+00 2.180232558139534760e+00
6.972789115646257918e-02 2.295918367346938896e-02 1.710376282782211987e+00 2.159050017992083514e+00
5.823627287853577056e-02 1.996672212978369346e-02 1.656543346217559387e+00 2.138275124732715415e+00
7.711038961038961526e-02 2.353896103896103986e-02 1.649711300522408663e+00 2.156721782890007155e+00
5.582922824302134768e-02 2.052545155993431777e-02 1.646994235520175653e+00 2.161383285302593826e+00
6.153846153846154188e-02 2.186234817813765066e-02 1.617686708007549212e+00 2.145155523775473583e+00
6.323396567299006954e-02 2.077687443541102047e-02 1.734104046242774588e+00 2.218934911242603558e+00
5.699020480854852938e-02 2.137132680320569939e-02 1.743172574084834503e+00 2.211573903427939580e+00
5.175038051750380230e-02 1.522070015220700068e-02 1.566988769913815638e+00 2.084781097984711451e+00
5.102040816326530726e-02 2.210884353741496625e-02 1.687289088863892061e+00 2.166064981949458623e+00
6.223717409587888744e-02 2.523128679562657711e-02 1.695873374788015919e+00 2.161383285302593826e+00
6.405693950177936136e-02 1.601423487544484034e-02 1.737116386797915357e+00 2.214022140221402424e+00
6.596091205211726538e-02 1.547231270358306182e-02 1.664816870144284033e+00 2.131438721136767356e+00
7.125700560448358645e-02 2.642113690952762120e-02 1.651073197578426077e+00 2.108963093145869827e+00
6.374501992031872399e-02 2.151394422310757074e-02 1.629549158066268433e+00 2.124645892351274767e+00
5.051369863013698697e-02 2.482876712328766985e-02 1.678791270285394432e+00 2.206693637366679006e+00
6.128782001551590086e-02 2.172226532195500534e-02 1.616379310344827624e+00 2.095703807195249624e+00
6.542056074766354479e-02 2.209005947323704200e-02 1.681614349775784722e+00 2.180232558139534760e+00
6.917688266199649438e-02 2.101576182136602466e-02 1.717721156598912113e+00 2.196997436836323647e+00
6.430868167202571928e-02 2.009646302250803901e-02 1.646994235520175653e+00 2.115655853314527324e+00
6.179775280898876233e-02 2.086677367576244072e-02 1.638896476372575739e+00 2.086956521739130377e+00
6.922435362802335790e-02 3.252710592160133751e-02 1.687289088863892061e+00 2.175489485134155299e+00
5.968928863450531641e-02 2.207686017988552685e-02 1.644286105782406082e+00 2.133712660028449282e+00
6.308610400682011787e-02 2.557544757033248031e-02 1.697312588401697298e+00 2.159050017992083514e+00
6.514913657770800282e-02 1.962323390894819483e-02 1.615074024226110350e+00 2.117896223085068641e+00
6.429192006950477933e-02 2.519548218940052126e-02 1.716247139588100712e+00 2.236302646291464580e+00
4.717775905644482071e-02 2.780117944397640997e-02 1.680201624194903376e+00 2.204261572373254818e+00
5.923616523772408382e-02 2.727981293842556346e-02 1.597018898056960401e+00 2.082610204790003472e+00
6.181202370872142249e-02 1.862828111769686615e-02 1.660669803487406559e+00 2.196997436836323647e+00
6.132461161079313244e-02 2.861815208503679445e-02 1.649711300522408663e+00 2.156721782890007155e+00
6.070549630844954830e-02 1.804757998359311083e-02 1.678791270285394432e+00 2.111189303307529741e+00
6.565656565656566301e-02 1.851851851851851749e-02 1.703093954016463352e+00 2.192181220314212808e+00
6.480721903199343492e-02 2.461033634126333011e-02 1.637554585152838360e+00 2.168413444163353798e+00
5.546357615894039611e-02 2.649006622516556289e-02 1.638896476372575739e+00 2.168413444163353798e+00
6.143896523848019209e-02 1.859337105901374271e-02 1.641586867305061537e+00 2.131438721136767356e+00
5.738993710691824013e-02 2.279874213836477828e-02 1.626898047722342699e+00 2.093510118632240236e+00
6.644518272425249672e-02 3.322259136212624836e-02 1.668984700973574320e+00 2.159050017992083514e+00
6.965174129353234045e-02 2.487562189054726494e-02 1.645639056500274311e+00 2.140563681769532600e+00
5.928509154315605989e-02 2.353966870095902317e-02 1.674574379012001124e+00 2.189781021897810209e+00
7.679324894514767685e-02 2.278481012658227847e-02 1.687289088863892061e+00 2.163721601153985041e+00
5.907534246575342485e-02 1.712328767123287576e-02 1.700198356474922123e+00 2.182611858857766318e+00
5.671392827356130234e-02 2.168473728106755719e-02 1.638896476372575739e+00 2.209131075110456699e+00
6.457242582897032568e-02 2.530541012216405011e-02 1.697312588401697298e+00 2.196997436836323647e+00
5.821917808219177759e-02 1.969178082191780713e-02 1.691570341133352029e+00 2.159050017992083514e+00
5.405405405405405705e-02 2.305246422893481723e-02 1.602136181575433804e+00 2.147458840372226341e+00
6.112054329371816724e-02 1.952461799660441463e-02 1.693002257336343019e+00 2.173125679101774566e+00
6.590038314176245582e-02 2.758620689655172376e-02 1.613770844540075355e+00 2.095703807195249624e+00
6.504065040650407192e-02 2.077687443541102047e-02 1.720676799541152935e+00 2.238805970149253532e+00
5.498821681068342265e-02 1.335428122545168940e-02 1.600853788687299994e+00 2.084781097984711451e+00
6.266318537859007221e-02 2.088772845953002638e-02 1.725129384703852686e+00 2.256487401278675975e+00
5.517826825127334495e-02 2.122241086587436237e-02 1.673173452314556720e+00 2.182611858857766318e+00
6.621961441743504095e-02 1.508801341156747709e-02 1.664816870144284033e+00 2.161383285302593826e+00
5.000000000000000278e-02 2.131147540983606425e-02 1.630877955966295145e+00 2.159050017992083514e+00
5.225080385852089865e-02 2.250803858520900383e-02 1.633542063708140590e+00 2.106741573033708015e+00
6.356968215158924351e-02 2.200488997555012302e-02 1.655172413793103425e+00 2.184996358339402978e+00
5.844155844155844021e-02 1.866883116883116811e-02 1.616379310344827624e+00 2.104524728165555914e+00
6.264869151467089559e-02 1.744647105471847787e-02 1.634877384196185224e+00 2.104524728165555914e+00
6.215213358070501015e-02 1.948051948051948007e-02 1.783590963139120023e+00 2.236302646291464580e+00
6.476030277544155001e-02 2.102607232968881426e-02 1.667593107281823306e+00 2.187386073641997886e+00
8.419380460683081879e-02 1.667990468625893397e-02 1.662049861495844771e+00 2.065404475043029375e+00
7.207953603976802182e-02 2.899751449875724932e-02 1.662049861495844771e+00 2.154398563734290839e+00
7.606679035250463183e-02 2.968460111317254221e-02 1.780415430267062282e+00 2.295332823259372823e+00
6.768189509306260510e-02 1.945854483925549966e-02 1.703093954016463352e+00 2.175489485134155299e+00
5.698672911787665968e-02 2.810304449648711941e-02 1.605995717344753659e+00 2.113420218386755867e+00
6.194690265486725578e-02 2.743362831858407042e-02 1.740139211136890962e+00 2.246349681767128459e+00
6.233538191395961159e-02 1.668129938542581292e-02 1.728110599078340970e+00 2.243829468960358842e+00
6.234413965087282072e-02 2.410640066500415596e-02 1.668984700973574320e+00 2.147458840372226341e+00
5.834018077239112865e-02 2.382908792111750051e-02 1.659292035398230114e+00 2.097902097902097918e+00
6.933115823817291579e-02 1.712887438825448638e-02 1.622937516905599065e+00 2.138275124732715415e+00
7.330316742081448289e-02 2.805429864253393760e-02 1.774098166765227580e+00 2.256487401278675975e+00
7.210300429184549054e-02 2.145922746781115872e-02 1.684446939921392383e+00 2.209131075110456699e+00
6.577851790174854552e-02 1.748542880932556220e-02 1.660669803487406559e+00 2.122391227449593298e+00
6.996587030716723554e-02 2.303754266211604021e-02 1.703093954016463352e+00 2.166064981949458623e+00
5.690440060698027241e-02 1.669195751138087894e-02 1.568217459487715626e+00 2.078281953585036312e+00
7.521367521367521014e-02 2.307692307692307820e-02 1.714775650185767386e+00 2.214022140221402424e+00
5.691699604743082758e-02 1.739130434782608717e-02 1.600853788687299994e+00 2.104524728165555914e+00
6.122448979591836593e-02 2.465986394557823091e-02 1.691570341133352029e+00 2.218934911242603558e+00
6.176700547302579891e-02 1.720093823299452540e-02 1.616379310344827624e+00 2.104524728165555914e+00
5.063291139240506250e-02 2.278481012658227847e-02 1.655172413793103425e+00 2.192181220314212808e+00
7.124895222129086492e-02 1.676445934618608566e-02 1.681614349775784722e+00 2.173125679101774566e+00
7.480314960629921850e-02 1.732283464566929110e-02 1.633542063708140590e+00 2.086956521739130377e+00
5.868902439024389905e-02 1.981707317073170757e-02 1.568217459487715626e+00 2.069679199724042906e+00
6.086956521739130682e-02 1.913043478260869484e-02 1.697312588401697298e+00 2.189781021897810209e+00
6.544293695131683797e-02 2.234636871508379960e-02 1.634877384196185224e+00 2.115655853314527324e+00
6.525423728813559143e-02 3.220338983050847342e-02 1.722158438576349093e+00 2.226345083487940801e+00
6.228668941979521867e-02 3.412969283276450633e-02 1.663432215137233161e+00 2.221399481673454357e+00
6.839622641509433831e-02 2.122641509433962140e-02 1.637554585152838360e+00 2.082610204790003472e+00
6.199677938808373368e-02 1.529790660225442862e-02 1.642935377875136993e+00 2.145155523775473583e+00
4.967426710097719994e-02 2.605863192182410540e-02 1.640240568616730510e+00 2.145155523775473583e+00
7.931316434995912268e-02 1.962387571545380280e-02 1.681614349775784722e+00 2.111189303307529741e+00
6.434782608695652217e-02 2.608695652173912902e-02 1.713306681896059391e+00 2.192181220314212808e+00
5.950413223140495894e-02 2.396694214876033194e-02 1.632208922742111046e+00 2.152080344332854889e+00
7.832422586520947083e-02 1.730418943533697587e-02 1.767825574543311795e+00 2.231312755671253090e+00
6.047326906222611625e-02 1.840490797546012400e-02 1.741654571843251009e+00 2.192181220314212808e+00
6.660973526900085262e-02 2.903501280956447342e-02 1.694436599830556389e+00 2.221399481673454357e+00
5.555555555555555247e-02 2.292768959435625975e-02 1.691570341133352029e+00 2.196997436836323647e+00
6.916666666666666796e-02 1.916666666666666519e-02 1.687289088863892061e+00 2.147458840372226341e+00
5.897658282740676772e-02 3.295750216825672069e-02 1.678791270285394432e+00 2.211573903427939580e+00
5.466970387243735852e-02 1.822323462414578502e-02 1.566988769913815638e+00 2.093510118632240236e+00
5.731990704879937754e-02 2.168861347792408814e-02 1.611170784103114872e+00 2.108963093145869827e+00
7.195421095666394706e-02 1.962387571545380280e-02 1.670378619153674915e+00 2.161383285302593826e+00
7.046979865771811624e-02 1.929530201342281870e-02 1.705999431333522942e+00 2.184996358339402978e+00
6.491063029162746911e-02 2.445907808090310581e-02 1.758499413833528813e+00 2.259036144578313365e+00
8.411214953271027583e-02 3.228547153780798873e-02 1.720676799541152935e+00 2.223869532987397868e+00
5.901639344262295250e-02 2.540983606557377025e-02 1.642935377875136993e+00 2.159050017992083514e+00
7.805724197745013415e-02 1.994796183868170064e-02 1.713306681896059391e+00 2.214022140221402424e+00
7.168141592920354577e-02 3.185840707964601726e-02 1.735608909459068538e+00 2.233804914370811634e+00
6.075949367088607361e-02 3.037974683544303681e-02 1.713306681896059391e+00 2.204261572373254818e+00
5.383360522022838379e-02 2.039151712887438822e-02 1.624255549539794341e+00 2.104524728165555914e+00
5.743243243243243562e-02 1.689189189189189283e-02 1.687289088863892061e+00 2.196997436836323647e+00
6.529209621993127544e-02 2.920962199312714808e-02 1.716247139588100712e+00 2.175489485134155299e+00
6.731549067315491242e-02 1.946472019464720246e-02 1.651073197578426077e+00 2.102312543798178002e+00
6.872852233676976508e-02 2.491408934707903949e-02 1.744693224774643836e+00 2.175489485134155299e+00
6.025039123630673149e-02 2.112676056338028130e-02 1.625575724735843997e+00 2.135991456034175950e+00
5.952380952380952051e-02 1.746031746031746074e-02 1.620307858493113651e+00 2.106741573033708015e+00
6.694214876033058315e-02 2.396694214876033194e-02 1.649711300522408663e+00 2.180232558139534760e+00
7.380373073803730977e-02 2.189781021897810320e-02 1.636214889555494878e+00 2.115655853314527324e+00
6.729939603106126211e-02 1.639344262295082053e-02 1.705999431333522942e+00 2.192181220314212808e+00
5.967741935483870941e-02 2.096774193548387247e-02 1.625575724735843997e+00 2.129169623846699722e+00
6.184738955823293471e-02 2.409638554216867595e-02 1.649711300522408663e+00 2.115655853314527324e+00
5.929487179487179238e-02 2.323717948717948789e-02 1.625575724735843997e+00 2.152080344332854889e+00
7.197290431837426172e-02 2.286198137171888134e-02 1.705999431333522942e+00 2.161383285302593826e+00
7.021996615905244654e-02 2.030456852791878014e-02 1.698754246885617158e+00 2.168413444163353798e+00
6.485539000876423821e-02 1.577563540753724666e-02 1.725129384703852686e+00 2.221399481673454357e+00
6.661442006269592542e-02 1.489028213166144164e-02 1.630877955966295145e+00 2.080443828016643515e+00
5.835331734612310417e-02 2.877697841726618855e-02 1.608579088471849827e+00 2.154398563734290839e+00
5.351437699680511306e-02 1.916932907348242732e-02 1.630877955966295145e+00 2.097902097902097918e+00
6.922435362802335790e-02 2.335279399499582895e-02 1.663432215137233161e+00 2.142857142857142794e+00
6.733167082294264083e-02 2.493765586034912829e-02 1.677383282079955240e+00 2.173125679101774566e+00
4.531001589825119080e-02 1.907790143084260592e-02 1.633542063708140590e+00 2.126905352711804476e+00
6.783919597989949979e-02 2.512562814070351883e-02 1.687289088863892061e+00 2.140563681769532600e+00
5.780346820809248443e-02 2.642444260941370637e-02 1.662049861495844771e+00 2.120141342756183711e+00
7.361963190184049599e-02 2.377300613496932669e-02 1.621621621621621712e+00 2.073971655720705076e+00
6.830122591943957322e-02 2.101576182136602466e-02 1.720676799541152935e+00 2.218934911242603558e+00
7.921635434412266363e-02 1.618398637137989649e-02 1.711840228245363749e+00 2.175489485134155299e+00
6.200317965023847272e-02 2.384737678855326087e-02 1.629549158066268433e+00 2.115655853314527324e+00
5.999999999999999778e-02 1.916666666666666519e-02 1.657916551533572758e+00 2.187386073641997886e+00
7.038626609442059923e-02 2.060085836909871307e-02 1.695873374788015919e+00 2.156721782890007155e+00
7.064760302775441314e-02 2.354920100925147336e-02 1.680201624194903376e+00 2.204261572373254818e+00
5.906480721903199088e-02 1.968826907301066478e-02 1.636214889555494878e+00 2.159050017992083514e+00
5.459057071960297935e-02 2.150537634408602322e-02 1.640240568616730510e+00 2.170767004341533912e+00
7.495881383855024227e-02 2.059308072487643984e-02 1.678791270285394432e+00 2.129169623846699722e+00
5.793450881612090958e-02 2.099076406381192306e-02 1.701644923425978506e+00 2.177858439201451723e+00
6.029285099052540675e-02 2.239448751076657945e-02 1.704545454545454586e+00 2.233804914370811634e+00
7.869974337040205881e-02 2.908468776732249864e-02 1.719197707736389580e+00 2.223869532987397868e+00
6.530291109362706958e-02 1.888276947285601887e-02 1.612469766191883869e+00 2.102312543798178002e+00
5.560382276281494035e-02 2.345786272806255415e-02 1.710376282782211987e+00 2.201834862385321223e+00
5.560235888795281994e-02 1.263689974726200579e-02 1.668984700973574320e+00 2.147458840372226341e+00
5.877551020408162963e-02 1.224489795918367284e-02 1.646994235520175653e+00 2.082610204790003472e+00
5.217391304347825803e-02 1.739130434782608717e-02 1.624255549539794341e+00 2.122391227449593298e+00
6.209150326797385766e-02 1.715686274509804071e-02 1.652437345083998865e+00 2.149767108563239049e+00
6.082148499210110471e-02 1.737756714060031613e-02 1.611170784103114872e+00 2.097902097902097918e+00
7.329401853411962597e-02 1.769165964616680603e-02 1.678791270285394432e+00 2.161383285302593826e+00
6.042553191489361680e-02 1.957446808510638139e-02 1.695873374788015919e+00 2.189781021897810209e+00
6.106870229007633349e-02 1.526717557251908337e-02 1.675977653631284925e+00 2.201834862385321223e+00
5.758683729433272669e-02 1.553930530164533870e-02 1.772525849335302883e+00 2.259036144578313365e+00
6.575576430401366967e-02 2.561912894961571388e-02 1.697312588401697298e+00 2.211573903427939580e+00
7.894736842105262720e-02 1.814882032667876691e-02 1.785182981255578616e+00 2.236302646291464580e+00
5.536912751677852684e-02 2.768456375838926342e-02 1.663432215137233161e+00 2.187386073641997886e+00
6.060606060606060774e-02 2.251082251082251254e-02 1.683029453015427723e+00 2.201834862385321223e+00
5.343511450381679267e-02 2.459711620016963654e-02 1.664816870144284033e+00 2.209131075110456699e+00
6.521739130434782428e-02 1.574212893553223261e-02 1.594472495349455121e+00 2.042205582028590705e+00
6.164383561643835274e-02 3.082191780821917637e-02 1.711840228245363749e+00 2.184996358339402978e+00
5.431034482758620441e-02 2.241379310344827555e-02 1.684446939921392383e+00 2.189781021897810209e+00
7.467532467532467244e-02 1.704545454545454419e-02 1.657916551533572758e+00 2.129169623846699722e+00
4.524180967238689705e-02 2.106084243369734862e-02 1.581861323490640681e+00 2.135991456034175950e+00
7.033898305084745894e-02 2.203389830508474534e-02 1.670378619153674915e+00 2.184996358339402978e+00
7.039864291772689187e-02 1.357082273112807450e-02 1.740139211136890962e+00 2.138275124732715415e+00
7.296137339055794313e-02 2.060085836909871307e-02 1.684446939921392383e+00 2.201834862385321223e+00
5.152838427947598055e-02 2.183406113537117790e-02 1.708914839077185999e+00 2.180232558139534760e+00
5.995004163197335811e-02 2.331390507910074961e-02 1.666203832268814189e+00 2.152080344332854889e+00
6.331309627059844569e-02 1.474414570685169193e-02 1.681614349775784722e+00 2.177858439201451723e+00
6.928999144568007140e-02 2.651839178785286508e-02 1.690140845070422504e+00 2.180232558139534760e+00
4.600484261501210786e-02 1.937046004842615105e-02 1.634877384196185224e+00 2.124645892351274767e+00
5.663304887509697239e-02 2.327385570209464585e-02 1.589403973509933676e+00 2.091321017776228697e+00
6.260869565217391797e-02 2.782608695652174016e-02 1.720676799541152935e+00 2.231312755671253090e+00
7.019064124783362668e-02 2.426343154246100517e-02 1.740139211136890962e+00 2.241314904744116543e+00
7.477403451109285171e-02 2.875924404272801882e-02 1.697312588401697298e+00 2.180232558139534760e+00
5.148342059336823845e-02 1.483420593368237408e-02 1.708914839077185999e+00 2.236302646291464580e+00
5.358615004122011666e-02 2.555647155812036317e-02 1.670378619153674915e+00 2.199413489736070204e+00
6.362922230950510127e-02 2.670856245090337880e-02 1.634877384196185224e+00 2.093510118632240236e+00
4.901960784313725422e-02 2.287581699346405081e-02 1.652437345083998865e+00 2.142857142857142794e+00
6.723404255319148648e-02 1.787234042553191571e-02 1.725129384703852686e+00 2.135991456034175950e+00
6.546644844517185424e-02 1.391162029459901833e-02 1.657916551533572758e+00 2.124645892351274767e+00
6.742485783915515285e-02 1.949634443541835988e-02 1.664816870144284033e+00 2.138275124732715415e+00
7.331136738056012736e-02 1.894563426688632493e-02 1.671774867651156349e+00 2.129169623846699722e+00
7.102040816326531114e-02 2.040816326530612082e-02 1.694436599830556389e+00 2.199413489736070204e+00
6.606851549755302089e-02 2.365415986949429006e-02 1.673173452314556720e+00 2.111189303307529741e+00
8.048993875765529660e-02 2.099737532808398921e-02 1.720676799541152935e+00 2.216475803472478745e+00
4.736842105263158048e-02 1.578947368421052683e-02 1.674574379012001124e+00 2.241314904744116543e+00
5.728314238952536552e-02 1.963993453355155488e-02 1.645639056500274311e+00 2.113420218386755867e+00
5.927180355630821268e-02 1.778154106689246519e-02 1.681614349775784722e+00 2.177858439201451723e+00
6.585788561525129925e-02 1.819757365684575301e-02 1.717721156598912113e+00 2.187386073641997886e+00
7.254740313272876884e-02 2.638087386644682661e-02 1.645639056500274311e+00 2.159050017992083514e+00
5.934242181234963831e-02 2.726543704891740139e-02 1.625575724735843997e+00 2.104524728165555914e+00
5.960264900662251564e-02 1.903973509933774844e-02 1.648351648351648269e+00 2.152080344332854889e+00
6.030603060306030661e-02 2.790279027902790171e-02 1.738626485076789407e+00 2.251407129455909928e+00
7.308684436801375639e-02 2.493551160791057653e-02 1.717721156598912113e+00 2.159050017992083514e+00
6.961506961506962188e-02 2.211302211302211204e-02 1.656543346217559387e+00 2.126905352711804476e+00
6.289308176100628922e-02 1.347708894878706272e-02 1.732601790355183358e+00 2.226345083487940801e+00
6.772575250836120053e-02 2.341137123745819226e-02 1.662049861495844771e+00 2.166064981949458623e+00
6.435224386113462536e-02 1.778154106689246519e-02 1.678791270285394432e+00 2.173125679101774566e+00
5.663567202028740172e-02 1.606086221470836781e-02 1.663432215137233161e+00 2.196997436836323647e+00
7.096247960848287017e-02 1.223491027732463363e-02 1.660669803487406559e+00 2.122391227449593298e+00
4.817275747508305977e-02 2.325581395348837177e-02 1.660669803487406559e+00 2.180232558139534760e+00
