2.962962962962962798e-01 2.870370370370370350e-01 5.964214711729622032e+00 6.681514476614699660e+00
2.095238095238095288e-01 1.904761904761904656e-01 5.272407732864675012e+00 5.825242718446602019e+00
2.203389830508474534e-01 1.864406779661016977e-01 4.909983633387888347e+00 5.758157389635316648e+00
1.415929203539822989e-01 9.734513274336283051e-02 4.680187207488299528e+00 5.217391304347826164e+00
2.924528301886792359e-01 2.358490566037735880e-01 5.504587155963302614e+00 6.036217303822937197e+00
2.989690721649484462e-01 2.164948453608247503e-01 5.893909626719056938e+00 6.593406593406593075e+00
3.517241379310344640e-01 2.620689655172414034e-01 4.815409309791331971e+00 5.272407732864675012e+00
2.773109243697479132e-01 2.268907563025210072e-01 5.163511187607572772e+00 6.036217303822937197e+00
2.327044025157232743e-01 1.698113207547169712e-01 3.973509933774834302e+00 4.769475357710652119e+00
2.342342342342342287e-01 1.351351351351351426e-01 5.163511187607572772e+00 5.565862708719851781e+00
2.809917355371900904e-01 1.983471074380165344e-01 5.272407732864675012e+00 5.893909626719056938e+00
2.867647058823529216e-01 2.132352941176470507e-01 4.815409309791331971e+00 5.565862708719851781e+00
2.980769230769230727e-01 1.826923076923076816e-01 5.565862708719851781e+00 6.681514476614699660e+00
2.118644067796610075e-01 1.694915254237288060e-01 4.724409448818897239e+00 5.504587155963302614e+00
2.540983606557377095e-01 1.721311475409836034e-01 5.008347245409015436e+00 5.628517823639774598e+00
2.710280373831775447e-01 2.336448598130841103e-01 5.628517823639774598e+00 6.036217303822937197e+00
3.301886792452830011e-01 2.264150943396226467e-01 5.825242718446602019e+00 6.507592190889370798e+00
2.977099236641221336e-01 2.137404580152671707e-01 5.110732538330494457e+00 5.825242718446602019e+00
1.779661016949152519e-01 1.864406779661016977e-01 4.636785162287480944e+00 5.504587155963302614e+00
2.121212121212121271e-01 1.742424242424242542e-01 4.470938897168405646e+00 5.504587155963302614e+00
2.229729729729729715e-01 1.756756756756756854e-01 4.316546762589927866e+00 5.008347245409015436e+00
2.180451127819548751e-01 1.428571428571428492e-01 4.680187207488299528e+00 5.110732538330494457e+00
3.243243243243243423e-01 1.756756756756756854e-01 4.511278195488721998e+00 5.385996409335727542e+00
2.410714285714285754e-01 1.785714285714285754e-01 5.692599620493358437e+00 5.758157389635316648e+00
2.704918032786885473e-01 1.557377049180327933e-01 5.110732538330494457e+00 5.628517823639774598e+00
2.330827067669172803e-01 1.503759398496240518e-01 4.511278195488721998e+00 5.504587155963302614e+00
2.479338842975206680e-01 1.239669421487603340e-01 4.769475357710652119e+00 5.008347245409015436e+00
2.792792792792792578e-01 2.252252252252252285e-01 5.385996409335727542e+00 6.036217303822937197e+00
3.458646616541353191e-01 2.556390977443608881e-01 5.059021922428330598e+00 6.036217303822937197e+00
3.586956521739130266e-01 2.500000000000000000e-01 6.593406593406593075e+00 6.960556844547563848e+00
2.389380530973451433e-01 1.946902654867256610e-01 5.110732538330494457e+00 5.692599620493358437e+00
2.222222222222222099e-01 1.388888888888888951e-01 5.217391304347826164e+00 6.185567010309278579e+00
2.954545454545454697e-01 2.348484848484848619e-01 4.815409309791331971e+00 5.385996409335727542e+00
2.905982905982906206e-01 2.222222222222222099e-01 5.692599620493358437e+00 5.825242718446602019e+00
2.672413793103448065e-01 1.810344827586206906e-01 5.217391304347826164e+00 5.893909626719056938e+00
2.419354838709677491e-01 1.774193548387096864e-01 4.958677685950413583e+00 5.628517823639774598e+00
2.903225806451613100e-01 2.580645161290322509e-01 5.217391304347826164e+00 5.825242718446602019e+00
3.310810810810810856e-01 2.635135135135134865e-01 5.059021922428330598e+00 5.565862708719851781e+00
2.142857142857142738e-01 1.696428571428571508e-01 5.059021922428330598e+00 6.109979633401222188e+00
3.495934959349593640e-01 2.764227642276422814e-01 5.328596802841918390e+00 6.036217303822937197e+00
2.656250000000000000e-01 1.953125000000000000e-01 5.059021922428330598e+00 5.385996409335727542e+00
2.686567164179104461e-01 2.014925373134328346e-01 4.680187207488299528e+00 5.504587155963302614e+00
2.413793103448275967e-01 1.810344827586206906e-01 5.163511187607572772e+00 5.565862708719851781e+00
3.050847457627118842e-01 2.542372881355932090e-01 5.385996409335727542e+00 6.593406593406593075e+00
2.113821138211382233e-01 1.463414634146341375e-01 4.680187207488299528e+00 5.217391304347826164e+00
2.879999999999999782e-01 2.159999999999999976e-01 5.110732538330494457e+00 5.758157389635316648e+00
2.178217821782178210e-01 1.881188118811881194e-01 5.444646098003629753e+00 5.893909626719056938e+00
2.156862745098039325e-01 1.470588235294117696e-01 5.444646098003629753e+00 5.964214711729622032e+00
1.904761904761904656e-01 1.190476190476190410e-01 4.815409309791331971e+00 5.565862708719851781e+00
2.692307692307692180e-01 2.461538461538461675e-01 4.958677685950413583e+00 5.825242718446602019e+00
2.086956521739130321e-01 1.304347826086956486e-01 5.059021922428330598e+00 5.504587155963302614e+00
2.030075187969924699e-01 1.353383458646616466e-01 4.511278195488721998e+00 5.163511187607572772e+00
2.032520325203251987e-01 1.707317073170731836e-01 4.769475357710652119e+00 5.628517823639774598e+00
2.327586206896551657e-01 1.982758620689655249e-01 5.110732538330494457e+00 6.109979633401222188e+00
2.661870503597122406e-01 2.517985611510791255e-01 4.594180704441041208e+00 5.385996409335727542e+00
3.223140495867768407e-01 2.809917355371900904e-01 5.385996409335727542e+00 5.964214711729622032e+00
2.640000000000000124e-01 2.159999999999999976e-01 4.909983633387888347e+00 5.565862708719851781e+00
2.155172413793103314e-01 1.724137931034482873e-01 5.008347245409015436e+00 5.628517823639774598e+00
2.352941176470588203e-01 2.058823529411764608e-01 4.552352048558422126e+00 5.110732538330494457e+00
3.307692307692307598e-01 2.538461538461538325e-01 5.385996409335727542e+00 5.504587155963302614e+00
2.949640287769784153e-01 2.230215827338129508e-01 4.724409448818897239e+00 5.272407732864675012e+00
1.984732824427480891e-01 1.450381679389312894e-01 4.354136429608127301e+00 5.328596802841918390e+00
2.307692307692307820e-01 1.880341880341880323e-01 5.059021922428330598e+00 5.692599620493358437e+00
2.279411764705882304e-01 2.132352941176470507e-01 4.680187207488299528e+00 5.008347245409015436e+00
2.260273972602739601e-01 1.301369863013698558e-01 4.207573632538569086e+00 4.769475357710652119e+00
2.547169811320754707e-01 1.698113207547169712e-01 5.565862708719851781e+00 6.036217303822937197e+00
2.419354838709677491e-01 1.774193548387096864e-01 4.769475357710652119e+00 5.385996409335727542e+00
2.408759124087591352e-01 2.043795620437956206e-01 4.552352048558422126e+00 5.628517823639774598e+00
2.215568862275449080e-01 1.437125748502993960e-01 3.821656050955414052e+00 4.354136429608127301e+00
1.774193548387096864e-01 1.612903225806451568e-01 4.511278195488721998e+00 5.217391304347826164e+00
2.123893805309734484e-01 1.769911504424778736e-01 5.110732538330494457e+00 5.825242718446602019e+00
2.586206896551724310e-01 1.637931034482758563e-01 5.059021922428330598e+00 5.893909626719056938e+00
2.647058823529411797e-01 1.911764705882352811e-01 4.769475357710652119e+00 5.628517823639774598e+00
2.975206611570248016e-01 2.479338842975206680e-01 5.328596802841918390e+00 6.036217303822937197e+00
3.068181818181818232e-01 2.159090909090909116e-01 6.263048016701461052e+00 7.263922518159806607e+00
2.479999999999999982e-01 1.600000000000000033e-01 4.680187207488299528e+00 5.565862708719851781e+00
3.092783505154639290e-01 2.783505154639175361e-01 6.109979633401222188e+00 6.507592190889370798e+00
2.566371681415929307e-01 2.212389380530973559e-01 5.328596802841918390e+00 6.342494714587737725e+00
2.622950819672131284e-01 1.885245901639344135e-01 5.008347245409015436e+00 5.893909626719056938e+00
2.702702702702702853e-01 2.252252252252252285e-01 5.272407732864675012e+00 5.825242718446602019e+00
2.475247524752475226e-01 1.683168316831683275e-01 5.444646098003629753e+00 6.036217303822937197e+00
2.671755725190839703e-01 2.213740458015267254e-01 4.680187207488299528e+00 5.163511187607572772e+00
2.464788732394366244e-01 2.464788732394366244e-01 4.862236628849270659e+00 5.163511187607572772e+00
2.543859649122807154e-01 1.754385964912280604e-01 5.504587155963302614e+00 5.964214711729622032e+00
2.577319587628865705e-01 2.164948453608247503e-01 6.185567010309278579e+00 6.681514476614699660e+00
2.820512820512820484e-01 2.307692307692307820e-01 5.272407732864675012e+00 5.692599620493358437e+00
2.968750000000000000e-01 1.953125000000000000e-01 4.862236628849270659e+00 5.893909626719056938e+00
2.653061224489796088e-01 1.428571428571428492e-01 5.893909626719056938e+00 6.185567010309278579e+00
2.727272727272727071e-01 1.818181818181818232e-01 5.110732538330494457e+00 5.692599620493358437e+00
1.651376146788990917e-01 1.376146788990825764e-01 4.862236628849270659e+00 5.444646098003629753e+00
2.999999999999999889e-01 2.250000000000000056e-01 5.272407732864675012e+00 5.825242718446602019e+00
2.173913043478260809e-01 1.521739130434782705e-01 4.431314623338256986e+00 4.862236628849270659e+00
2.389380530973451433e-01 1.858407079646017812e-01 5.163511187607572772e+00 5.893909626719056938e+00
2.213114754098360615e-01 1.803278688524590223e-01 4.815409309791331971e+00 5.758157389635316648e+00
2.500000000000000000e-01 1.944444444444444475e-01 5.385996409335727542e+00 6.109979633401222188e+00
2.434782608695652273e-01 2.173913043478260809e-01 5.110732538330494457e+00 5.964214711729622032e+00
3.090909090909090828e-01 2.090909090909090773e-01 5.565862708719851781e+00 6.036217303822937197e+00
2.545454545454545192e-01 2.363636363636363591e-01 5.272407732864675012e+00 5.964214711729622032e+00
2.834645669291338543e-01 2.204724409448818867e-01 5.008347245409015436e+00 5.692599620493358437e+00
3.134328358208955390e-01 2.014925373134328346e-01 4.909983633387888347e+00 5.565862708719851781e+00
2.118644067796610075e-01 1.949152542372881436e-01 4.862236628849270659e+00 5.628517823639774598e+00
2.065217391304347838e-01 1.739130434782608647e-01 5.628517823639774598e+00 6.263048016701461052e+00
2.000000000000000111e-01 1.759999999999999898e-01 4.552352048558422126e+00 5.008347245409015436e+00
2.580645161290322509e-01 1.612903225806451568e-01 4.862236628849270659e+00 5.692599620493358437e+00
2.399999999999999911e-01 1.439999999999999891e-01 4.594180704441041208e+00 5.272407732864675012e+00
2.666666666666666630e-01 2.000000000000000111e-01 5.008347245409015436e+00 5.758157389635316648e+00
1.968503937007874127e-01 1.653543307086614289e-01 4.511278195488721998e+00 5.328596802841918390e+00
2.121212121212121271e-01 1.414141414141414088e-01 5.628517823639774598e+00 5.893909626719056938e+00
2.159090909090909116e-01 2.272727272727272652e-01 6.185567010309278579e+00 6.681514476614699660e+00
3.009708737864077444e-01 1.941747572815533951e-01 5.692599620493358437e+00 6.036217303822937197e+00
2.137404580152671707e-01 1.679389312977099258e-01 4.724409448818897239e+00 5.328596802841918390e+00
2.660550458715596478e-01 1.834862385321101019e-01 5.163511187607572772e+00 5.893909626719056938e+00
3.135593220338983023e-01 2.627118644067796827e-01 5.272407732864675012e+00 6.109979633401222188e+00
2.905982905982906206e-01 2.307692307692307820e-01 5.444646098003629753e+00 5.964214711729622032e+00
2.432432432432432567e-01 2.229729729729729715e-01 4.392386530014641188e+00 5.163511187607572772e+00
2.330827067669172803e-01 2.255639097744360777e-01 4.636785162287480944e+00 5.059021922428330598e+00
2.719298245614035214e-01 2.368421052631578816e-01 5.385996409335727542e+00 5.758157389635316648e+00
1.900000000000000022e-01 1.700000000000000122e-01 5.444646098003629753e+00 6.263048016701461052e+00
3.538461538461538658e-01 2.692307692307692180e-01 5.272407732864675012e+00 6.036217303822937197e+00
2.920353982300885054e-01 2.389380530973451433e-01 5.217391304347826164e+00 5.758157389635316648e+00
2.971014492753623060e-01 2.173913043478260809e-01 4.594180704441041208e+00 5.565862708719851781e+00
2.919708029197080057e-01 2.408759124087591352e-01 4.862236628849270659e+00 5.893909626719056938e+00
2.782608695652173947e-01 1.913043478260869623e-01 5.328596802841918390e+00 5.964214711729622032e+00
2.320000000000000118e-01 1.439999999999999891e-01 4.862236628849270659e+00 5.565862708719851781e+00
3.388429752066115519e-01 2.809917355371900904e-01 5.504587155963302614e+00 5.825242718446602019e+00
2.241379310344827624e-01 1.896551724137930939e-01 5.059021922428330598e+00 5.565862708719851781e+00
2.093023255813953598e-01 2.248062015503876077e-01 4.680187207488299528e+00 6.185567010309278579e+00
2.796610169491525189e-01 1.949152542372881436e-01 5.504587155963302614e+00 5.758157389635316648e+00
2.907801418439716068e-01 1.985815602836879523e-01 4.636785162287480944e+00 5.444646098003629753e+00
2.750000000000000222e-01 1.749999999999999889e-01 5.385996409335727542e+00 5.504587155963302614e+00
3.382352941176470784e-01 2.352941176470588203e-01 5.272407732864675012e+00 5.893909626719056938e+00
2.196969696969696961e-01 1.363636363636363535e-01 4.636785162287480944e+00 5.110732538330494457e+00
3.416666666666666741e-01 2.750000000000000222e-01 5.504587155963302614e+00 5.758157389635316648e+00
2.560000000000000053e-01 2.479999999999999982e-01 5.059021922428330598e+00 5.692599620493358437e+00
2.578125000000000000e-01 2.109375000000000000e-01 4.769475357710652119e+00 5.628517823639774598e+00
2.844036697247706580e-01 2.201834862385321223e-01 5.628517823639774598e+00 6.342494714587737725e+00
2.540983606557377095e-01 2.131147540983606425e-01 4.958677685950413583e+00 5.692599620493358437e+00
2.580645161290322509e-01 2.096774193548387177e-01 4.769475357710652119e+00 5.444646098003629753e+00
2.770270270270270285e-01 1.891891891891891997e-01 4.354136429608127301e+00 5.504587155963302614e+00
2.966101694915254106e-01 1.779661016949152519e-01 5.385996409335727542e+00 5.825242718446602019e+00
2.016806722689075682e-01 1.512605042016806622e-01 5.008347245409015436e+00 5.692599620493358437e+00
1.779661016949152519e-01 1.271186440677966045e-01 4.552352048558422126e+00 5.059021922428330598e+00
2.283464566929133965e-01 1.811023622047244208e-01 5.008347245409015436e+00 5.504587155963302614e+00
2.519083969465648609e-01 1.908396946564885621e-01 4.862236628849270659e+00 5.328596802841918390e+00
2.554744525547445466e-01 1.897810218978102093e-01 4.511278195488721998e+00 4.958677685950413583e+00
3.049645390070921946e-01 2.198581560283688063e-01 4.909983633387888347e+00 5.565862708719851781e+00
2.192982456140350755e-01 2.017543859649122695e-01 5.163511187607572772e+00 5.825242718446602019e+00
1.721311475409836034e-01 1.475409836065573743e-01 4.594180704441041208e+00 5.217391304347826164e+00
2.753623188405797118e-01 1.811594202898550721e-01 4.511278195488721998e+00 5.385996409335727542e+00
2.553191489361701927e-01 2.056737588652482185e-01 4.680187207488299528e+00 5.272407732864675012e+00
2.595419847328244156e-01 2.213740458015267254e-01 5.008347245409015436e+00 5.444646098003629753e+00
2.595419847328244156e-01 1.603053435114503711e-01 4.769475357710652119e+00 5.217391304347826164e+00
2.434782608695652273e-01 2.086956521739130321e-01 5.328596802841918390e+00 5.692599620493358437e+00
3.035714285714285476e-01 2.053571428571428492e-01 5.628517823639774598e+00 6.109979633401222188e+00
2.868217054263565990e-01 2.403100775193798555e-01 4.958677685950413583e+00 5.628517823639774598e+00
3.055555555555555802e-01 2.314814814814814825e-01 5.692599620493358437e+00 6.185567010309278579e+00
2.083333333333333426e-01 1.666666666666666574e-01 5.110732538330494457e+00 5.328596802841918390e+00
2.162162162162162282e-01 2.072072072072072002e-01 5.059021922428330598e+00 5.692599620493358437e+00
2.518518518518518268e-01 1.925925925925925930e-01 4.680187207488299528e+00 5.217391304347826164e+00
2.125984251968504046e-01 1.732283464566929110e-01 4.636785162287480944e+00 5.328596802841918390e+00
2.516129032258064280e-01 1.612903225806451568e-01 4.172461752433935800e+00 4.909983633387888347e+00
3.380281690140845008e-01 2.887323943661971870e-01 5.217391304347826164e+00 5.893909626719056938e+00
2.577319587628865705e-01 2.268041237113402053e-01 5.825242718446602019e+00 6.342494714587737725e+00
2.985074626865671377e-01 2.313432835820895539e-01 4.958677685950413583e+00 5.565862708719851781e+00
2.301587301587301460e-01 1.428571428571428492e-01 4.511278195488721998e+00 5.328596802841918390e+00
2.788461538461538547e-01 2.596153846153846367e-01 5.964214711729622032e+00 6.342494714587737725e+00
2.580645161290322509e-01 1.854838709677419373e-01 5.008347245409015436e+00 5.504587155963302614e+00
2.524271844660194164e-01 2.038834951456310607e-01 5.628517823639774598e+00 6.185567010309278579e+00
2.677165354330708902e-01 2.598425196850393526e-01 5.110732538330494457e+00 6.185567010309278579e+00
2.222222222222222099e-01 1.794871794871794879e-01 5.385996409335727542e+00 5.565862708719851781e+00
2.335766423357664157e-01 2.043795620437956206e-01 4.511278195488721998e+00 5.385996409335727542e+00
2.815533980582524132e-01 1.941747572815533951e-01 5.758157389635316648e+00 6.593406593406593075e+00
2.897196261682242757e-01 2.336448598130841103e-01 5.504587155963302614e+00 6.507592190889370798e+00
2.500000000000000000e-01 1.637931034482758563e-01 5.008347245409015436e+00 5.444646098003629753e+00
2.758620689655172376e-01 2.155172413793103314e-01 5.504587155963302614e+00 5.758157389635316648e+00
2.844827586206896686e-01 2.672413793103448065e-01 5.272407732864675012e+00 6.109979633401222188e+00
2.230215827338129508e-01 1.582733812949640162e-01 4.594180704441041208e+00 4.958677685950413583e+00
3.495145631067961278e-01 2.524271844660194164e-01 5.964214711729622032e+00 6.681514476614699660e+00
2.047244094488188948e-01 1.023622047244094474e-01 4.470938897168405646e+00 5.217391304347826164e+00
2.641509433962264120e-01 1.792452830188679125e-01 5.385996409335727542e+00 6.263048016701461052e+00
2.083333333333333426e-01 1.333333333333333315e-01 4.636785162287480944e+00 5.328596802841918390e+00
2.698412698412698263e-01 2.222222222222222099e-01 5.110732538330494457e+00 5.565862708719851781e+00
2.500000000000000000e-01 1.810344827586206906e-01 5.328596802841918390e+00 5.964214711729622032e+00
1.968503937007874127e-01 1.417322834645669272e-01 4.594180704441041208e+00 5.385996409335727542e+00
2.796610169491525189e-01 1.864406779661016977e-01 5.163511187607572772e+00 5.825242718446602019e+00
2.800000000000000266e-01 2.240000000000000047e-01 5.163511187607572772e+00 5.628517823639774598e+00
2.792792792792792578e-01 1.981981981981981999e-01 5.385996409335727542e+00 6.109979633401222188e+00
3.119999999999999996e-01 1.920000000000000040e-01 5.385996409335727542e+00 5.825242718446602019e+00
2.500000000000000000e-01 2.500000000000000000e-01 5.110732538330494457e+00 6.109979633401222188e+00
2.142857142857142738e-01 2.222222222222222099e-01 4.862236628849270659e+00 5.565862708719851781e+00
3.185840707964601726e-01 2.654867256637168382e-01 5.628517823639774598e+00 6.507592190889370798e+00
3.106796116504854099e-01 2.135922330097087263e-01 6.036217303822937197e+00 6.593406593406593075e+00
3.076923076923077094e-01 1.965811965811965767e-01 5.163511187607572772e+00 5.758157389635316648e+00
3.553719008264462631e-01 2.066115702479338900e-01 5.565862708719851781e+00 5.444646098003629753e+00
3.425925925925926152e-01 2.314814814814814825e-01 6.109979633401222188e+00 6.681514476614699660e+00
2.992125984251968740e-01 2.283464566929133965e-01 5.008347245409015436e+00 5.692599620493358437e+00
3.909774436090225347e-01 2.706766917293232932e-01 5.385996409335727542e+00 5.565862708719851781e+00
2.967032967032967039e-01 2.307692307692307820e-01 6.185567010309278579e+00 6.681514476614699660e+00
1.951219512195122019e-01 1.219512195121951192e-01 4.724409448818897239e+00 5.008347245409015436e+00
2.083333333333333426e-01 1.833333333333333204e-01 4.862236628849270659e+00 5.893909626719056938e+00
3.488372093023255904e-01 2.906976744186046679e-01 6.772009029345372078e+00 8.498583569405099070e+00
1.705426356589147263e-01 1.472868217054263684e-01 4.392386530014641188e+00 4.862236628849270659e+00
2.586206896551724310e-01 1.896551724137930939e-01 5.059021922428330598e+00 5.758157389635316648e+00
2.520325203252032353e-01 1.951219512195122019e-01 4.724409448818897239e+00 5.825242718446602019e+00
2.413793103448275967e-01 2.068965517241379282e-01 5.163511187607572772e+00 6.185567010309278579e+00
2.950819672131147486e-01 2.131147540983606425e-01 5.504587155963302614e+00 5.328596802841918390e+00
2.521739130434782483e-01 1.913043478260869623e-01 5.328596802841918390e+00 5.628517823639774598e+00
2.432432432432432567e-01 1.801801801801801717e-01 5.328596802841918390e+00 5.758157389635316648e+00
2.631578947368420907e-01 1.842105263157894635e-01 5.163511187607572772e+00 6.036217303822937197e+00
3.142857142857142794e-01 2.785714285714285809e-01 4.862236628849270659e+00 5.504587155963302614e+00
2.457627118644067910e-01 2.203389830508474534e-01 5.163511187607572772e+00 5.758157389635316648e+00
2.416666666666666685e-01 2.083333333333333426e-01 4.958677685950413583e+00 5.964214711729622032e+00
2.727272727272727071e-01 1.748251748251748172e-01 4.552352048558422126e+00 5.008347245409015436e+00
2.936507936507936622e-01 2.380952380952380820e-01 5.008347245409015436e+00 5.692599620493358437e+00
2.564102564102563875e-01 1.282051282051281937e-01 5.217391304347826164e+00 5.504587155963302614e+00
2.110091743119266172e-01 1.743119266055045968e-01 5.272407732864675012e+00 5.565862708719851781e+00
2.033898305084745894e-01 1.440677966101694962e-01 5.008347245409015436e+00 5.444646098003629753e+00
2.935779816513761631e-01 2.568807339449541427e-01 5.565862708719851781e+00 6.036217303822937197e+00
2.867647058823529216e-01 2.058823529411764608e-01 4.680187207488299528e+00 5.008347245409015436e+00
1.550387596899224785e-01 1.240310077519379828e-01 4.594180704441041208e+00 5.217391304347826164e+00
2.735042735042735318e-01 2.051282051282051211e-01 5.110732538330494457e+00 6.185567010309278579e+00
2.537313432835821003e-01 2.238805970149253810e-01 5.110732538330494457e+00 5.628517823639774598e+00
2.500000000000000000e-01 2.177419354838709686e-01 4.594180704441041208e+00 5.385996409335727542e+00
3.388429752066115519e-01 2.479338842975206680e-01 5.504587155963302614e+00 6.263048016701461052e+00
2.021276595744680715e-01 1.914893617021276584e-01 5.692599620493358437e+00 6.423982869379014637e+00
2.184873949579831942e-01 1.848739495798319421e-01 5.008347245409015436e+00 4.909983633387888347e+00
3.100775193798449569e-01 2.093023255813953598e-01 5.272407732864675012e+00 5.444646098003629753e+00
3.714285714285714413e-01 3.333333333333333148e-01 6.185567010309278579e+00 7.058823529411764497e+00
2.689075630252100724e-01 2.689075630252100724e-01 5.163511187607572772e+00 5.628517823639774598e+00
2.166666666666666741e-01 2.083333333333333426e-01 4.862236628849270659e+00 5.825242718446602019e+00
3.028169014084506894e-01 2.112676056338028130e-01 4.862236628849270659e+00 5.328596802841918390e+00
2.403100775193798555e-01 2.093023255813953598e-01 4.636785162287480944e+00 5.385996409335727542e+00
3.153153153153153143e-01 1.981981981981981999e-01 5.893909626719056938e+00 6.185567010309278579e+00
2.786885245901639108e-01 1.967213114754098324e-01 5.217391304347826164e+00 5.565862708719851781e+00
2.075471698113207641e-01 1.698113207547169712e-01 5.217391304347826164e+00 5.964214711729622032e+00
3.095238095238095344e-01 2.142857142857142738e-01 6.507592190889370798e+00 6.772009029345372078e+00
1.979166666666666574e-01 2.083333333333333426e-01 5.628517823639774598e+00 6.342494714587737725e+00
2.946428571428571508e-01 2.500000000000000000e-01 5.444646098003629753e+00 6.342494714587737725e+00
2.758620689655172376e-01 2.241379310344827624e-01 5.444646098003629753e+00 5.692599620493358437e+00
2.101449275362318736e-01 1.449275362318840632e-01 4.392386530014641188e+00 5.110732538330494457e+00
3.361344537815126321e-01 2.184873949579831942e-01 5.272407732864675012e+00 5.565862708719851781e+00
2.430555555555555525e-01 1.805555555555555525e-01 4.316546762589927866e+00 4.958677685950413583e+00
2.241379310344827624e-01 1.982758620689655249e-01 5.163511187607572772e+00 5.163511187607572772e+00
2.936507936507936622e-01 2.063492063492063378e-01 4.909983633387888347e+00 5.504587155963302614e+00
2.641509433962264120e-01 2.264150943396226467e-01 5.444646098003629753e+00 6.185567010309278579e+00
2.627118644067796827e-01 1.864406779661016977e-01 5.217391304347826164e+00 6.036217303822937197e+00
1.810344827586206906e-01 1.206896551724137984e-01 4.594180704441041208e+00 5.272407732864675012e+00
2.295081967213114804e-01 2.049180327868852514e-01 5.008347245409015436e+00 5.692599620493358437e+00
2.357723577235772416e-01 1.626016260162601590e-01 4.636785162287480944e+00 5.217391304347826164e+00
3.448275862068965747e-01 3.017241379310344751e-01 5.565862708719851781e+00 6.263048016701461052e+00
2.500000000000000000e-01 1.826923076923076816e-01 5.385996409335727542e+00 6.185567010309278579e+00
2.682926829268292845e-01 2.195121951219512202e-01 4.862236628849270659e+00 5.692599620493358437e+00
2.439024390243902385e-01 1.544715447154471621e-01 5.008347245409015436e+00 5.565862708719851781e+00
3.488372093023255904e-01 3.100775193798449569e-01 5.444646098003629753e+00 5.964214711729622032e+00
2.439024390243902385e-01 1.788617886178861804e-01 4.815409309791331971e+00 5.385996409335727542e+00
2.689075630252100724e-01 2.268907563025210072e-01 5.385996409335727542e+00 6.036217303822937197e+00
3.271028037383177378e-01 2.616822429906541791e-01 5.893909626719056938e+00 6.263048016701461052e+00
2.428571428571428548e-01 2.071428571428571563e-01 4.511278195488721998e+00 5.628517823639774598e+00
2.685185185185185452e-01 2.500000000000000000e-01 5.565862708719851781e+00 6.593406593406593075e+00
2.148760330578512456e-01 1.652892561983471120e-01 4.680187207488299528e+00 5.110732538330494457e+00
3.008130081300813274e-01 1.788617886178861804e-01 5.217391304347826164e+00 5.444646098003629753e+00
2.320000000000000118e-01 2.079999999999999905e-01 5.059021922428330598e+00 5.385996409335727542e+00
3.469387755102040782e-01 2.040816326530612290e-01 6.263048016701461052e+00 6.864988558352402848e+00
2.735849056603773533e-01 2.358490566037735880e-01 5.758157389635316648e+00 6.342494714587737725e+00
2.916666666666666852e-01 2.395833333333333426e-01 6.109979633401222188e+00 7.058823529411764497e+00
2.727272727272727071e-01 2.231404958677686012e-01 5.008347245409015436e+00 5.825242718446602019e+00
2.765957446808510745e-01 2.234042553191489255e-01 6.185567010309278579e+00 6.681514476614699660e+00
2.222222222222222099e-01 1.587301587301587213e-01 4.680187207488299528e+00 5.217391304347826164e+00
2.574257425742574323e-01 2.079207920792079112e-01 5.504587155963302614e+00 6.864988558352402848e+00
3.437500000000000000e-01 2.656250000000000000e-01 5.385996409335727542e+00 5.628517823639774598e+00
2.083333333333333426e-01 1.583333333333333259e-01 4.680187207488299528e+00 5.504587155963302614e+00
3.061224489795918435e-01 2.755102040816326259e-01 6.507592190889370798e+00 6.593406593406593075e+00
3.867924528301887044e-01 2.924528301886792359e-01 6.681514476614699660e+00 7.058823529411764497e+00
2.999999999999999889e-01 2.083333333333333426e-01 5.110732538330494457e+00 5.825242718446602019e+00
2.750000000000000222e-01 2.333333333333333370e-01 4.958677685950413583e+00 5.628517823639774598e+00
2.651515151515151381e-01 1.590909090909090884e-01 4.680187207488299528e+00 5.008347245409015436e+00
2.307692307692307820e-01 1.846153846153846256e-01 4.511278195488721998e+00 5.163511187607572772e+00
3.043478260869565410e-01 2.869565217391304435e-01 5.758157389635316648e+00 6.507592190889370798e+00
3.125000000000000000e-01 2.421875000000000000e-01 5.163511187607572772e+00 5.628517823639774598e+00
2.666666666666666630e-01 2.333333333333333370e-01 5.110732538330494457e+00 5.825242718446602019e+00
3.008849557522124130e-01 2.477876106194690231e-01 5.163511187607572772e+00 6.423982869379014637e+00
2.654867256637168382e-01 2.743362831858406903e-01 5.964214711729622032e+00 6.423982869379014637e+00
2.642857142857142905e-01 1.642857142857142849e-01 4.552352048558422126e+00 5.385996409335727542e+00
2.477876106194690231e-01 1.592920353982300863e-01 5.217391304347826164e+00 5.758157389635316648e+00
3.076923076923077094e-01 2.167832167832167700e-01 4.680187207488299528e+00 5.059021922428330598e+00
2.475247524752475226e-01 2.079207920792079112e-01 5.385996409335727542e+00 6.263048016701461052e+00
3.185185185185185341e-01 1.777777777777777846e-01 5.059021922428330598e+00 5.385996409335727542e+00
2.941176470588235392e-01 2.549019607843137081e-01 5.893909626719056938e+00 6.593406593406593075e+00
2.924528301886792359e-01 1.981132075471698228e-01 5.692599620493358437e+00 5.964214711729622032e+00
2.434782608695652273e-01 2.173913043478260809e-01 5.328596802841918390e+00 6.109979633401222188e+00
2.372881355932203451e-01 1.694915254237288060e-01 4.958677685950413583e+00 5.565862708719851781e+00
2.342342342342342287e-01 1.621621621621621712e-01 5.217391304347826164e+00 5.893909626719056938e+00
2.500000000000000000e-01 2.200000000000000011e-01 5.758157389635316648e+00 6.960556844547563848e+00
2.317880794701986658e-01 1.721854304635761501e-01 4.070556309362279634e+00 4.862236628849270659e+00
3.043478260869565410e-01 2.347826086956521785e-01 5.565862708719851781e+00 6.185567010309278579e+00
2.519685039370078705e-01 2.204724409448818867e-01 4.958677685950413583e+00 5.692599620493358437e+00
3.333333333333333148e-01 2.549019607843137081e-01 5.825242718446602019e+00 6.507592190889370798e+00
3.025210084033613245e-01 2.268907563025210072e-01 5.272407732864675012e+00 5.893909626719056938e+00
3.553719008264462631e-01 2.809917355371900904e-01 5.758157389635316648e+00 6.185567010309278579e+00
2.558139534883721034e-01 2.015503875968992220e-01 4.862236628849270659e+00 5.385996409335727542e+00
3.157894736842105088e-01 2.526315789473684292e-01 6.423982869379014637e+00 6.864988558352402848e+00
2.461538461538461675e-01 1.923076923076923184e-01 4.862236628849270659e+00 5.565862708719851781e+00
2.698412698412698263e-01 1.984126984126984017e-01 5.163511187607572772e+00 5.444646098003629753e+00
2.424242424242424310e-01 2.196969696969696961e-01 4.680187207488299528e+00 5.272407732864675012e+00
2.654867256637168382e-01 2.123893805309734484e-01 5.444646098003629753e+00 5.692599620493358437e+00
2.972972972972973138e-01 2.162162162162162282e-01 5.825242718446602019e+00 6.960556844547563848e+00
2.252252252252252285e-01 1.891891891891891997e-01 5.217391304347826164e+00 6.263048016701461052e+00
3.473684210526316041e-01 2.631578947368420907e-01 6.342494714587737725e+00 6.342494714587737725e+00
3.090909090909090828e-01 2.363636363636363591e-01 5.444646098003629753e+00 6.342494714587737725e+00
2.233009708737864196e-01 1.941747572815533951e-01 5.504587155963302614e+00 6.507592190889370798e+00
2.403846153846153910e-01 2.115384615384615363e-01 5.504587155963302614e+00 6.036217303822937197e+00
2.121212121212121271e-01 2.424242424242424310e-01 5.628517823639774598e+00 6.263048016701461052e+00
2.439024390243902385e-01 2.032520325203251987e-01 4.909983633387888347e+00 5.692599620493358437e+00
2.432432432432432567e-01 1.981981981981981999e-01 5.272407732864675012e+00 6.263048016701461052e+00
2.698412698412698263e-01 2.222222222222222099e-01 4.769475357710652119e+00 5.272407732864675012e+00
2.857142857142856984e-01 2.087912087912087988e-01 5.964214711729622032e+00 7.159904534606205573e+00
2.410714285714285754e-01 2.232142857142857262e-01 5.163511187607572772e+00 6.109979633401222188e+00
2.476190476190476275e-01 2.095238095238095288e-01 5.628517823639774598e+00 6.036217303822937197e+00
2.539682539682539542e-01 1.746031746031745935e-01 4.909983633387888347e+00 5.565862708719851781e+00
2.636363636363636131e-01 1.636363636363636354e-01 5.444646098003629753e+00 5.964214711729622032e+00
1.944444444444444475e-01 1.388888888888888951e-01 5.110732538330494457e+00 5.893909626719056938e+00
2.242990654205607448e-01 1.401869158878504551e-01 5.328596802841918390e+00 5.825242718446602019e+00
2.276422764227642170e-01 1.463414634146341375e-01 4.769475357710652119e+00 5.565862708719851781e+00
2.522522522522522292e-01 1.891891891891891997e-01 5.163511187607572772e+00 6.185567010309278579e+00
2.539682539682539542e-01 2.063492063492063378e-01 5.217391304347826164e+00 5.504587155963302614e+00
3.057851239669421295e-01 2.561983471074379959e-01 5.163511187607572772e+00 6.263048016701461052e+00
2.205882352941176405e-01 1.397058823529411797e-01 4.392386530014641188e+00 4.958677685950413583e+00
1.925925925925925930e-01 1.333333333333333315e-01 4.392386530014641188e+00 5.163511187607572772e+00
1.848739495798319421e-01 1.848739495798319421e-01 4.815409309791331971e+00 5.385996409335727542e+00
2.537313432835821003e-01 2.537313432835821003e-01 4.815409309791331971e+00 5.163511187607572772e+00
2.660550458715596478e-01 1.926605504587156070e-01 5.163511187607572772e+00 6.185567010309278579e+00
1.818181818181818232e-01 1.818181818181818232e-01 4.769475357710652119e+00 5.272407732864675012e+00
2.480620155038759655e-01 1.782945736434108641e-01 4.815409309791331971e+00 5.328596802841918390e+00
2.718446601941747476e-01 2.330097087378640852e-01 5.964214711729622032e+00 6.109979633401222188e+00
2.758620689655172376e-01 1.931034482758620663e-01 4.354136429608127301e+00 4.958677685950413583e+00
1.923076923076923184e-01 1.769230769230769329e-01 4.511278195488721998e+00 5.008347245409015436e+00
3.170731707317073211e-01 2.439024390243902385e-01 5.217391304347826164e+00 6.109979633401222188e+00
1.503759398496240518e-01 8.270676691729322849e-02 4.354136429608127301e+00 5.008347245409015436e+00
2.892561983471074183e-01 1.900826446280991788e-01 5.504587155963302614e+00 6.109979633401222188e+00
2.463768115942029102e-01 1.956521739130434867e-01 4.862236628849270659e+00 5.217391304347826164e+00
1.683168316831683275e-01 1.485148514851485080e-01 5.385996409335727542e+00 6.036217303822937197e+00
3.245614035087719396e-01 2.543859649122807154e-01 5.565862708719851781e+00 6.185567010309278579e+00
2.016806722689075682e-01 1.848739495798319421e-01 5.059021922428330598e+00 5.692599620493358437e+00
2.314049586776859568e-01 1.818181818181818232e-01 4.724409448818897239e+00 5.444646098003629753e+00
2.627118644067796827e-01 1.186440677966101725e-01 4.958677685950413583e+00 5.385996409335727542e+00
1.879699248120300648e-01 1.503759398496240518e-01 4.316546762589927866e+00 4.862236628849270659e+00
2.300884955752212357e-01 1.769911504424778736e-01 5.059021922428330598e+00 5.893909626719056938e+00
3.129770992366412430e-01 2.290076335877862523e-01 4.909983633387888347e+00 5.825242718446602019e+00
2.095238095238095288e-01 2.000000000000000111e-01 5.385996409335727542e+00 6.342494714587737725e+00
2.280701754385964786e-01 1.666666666666666574e-01 5.110732538330494457e+00 5.825242718446602019e+00
2.536231884057971175e-01 2.028985507246376940e-01 4.680187207488299528e+00 5.059021922428330598e+00
2.280701754385964786e-01 1.578947368421052544e-01 5.163511187607572772e+00 5.758157389635316648e+00
2.344827586206896519e-01 2.068965517241379282e-01 4.594180704441041208e+00 5.008347245409015436e+00
2.956521739130434923e-01 2.260869565217391297e-01 5.565862708719851781e+00 5.964214711729622032e+00
2.479999999999999982e-01 1.680000000000000104e-01 4.862236628849270659e+00 5.825242718446602019e+00
2.198581560283688063e-01 1.418439716312056842e-01 4.070556309362279634e+00 5.008347245409015436e+00
2.677165354330708902e-01 1.811023622047244208e-01 4.909983633387888347e+00 5.628517823639774598e+00
3.543307086614173040e-01 2.519685039370078705e-01 5.328596802841918390e+00 5.628517823639774598e+00
2.148760330578512456e-01 1.652892561983471120e-01 4.769475357710652119e+00 5.628517823639774598e+00
1.909090909090909172e-01 1.363636363636363535e-01 5.217391304347826164e+00 5.758157389635316648e+00
2.358490566037735880e-01 1.415094339622641473e-01 5.272407732864675012e+00 6.036217303822937197e+00
1.984732824427480891e-01 1.984732824427480891e-01 4.552352048558422126e+00 5.217391304347826164e+00
2.945736434108527368e-01 2.325581395348837177e-01 5.008347245409015436e+00 5.444646098003629753e+00
2.403100775193798555e-01 1.550387596899224785e-01 4.909983633387888347e+00 5.217391304347826164e+00
2.678571428571428492e-01 1.964285714285714246e-01 5.565862708719851781e+00 6.109979633401222188e+00
2.790697674418604612e-01 2.403100775193798555e-01 4.958677685950413583e+00 5.628517823639774598e+00
2.755905511811023723e-01 2.362204724409448786e-01 4.958677685950413583e+00 5.328596802841918390e+00
2.878787878787879007e-01 1.969696969696969613e-01 5.059021922428330598e+00 5.692599620493358437e+00
3.255813953488372325e-01 2.093023255813953598e-01 5.504587155963302614e+00 5.825242718446602019e+00
2.720588235294117418e-01 1.838235294117647189e-01 4.769475357710652119e+00 5.385996409335727542e+00
2.542372881355932090e-01 2.372881355932203451e-01 5.163511187607572772e+00 6.109979633401222188e+00
2.672413793103448065e-01 2.068965517241379282e-01 5.059021922428330598e+00 5.692599620493358437e+00
2.436974789915966333e-01 2.268907563025210072e-01 4.958677685950413583e+00 5.758157389635316648e+00
1.825396825396825295e-01 1.587301587301587213e-01 4.724409448818897239e+00 5.217391304347826164e+00
3.083333333333333481e-01 2.333333333333333370e-01 5.059021922428330598e+00 5.964214711729622032e+00
1.803278688524590223e-01 1.557377049180327933e-01 4.470938897168405646e+00 5.110732538330494457e+00
3.564356435643564192e-01 2.277227722772277307e-01 6.185567010309278579e+00 6.593406593406593075e+00
2.520325203252032353e-01 2.032520325203251987e-01 5.008347245409015436e+00 5.565862708719851781e+00
3.166666666666666519e-01 2.250000000000000056e-01 5.328596802841918390e+00 5.758157389635316648e+00
2.158273381294963933e-01 1.366906474820143991e-01 4.243281471004243244e+00 4.862236628849270659e+00
2.656250000000000000e-01 1.953125000000000000e-01 4.909983633387888347e+00 5.272407732864675012e+00
3.442622950819672067e-01 3.114754098360655865e-01 5.565862708719851781e+00 5.964214711729622032e+00
3.088235294117647189e-01 2.205882352941176405e-01 4.909983633387888347e+00 5.163511187607572772e+00
3.684210526315789269e-01 2.894736842105263275e-01 6.507592190889370798e+00 6.507592190889370798e+00
2.684563758389261756e-01 2.416107382550335692e-01 4.354136429608127301e+00 5.110732538330494457e+00
2.115384615384615363e-01 2.403846153846153910e-01 5.628517823639774598e+00 6.036217303822937197e+00
2.538461538461538325e-01 2.076923076923077038e-01 4.724409448818897239e+00 5.328596802841918390e+00
2.800000000000000266e-01 2.600000000000000089e-01 6.036217303822937197e+00 6.681514476614699660e+00
2.720000000000000195e-01 2.079999999999999905e-01 5.217391304347826164e+00 5.825242718446602019e+00
3.089430894308943243e-01 2.520325203252032353e-01 5.385996409335727542e+00 5.758157389635316648e+00
2.470588235294117752e-01 2.470588235294117752e-01 6.342494714587737725e+00 6.960556844547563848e+00
2.608695652173912971e-01 1.826086956521739135e-01 5.217391304347826164e+00 5.825242718446602019e+00
2.612612612612612573e-01 2.252252252252252285e-01 5.328596802841918390e+00 5.825242718446602019e+00
2.698412698412698263e-01 1.984126984126984017e-01 4.815409309791331971e+00 5.758157389635316648e+00
2.043795620437956206e-01 1.313868613138686192e-01 4.243281471004243244e+00 4.769475357710652119e+00
3.125000000000000000e-01 2.291666666666666574e-01 4.909983633387888347e+00 5.504587155963302614e+00
2.761194029850746468e-01 2.014925373134328346e-01 4.552352048558422126e+00 5.692599620493358437e+00
1.937500000000000056e-01 1.687500000000000111e-01 3.973509933774834302e+00 4.243281471004243244e+00
2.959183673469387710e-01 2.244897959183673464e-01 5.825242718446602019e+00 6.263048016701461052e+00
2.704918032786885473e-01 1.967213114754098324e-01 4.862236628849270659e+00 5.692599620493358437e+00
2.483221476510067138e-01 1.677852348993288667e-01 4.243281471004243244e+00 5.008347245409015436e+00
2.755905511811023723e-01 2.283464566929133965e-01 5.059021922428330598e+00 5.893909626719056938e+00
2.999999999999999889e-01 2.461538461538461675e-01 5.163511187607572772e+00 5.893909626719056938e+00
3.305785123966942241e-01 2.561983471074379959e-01 5.328596802841918390e+00 5.825242718446602019e+00
2.892561983471074183e-01 1.570247933884297564e-01 5.008347245409015436e+00 5.504587155963302614e+00
2.252252252252252285e-01 1.621621621621621712e-01 5.059021922428330598e+00 5.565862708719851781e+00
2.200000000000000011e-01 1.799999999999999933e-01 4.137931034482758896e+00 4.769475357710652119e+00
2.320000000000000118e-01 2.240000000000000047e-01 4.769475357710652119e+00 5.565862708719851781e+00
2.302158273381295084e-01 1.438848920863309289e-01 4.392386530014641188e+00 5.008347245409015436e+00
2.363636363636363591e-01 1.909090909090909172e-01 5.272407732864675012e+00 5.893909626719056938e+00
2.992700729927007530e-01 2.116788321167883125e-01 4.680187207488299528e+00 5.444646098003629753e+00
2.093023255813953598e-01 1.705426356589147263e-01 4.392386530014641188e+00 5.385996409335727542e+00
2.250000000000000056e-01 1.833333333333333204e-01 4.909983633387888347e+00 5.565862708719851781e+00
2.250000000000000056e-01 2.333333333333333370e-01 5.008347245409015436e+00 5.328596802841918390e+00
2.881355932203389925e-01 2.372881355932203451e-01 5.328596802841918390e+00 5.444646098003629753e+00
2.999999999999999889e-01 2.363636363636363591e-01 5.628517823639774598e+00 6.681514476614699660e+00
2.844036697247706580e-01 2.293577981651376274e-01 5.444646098003629753e+00 5.964214711729622032e+00
1.818181818181818232e-01 1.570247933884297564e-01 4.511278195488721998e+00 5.272407732864675012e+00
2.440944881889763884e-01 2.125984251968504046e-01 4.815409309791331971e+00 5.504587155963302614e+00
2.676056338028168780e-01 1.760563380281690016e-01 4.431314623338256986e+00 5.110732538330494457e+00
2.500000000000000000e-01 1.851851851851851749e-01 5.272407732864675012e+00 5.628517823639774598e+00
3.333333333333333148e-01 1.914893617021276584e-01 4.636785162287480944e+00 5.565862708719851781e+00
3.255813953488372325e-01 2.635658914728682412e-01 5.217391304347826164e+00 5.825242718446602019e+00
3.599999999999999867e-01 2.240000000000000047e-01 5.504587155963302614e+00 6.036217303822937197e+00
3.008849557522124130e-01 2.035398230088495686e-01 5.328596802841918390e+00 6.342494714587737725e+00
2.368421052631578816e-01 2.280701754385964786e-01 5.163511187607572772e+00 5.758157389635316648e+00
2.828282828282828176e-01 2.424242424242424310e-01 5.964214711729622032e+00 6.681514476614699660e+00
2.363636363636363591e-01 1.636363636363636354e-01 5.217391304347826164e+00 6.036217303822937197e+00
2.462686567164178997e-01 1.865671641791044888e-01 4.636785162287480944e+00 5.504587155963302614e+00
2.869565217391304435e-01 2.347826086956521785e-01 5.385996409335727542e+00 5.893909626719056938e+00
2.440944881889763884e-01 1.968503937007874127e-01 4.769475357710652119e+00 5.163511187607572772e+00
3.137254901960784270e-01 2.450980392156862642e-01 6.185567010309278579e+00 6.342494714587737725e+00
2.250000000000000056e-01 2.333333333333333370e-01 5.110732538330494457e+00 6.109979633401222188e+00
1.869158878504672827e-01 1.401869158878504551e-01 5.008347245409015436e+00 5.893909626719056938e+00
2.416666666666666685e-01 2.250000000000000056e-01 5.008347245409015436e+00 5.628517823639774598e+00
2.362204724409448786e-01 2.362204724409448786e-01 4.909983633387888347e+00 5.692599620493358437e+00
3.025210084033613245e-01 2.773109243697479132e-01 5.272407732864675012e+00 5.893909626719056938e+00
2.446043165467625957e-01 1.582733812949640162e-01 4.316546762589927866e+00 5.504587155963302614e+00
4.015748031496063075e-01 2.598425196850393526e-01 5.385996409335727542e+00 5.964214711729622032e+00
1.619718309859154992e-01 1.197183098591549227e-01 3.942181340341655904e+00 4.769475357710652119e+00
1.981132075471698228e-01 1.509433962264150886e-01 5.059021922428330598e+00 5.628517823639774598e+00
1.651376146788990917e-01 1.376146788990825764e-01 5.008347245409015436e+00 5.444646098003629753e+00
2.640000000000000124e-01 2.079999999999999905e-01 5.217391304347826164e+00 5.893909626719056938e+00
2.162162162162162282e-01 1.959459459459459429e-01 4.243281471004243244e+00 4.958677685950413583e+00
2.992125984251968740e-01 1.968503937007874127e-01 5.059021922428330598e+00 5.825242718446602019e+00
2.931034482758620441e-01 2.586206896551724310e-01 5.628517823639774598e+00 5.964214711729622032e+00
2.583333333333333592e-01 1.749999999999999889e-01 4.958677685950413583e+00 5.163511187607572772e+00
2.558139534883721034e-01 1.472868217054263684e-01 4.815409309791331971e+00 5.504587155963302614e+00
3.114754098360655865e-01 2.459016393442622905e-01 5.217391304347826164e+00 6.036217303822937197e+00
3.043478260869565410e-01 2.086956521739130321e-01 5.444646098003629753e+00 5.964214711729622032e+00
2.824427480916030797e-01 2.061068702290076438e-01 4.862236628849270659e+00 5.385996409335727542e+00
2.300884955752212357e-01 1.592920353982300863e-01 5.110732538330494457e+00 5.964214711729622032e+00
3.013698630136986134e-01 2.054794520547945091e-01 4.511278195488721998e+00 4.909983633387888347e+00
3.018867924528301772e-01 2.201257861635220192e-01 4.431314623338256986e+00 4.909983633387888347e+00
2.788461538461538547e-01 1.923076923076923184e-01 5.385996409335727542e+00 6.109979633401222188e+00
1.702127659574468044e-01 1.276595744680850963e-01 5.444646098003629753e+00 6.342494714587737725e+00
2.831858407079645978e-01 2.123893805309734484e-01 5.504587155963302614e+00 6.036217303822937197e+00
2.173913043478260809e-01 1.565217391304347949e-01 4.909983633387888347e+00 5.504587155963302614e+00
1.705426356589147263e-01 1.085271317829457349e-01 4.552352048558422126e+00 5.008347245409015436e+00
2.357142857142857095e-01 1.714285714285714302e-01 4.392386530014641188e+00 5.008347245409015436e+00
2.767857142857143016e-01 1.785714285714285754e-01 5.328596802841918390e+00 6.109979633401222188e+00
2.076923076923077038e-01 2.153846153846153966e-01 4.552352048558422126e+00 5.385996409335727542e+00
2.290076335877862523e-01 2.290076335877862523e-01 4.815409309791331971e+00 5.565862708719851781e+00
3.089430894308943243e-01 2.357723577235772416e-01 5.163511187607572772e+00 5.964214711729622032e+00
1.848739495798319421e-01 1.596638655462184753e-01 4.815409309791331971e+00 5.504587155963302614e+00
3.553719008264462631e-01 2.314049586776859568e-01 5.565862708719851781e+00 5.964214711729622032e+00
2.833333333333333259e-01 2.000000000000000111e-01 5.110732538330494457e+00 5.628517823639774598e+00
3.786407766990291246e-01 2.718446601941747476e-01 6.423982869379014637e+00 6.864988558352402848e+00
2.803738317757009102e-01 1.869158878504672827e-01 5.565862708719851781e+00 5.964214711729622032e+00
2.680412371134020533e-01 2.474226804123711432e-01 5.893909626719056938e+00 7.159904534606205573e+00
3.076923076923077094e-01 1.818181818181818232e-01 4.636785162287480944e+00 5.217391304347826164e+00
2.727272727272727071e-01 2.181818181818181712e-01 5.385996409335727542e+00 6.423982869379014637e+00
3.140495867768595128e-01 2.727272727272727071e-01 5.272407732864675012e+00 5.964214711729622032e+00
2.020202020202020166e-01 1.717171717171717127e-01 5.565862708719851781e+00 6.342494714587737725e+00
2.688172043010752521e-01 2.580645161290322509e-01 6.036217303822937197e+00 6.507592190889370798e+00
2.476190476190476275e-01 1.142857142857142821e-01 5.444646098003629753e+00 6.109979633401222188e+00
2.812500000000000000e-01 2.343750000000000000e-01 5.008347245409015436e+00 5.504587155963302614e+00
2.636363636363636131e-01 2.181818181818181712e-01 5.328596802841918390e+00 5.964214711729622032e+00
2.967032967032967039e-01 2.307692307692307820e-01 6.109979633401222188e+00 6.593406593406593075e+00
2.846153846153846034e-01 2.307692307692307820e-01 4.862236628849270659e+00 5.825242718446602019e+00
2.898550724637681264e-01 2.101449275362318736e-01 4.815409309791331971e+00 5.272407732864675012e+00
2.898550724637681264e-01 1.811594202898550721e-01 4.815409309791331971e+00 5.328596802841918390e+00
3.769230769230769162e-01 2.923076923076923239e-01 5.385996409335727542e+00 5.758157389635316648e+00
2.758620689655172376e-01 1.982758620689655249e-01 5.272407732864675012e+00 5.758157389635316648e+00
1.900826446280991788e-01 2.066115702479338900e-01 4.552352048558422126e+00 5.444646098003629753e+00
2.121212121212121271e-01 1.666666666666666574e-01 4.431314623338256986e+00 4.909983633387888347e+00
2.095238095238095288e-01 1.047619047619047644e-01 5.163511187607572772e+00 5.692599620493358437e+00
2.682926829268292845e-01 2.276422764227642170e-01 4.958677685950413583e+00 5.893909626719056938e+00
2.340425531914893664e-01 1.702127659574468044e-01 4.431314623338256986e+00 5.008347245409015436e+00
2.500000000000000000e-01 2.109375000000000000e-01 4.769475357710652119e+00 5.964214711729622032e+00
2.088607594936708889e-01 1.518987341772151944e-01 3.942181340341655904e+00 4.316546762589927866e+00
1.886792452830188815e-01 1.509433962264150886e-01 5.059021922428330598e+00 5.758157389635316648e+00
2.148760330578512456e-01 1.487603305785124008e-01 4.909983633387888347e+00 5.565862708719851781e+00
2.540983606557377095e-01 1.885245901639344135e-01 5.163511187607572772e+00 5.893909626719056938e+00
3.252032520325203180e-01 2.439024390243902385e-01 5.163511187607572772e+00 6.342494714587737725e+00
2.975206611570248016e-01 2.231404958677686012e-01 5.110732538330494457e+00 5.692599620493358437e+00
2.695652173913043459e-01 2.000000000000000111e-01 5.217391304347826164e+00 5.825242718446602019e+00
2.342342342342342287e-01 2.072072072072072002e-01 5.217391304347826164e+00 5.692599620493358437e+00
2.276422764227642170e-01 1.300813008130081438e-01 4.862236628849270659e+00 5.692599620493358437e+00
1.889763779527559029e-01 1.496062992125984370e-01 4.511278195488721998e+00 5.110732538330494457e+00
