1.408668730650154688e-01 1.284829721362229227e-01 1.859024012393493352e+00 2.142857142857142794e+00
1.655518394648829439e-01 1.488294314381271022e-01 1.983471074380165344e+00 2.166064981949458623e+00
2.003454231433506039e-01 1.606217616580310759e-01 2.103418054338299648e+00 2.309913378248315663e+00
1.707717569786535439e-01 1.362889983579638753e-01 1.983471074380165344e+00 2.238805970149253532e+00
1.694599627560521293e-01 1.471135940409683540e-01 2.166064981949458623e+00 2.309913378248315663e+00
1.771929824561403466e-01 1.315789473684210453e-01 2.137132680320569911e+00 2.264150943396226356e+00
1.677419354838709797e-01 1.274193548387096697e-01 1.954397394136807797e+00 2.092414995640802022e+00
1.585365853658536606e-01 1.062717770034843218e-01 2.013422818791946511e+00 2.245088868101028812e+00
1.840277777777777901e-01 1.475694444444444475e-01 2.076124567474048277e+00 2.201834862385321223e+00
1.748366013071895320e-01 1.584967320261437829e-01 2.018502943650126280e+00 2.316602316602316414e+00
1.747899159663865443e-01 1.260504201680672232e-01 2.008368200836819994e+00 2.264150943396226356e+00
1.632047477744807129e-01 1.364985163204747720e-01 1.859024012393493352e+00 2.054794520547945424e+00
1.677966101694915169e-01 1.423728813559322071e-01 2.049530315969256833e+00 2.283539486203615798e+00
1.870047543581616345e-01 1.442155309033280597e-01 1.993355481727574707e+00 2.283539486203615798e+00
1.833333333333333204e-01 1.259259259259259134e-01 2.081526452732003651e+00 2.245088868101028812e+00
1.595925297113752195e-01 1.443123938879456725e-01 1.988400994200497207e+00 2.290076335877862412e+00
1.681818181818181823e-01 1.166666666666666685e-01 1.863354037267080709e+00 2.108963093145869827e+00
1.749116607773851528e-01 1.466431095406360297e-01 2.097902097902097918e+00 2.336903602726387419e+00
1.419457735247209029e-01 1.467304625199362111e-01 1.935483870967741993e+00 2.154398563734290839e+00
1.856187290969899539e-01 1.187290969899665594e-01 1.973684210526315708e+00 2.166064981949458623e+00
1.572212065813528292e-01 1.243144424131627096e-01 2.097902097902097918e+00 2.290076335877862412e+00
1.581469648562300323e-01 1.150159744408945639e-01 1.998334721065778474e+00 2.142857142857142794e+00
1.764705882352941291e-01 1.647058823529411742e-01 2.044293015332197427e+00 2.220166512488436439e+00
2.052117263843648287e-01 1.628664495114006405e-01 2.013422818791946511e+00 2.283539486203615798e+00
1.892361111111111049e-01 1.493055555555555525e-01 2.054794520547945424e+00 2.283539486203615798e+00
1.786941580756013781e-01 1.477663230240549852e-01 2.065404475043029375e+00 2.309913378248315663e+00
1.291946308724832293e-01 1.191275167785234845e-01 1.921537229783827128e+00 2.226345083487940801e+00
1.615798922800718018e-01 1.256732495511669601e-01 2.003338898163605997e+00 2.303262955854126659e+00
1.597444089456868943e-01 1.437699680511182188e-01 1.940177849636216756e+00 2.142857142857142794e+00
1.971153846153846090e-01 1.666666666666666574e-01 1.993355481727574707e+00 2.201834862385321223e+00
1.735395189003436367e-01 1.443298969072164817e-01 1.988400994200497207e+00 2.264150943396226356e+00
1.426146010186757351e-01 1.290322580645161255e-01 2.033898305084745672e+00 2.183803457688807903e+00
1.742671009771986912e-01 1.335504885993485380e-01 1.963993453355155516e+00 2.214022140221402424e+00
1.961722488038277479e-01 1.547049441786284008e-01 2.044293015332197427e+00 2.251407129455909928e+00
1.495176848874598119e-01 1.157556270096462975e-01 1.912350597609561831e+00 2.154398563734290839e+00
1.496815286624203767e-01 1.130573248407643339e-01 1.867704280155642049e+00 2.137132680320569911e+00
1.470588235294117696e-01 1.262975778546712724e-01 1.963993453355155516e+00 2.183803457688807903e+00
1.793478260869565133e-01 1.539855072463768015e-01 2.142857142857142794e+00 2.330097087378640630e+00
1.749174917491749248e-01 1.435643564356435531e-01 1.954397394136807797e+00 2.220166512488436439e+00
1.625615763546797987e-01 1.428571428571428492e-01 1.978565539983512034e+00 2.270577105014190966e+00
1.800699300699300787e-01 1.276223776223776307e-01 2.028740490278951647e+00 2.214022140221402424e+00
1.674876847290640292e-01 1.412151067323481057e-01 1.983471074380165344e+00 2.214022140221402424e+00
1.661016949152542277e-01 1.389830508474576287e-01 2.033898305084745672e+00 2.214022140221402424e+00
1.572847682119205281e-01 1.456953642384105907e-01 1.968826907301066464e+00 2.195791399817017542e+00
1.636060100166945031e-01 1.419031719532554137e-01 1.968826907301066464e+00 2.226345083487940801e+00
1.448516579406631810e-01 1.326352530541012320e-01 1.944894651539708308e+00 2.251407129455909928e+00
1.545595054095826870e-01 1.344667697063369471e-01 1.916932907348242843e+00 2.195791399817017542e+00
1.881028938906752490e-01 1.511254019292604389e-01 1.940177849636216756e+00 2.207911683532658653e+00
1.868852459016393519e-01 1.754098360655737820e-01 1.973684210526315708e+00 2.257761053621825109e+00
1.476510067114094049e-01 1.090604026845637536e-01 1.940177849636216756e+00 2.201834862385321223e+00
1.655737704918032738e-01 1.393442622950819554e-01 1.998334721065778474e+00 2.232558139534883690e+00
1.643356643356643221e-01 1.293706293706293753e-01 2.013422818791946511e+00 2.316602316602316414e+00
1.765734265734265618e-01 1.258741258741258862e-01 2.044293015332197427e+00 2.323330106485963054e+00
1.532125205930807144e-01 1.153212520593080714e-01 1.944894651539708308e+00 2.183803457688807903e+00
1.530782029950083223e-01 1.414309484193011779e-01 1.959183673469387710e+00 2.160216021602160197e+00
1.581548599670510591e-01 1.433278418451400249e-01 1.993355481727574707e+00 2.245088868101028812e+00
1.879936808846761342e-01 1.295418641390205239e-01 1.954397394136807797e+00 2.207911683532658653e+00
1.493288590604026911e-01 1.208053691275167846e-01 1.926163723916533010e+00 2.232558139534883690e+00
1.624605678233438377e-01 1.198738170347003196e-01 1.944894651539708308e+00 2.177858439201451723e+00
1.825795644891122227e-01 1.407035175879396971e-01 1.983471074380165344e+00 2.264150943396226356e+00
1.639344262295081844e-01 1.347905282331511856e-01 2.103418054338299648e+00 2.459016393442623016e+00
1.418685121107266522e-01 1.297577854671280173e-01 2.003338898163605997e+00 2.177858439201451723e+00
1.855345911949685400e-01 1.509433962264150886e-01 1.959183673469387710e+00 2.214022140221402424e+00
1.416526138279932678e-01 1.332209106239460317e-01 1.983471074380165344e+00 2.220166512488436439e+00
1.655172413793103425e-01 1.620689655172413701e-01 2.049530315969256833e+00 2.364532019704433718e+00
1.703204047217538042e-01 1.433389544688027095e-01 2.008368200836819994e+00 2.245088868101028812e+00
1.727115716753022390e-01 1.329879101899827387e-01 2.008368200836819994e+00 2.330097087378640630e+00
1.594684385382059699e-01 1.295681063122923471e-01 1.973684210526315708e+00 2.189781021897810209e+00
1.493710691823899317e-01 1.305031446540880491e-01 2.018502943650126280e+00 2.148612354521038714e+00
1.560402684563758358e-01 1.342281879194630878e-01 2.103418054338299648e+00 2.303262955854126659e+00
1.891418563922942220e-01 1.330998248686514895e-01 2.097902097902097918e+00 2.378592666005946654e+00
1.899441340782122845e-01 1.601489757914338896e-01 2.226345083487940801e+00 2.429149797570850033e+00
2.129963898916967524e-01 1.750902527075812176e-01 2.207911683532658653e+00 2.436548223350254005e+00
1.556886227544910239e-01 1.586826347305389240e-01 1.833460656990068660e+00 2.070750647109577347e+00
1.470054446460979936e-01 1.234119782214156136e-01 2.070750647109577347e+00 2.357563850687622864e+00
1.692789968652037569e-01 1.253918495297805524e-01 1.944894651539708308e+00 2.137132680320569911e+00
1.704545454545454419e-01 1.347402597402597435e-01 1.963993453355155516e+00 2.201834862385321223e+00
1.858552631578947456e-01 1.447368421052631637e-01 1.907790143084260759e+00 2.120141342756183711e+00
2.121212121212121271e-01 1.784511784511784438e-01 2.108963093145869827e+00 2.392821535393818699e+00
1.489361702127659504e-01 1.063829787234042562e-01 1.907790143084260759e+00 2.092414995640802022e+00
2.032667876588021838e-01 1.615245009074410265e-01 2.142857142857142794e+00 2.392821535393818699e+00
2.018867924528301994e-01 1.584905660377358416e-01 2.277039848197343286e+00 2.536997885835095001e+00
1.396160558464223378e-01 1.291448516579406514e-01 2.003338898163605997e+00 2.238805970149253532e+00
1.444991789819375927e-01 1.264367816091954144e-01 2.008368200836819994e+00 2.189781021897810209e+00
1.538461538461538547e-01 1.314102564102564152e-01 1.921537229783827128e+00 2.214022140221402424e+00
1.794871794871794879e-01 1.555555555555555580e-01 2.103418054338299648e+00 2.323330106485963054e+00
1.956521739130434867e-01 1.755852842809364489e-01 2.148612354521038714e+00 2.303262955854126659e+00
1.934306569343065829e-01 1.660583941605839331e-01 2.097902097902097918e+00 2.350636630754162404e+00
1.777003484320557603e-01 1.567944250871080025e-01 2.154398563734290839e+00 2.283539486203615798e+00
1.713286713286713281e-01 1.608391608391608329e-01 2.065404475043029375e+00 2.283539486203615798e+00
1.633333333333333304e-01 1.250000000000000000e-01 2.008368200836819994e+00 2.148612354521038714e+00
1.635434412265757975e-01 1.465076660988074986e-01 2.003338898163605997e+00 2.264150943396226356e+00
1.647819063004846429e-01 1.389337641357027420e-01 1.926163723916533010e+00 2.207911683532658653e+00
1.674418604651162767e-01 1.302325581395348819e-01 1.949634443541836015e+00 2.148612354521038714e+00
1.495652173913043503e-01 1.252173913043478359e-01 1.988400994200497207e+00 2.257761053621825109e+00
1.472995090016366582e-01 1.178396072013093293e-01 1.898734177215189778e+00 2.251407129455909928e+00
1.797945205479452024e-01 1.284246575342465890e-01 2.039082412914188680e+00 2.290076335877862412e+00
1.793103448275862044e-01 1.413793103448275912e-01 2.076124567474048277e+00 2.283539486203615798e+00
1.920529801324503405e-01 1.523178807947019875e-01 2.013422818791946511e+00 2.283539486203615798e+00
1.669367909238249625e-01 1.393841166936790887e-01 1.973684210526315708e+00 2.195791399817017542e+00
1.702453987730061236e-01 1.441717791411042948e-01 1.885310290652003173e+00 2.137132680320569911e+00
1.772575250836120331e-01 1.421404682274247377e-01 2.033898305084745672e+00 2.264150943396226356e+00
1.621621621621621712e-01 1.494435612082671005e-01 2.003338898163605997e+00 2.154398563734290839e+00
1.559055118110236338e-01 1.275590551181102483e-01 1.940177849636216756e+00 2.201834862385321223e+00
1.846435100548446118e-01 1.462522851919561273e-01 2.092414995640802022e+00 2.309913378248315663e+00
1.655844155844155841e-01 1.607142857142857262e-01 2.033898305084745672e+00 2.290076335877862412e+00
1.674796747967479682e-01 1.382113821138211407e-01 1.940177849636216756e+00 2.142857142857142794e+00
1.652892561983471120e-01 1.388429752066115686e-01 1.968826907301066464e+00 2.177858439201451723e+00
1.682242990654205517e-01 1.386292834890965608e-01 1.954397394136807797e+00 2.108963093145869827e+00
1.594896331738437090e-01 1.355661881977671401e-01 1.988400994200497207e+00 2.160216021602160197e+00
2.067226890756302393e-01 1.361344537815125932e-01 2.060085836909871126e+00 2.323330106485963054e+00
1.894197952218429903e-01 1.552901023890785048e-01 2.018502943650126280e+00 2.309913378248315663e+00
1.572123176661264221e-01 1.345218800648298185e-01 1.968826907301066464e+00 2.270577105014190966e+00
1.806020066889632014e-01 1.454849498327759061e-01 1.988400994200497207e+00 2.277039848197343286e+00
1.598694942903751970e-01 1.337683523654159823e-01 1.968826907301066464e+00 2.207911683532658653e+00
1.653160453808752151e-01 1.426256077795786115e-01 2.018502943650126280e+00 2.195791399817017542e+00
1.691792294807370201e-01 1.256281407035175768e-01 1.963993453355155516e+00 2.316602316602316414e+00
1.853146853146853124e-01 1.678321678321678390e-01 2.103418054338299648e+00 2.371541501976284660e+00
1.534391534391534306e-01 1.428571428571428492e-01 2.097902097902097918e+00 2.257761053621825109e+00
1.639072847682119249e-01 1.274834437086092842e-01 1.959183673469387710e+00 2.220166512488436439e+00
2.142857142857142738e-01 1.761904761904762029e-01 2.018502943650126280e+00 2.207911683532658653e+00
1.771523178807946908e-01 1.605960264900662127e-01 2.013422818791946511e+00 2.277039848197343286e+00
1.674208144796379971e-01 1.447963800904977505e-01 1.846153846153846256e+00 2.154398563734290839e+00
1.376582278481012778e-01 1.297468354430379722e-01 1.854714064914992244e+00 2.103418054338299648e+00
1.507064364207221230e-01 1.302982731554160056e-01 1.867704280155642049e+00 2.154398563734290839e+00
1.702479338842975143e-01 1.322314049586776896e-01 1.940177849636216756e+00 2.277039848197343286e+00
1.604538087520259448e-01 1.247974068071312781e-01 1.880877742946708508e+00 2.177858439201451723e+00
1.658206429780033908e-01 1.387478849407783321e-01 1.978565539983512034e+00 2.245088868101028812e+00
1.840796019900497460e-01 1.243781094527363212e-01 2.033898305084745672e+00 2.177858439201451723e+00
1.780821917808219079e-01 1.335616438356164448e-01 1.954397394136807797e+00 2.220166512488436439e+00
1.779788838612368085e-01 1.417797888386123639e-01 1.898734177215189778e+00 2.097902097902097918e+00
1.638795986622073597e-01 1.404682274247491536e-01 1.954397394136807797e+00 2.148612354521038714e+00
1.709531013615733785e-01 1.270801815431164827e-01 1.926163723916533010e+00 2.086956521739130377e+00
1.821036106750392458e-01 1.491365777080062849e-01 1.935483870967741993e+00 2.195791399817017542e+00
1.512605042016806622e-01 1.277310924369747802e-01 2.023608768971332239e+00 2.189781021897810209e+00
1.535836177474402819e-01 1.245733788395904373e-01 1.988400994200497207e+00 2.264150943396226356e+00
1.969949916527545808e-01 1.702838063439065242e-01 2.049530315969256833e+00 2.257761053621825109e+00
1.763698630136986412e-01 1.438356164383561564e-01 2.054794520547945424e+00 2.183803457688807903e+00
1.815068493150684970e-01 1.506849315068493067e-01 2.023608768971332239e+00 2.257761053621825109e+00
1.632000000000000117e-01 1.552000000000000046e-01 1.963993453355155516e+00 2.207911683532658653e+00
1.603305785123966820e-01 1.157024793388429784e-01 1.916932907348242843e+00 2.207911683532658653e+00
1.724137931034482873e-01 1.379310344827586188e-01 2.120141342756183711e+00 2.371541501976284660e+00
1.666666666666666574e-01 1.345565749235473896e-01 1.907790143084260759e+00 2.154398563734290839e+00
1.775544388609715252e-01 1.490787269681742022e-01 2.028740490278951647e+00 2.309913378248315663e+00
1.495327102803738206e-01 1.199376947040498437e-01 1.854714064914992244e+00 2.131438721136767356e+00
1.978798586572438067e-01 1.519434628975264989e-01 2.148612354521038714e+00 2.357563850687622864e+00
1.968085106382978788e-01 1.382978723404255372e-01 2.103418054338299648e+00 2.336903602726387419e+00
1.747899159663865443e-01 1.495798319327731052e-01 1.949634443541836015e+00 2.270577105014190966e+00
1.644295302013422944e-01 1.342281879194630878e-01 1.968826907301066464e+00 2.277039848197343286e+00
1.368760064412238298e-01 1.159420289855072478e-01 1.912350597609561831e+00 2.189781021897810209e+00
1.678571428571428437e-01 1.357142857142857040e-01 2.103418054338299648e+00 2.323330106485963054e+00
1.870629370629370569e-01 1.398601398601398704e-01 2.065404475043029375e+00 2.316602316602316414e+00
1.645161290322580683e-01 1.467741935483870830e-01 1.973684210526315708e+00 2.148612354521038714e+00
1.546391752577319645e-01 1.288659793814432852e-01 1.968826907301066464e+00 2.264150943396226356e+00
1.235194585448392557e-01 1.099830795262267402e-01 1.898734177215189778e+00 2.137132680320569911e+00
1.860869565217391219e-01 1.547826086956521630e-01 2.097902097902097918e+00 2.350636630754162404e+00
1.369150779896013970e-01 1.091854419410745181e-01 1.983471074380165344e+00 2.207911683532658653e+00
1.822503961965134811e-01 1.410459587955625871e-01 1.993355481727574707e+00 2.137132680320569911e+00
1.791808873720136530e-01 1.211604095563139916e-01 1.983471074380165344e+00 2.323330106485963054e+00
1.452145214521452232e-01 1.237623762376237613e-01 1.898734177215189778e+00 2.114537444933920707e+00
1.584327086882453273e-01 1.277683134582623392e-01 1.949634443541836015e+00 2.245088868101028812e+00
1.678082191780821963e-01 1.489726027397260399e-01 2.070750647109577347e+00 2.220166512488436439e+00
1.844331641285955892e-01 1.404399323181048931e-01 2.023608768971332239e+00 2.264150943396226356e+00
2.125205930807248789e-01 1.894563426688632701e-01 2.065404475043029375e+00 2.296650717703349276e+00
1.646859083191850592e-01 1.460101867572156098e-01 2.060085836909871126e+00 2.264150943396226356e+00
1.586776859504132331e-01 1.173553719008264412e-01 1.998334721065778474e+00 2.245088868101028812e+00
1.864111498257839672e-01 1.498257839721254259e-01 2.081526452732003651e+00 2.309913378248315663e+00
1.735537190082644676e-01 1.404958677685950452e-01 2.008368200836819994e+00 2.238805970149253532e+00
1.765650080256821741e-01 1.332263242375602008e-01 1.940177849636216756e+00 2.189781021897810209e+00
1.563573883161512024e-01 1.426116838487972438e-01 1.983471074380165344e+00 2.283539486203615798e+00
1.615646258503401489e-01 1.445578231292516946e-01 2.086956521739130377e+00 2.264150943396226356e+00
1.412698412698412676e-01 1.126984126984127005e-01 1.863354037267080709e+00 2.114537444933920707e+00
1.752411575562700941e-01 1.286173633440514386e-01 1.983471074380165344e+00 2.154398563734290839e+00
1.708633093525179780e-01 1.672661870503596993e-01 2.092414995640802022e+00 2.407221664994985133e+00
1.525423728813559421e-01 1.355932203389830504e-01 1.846153846153846256e+00 2.114537444933920707e+00
1.872727272727272851e-01 1.472727272727272774e-01 2.131438721136767356e+00 2.330097087378640630e+00
1.837455830388692590e-01 1.554770318021201359e-01 2.114537444933920707e+00 2.323330106485963054e+00
1.869009584664536872e-01 1.453674121405750808e-01 2.033898305084745672e+00 2.201834862385321223e+00
1.626712328767123406e-01 1.438356164383561564e-01 2.013422818791946511e+00 2.343750000000000000e+00
1.674796747967479682e-01 1.512195121951219468e-01 2.008368200836819994e+00 2.245088868101028812e+00
1.834215167548500780e-01 1.499118165784832368e-01 2.081526452732003651e+00 2.226345083487940801e+00
1.708463949843260221e-01 1.504702194357366851e-01 1.898734177215189778e+00 2.166064981949458623e+00
1.776556776556776629e-01 1.336996336996336965e-01 2.070750647109577347e+00 2.309913378248315663e+00
1.551724137931034531e-01 1.241379310344827569e-01 1.963993453355155516e+00 2.245088868101028812e+00
1.739837398373983712e-01 1.447154471544715437e-01 1.968826907301066464e+00 2.296650717703349276e+00
1.709677419354838634e-01 1.483870967741935387e-01 1.968826907301066464e+00 2.238805970149253532e+00
1.524500907441016240e-01 1.215970961887477275e-01 2.070750647109577347e+00 2.264150943396226356e+00
1.779661016949152519e-01 1.389830508474576287e-01 2.081526452732003651e+00 2.309913378248315663e+00
1.649122807017543990e-01 1.245614035087719285e-01 2.086956521739130377e+00 2.270577105014190966e+00
1.737523105360443687e-01 1.515711645101663618e-01 2.108963093145869827e+00 2.421796165489404462e+00
1.642036124794745422e-01 1.198686371100164266e-01 1.935483870967741993e+00 2.201834862385321223e+00
1.799999999999999933e-01 1.466666666666666674e-01 2.049530315969256833e+00 2.283539486203615798e+00
1.611208406304728558e-01 1.436077057793344880e-01 2.018502943650126280e+00 2.290076335877862412e+00
1.603927986906710235e-01 1.505728314238952426e-01 1.963993453355155516e+00 2.226345083487940801e+00
1.822503961965134811e-01 1.553090332805071305e-01 1.949634443541836015e+00 2.171945701357465897e+00
1.572123176661264221e-01 1.199351701782820079e-01 2.039082412914188680e+00 2.214022140221402424e+00
1.524590163934426146e-01 1.213114754098360698e-01 1.940177849636216756e+00 2.137132680320569911e+00
1.449999999999999900e-01 1.233333333333333365e-01 1.978565539983512034e+00 2.195791399817017542e+00
1.807817589576547201e-01 1.498371335504886104e-01 2.028740490278951647e+00 2.195791399817017542e+00
1.822580645161290258e-01 1.387096774193548321e-01 1.998334721065778474e+00 2.238805970149253532e+00
1.738437001594896336e-01 1.435406698564593297e-01 1.907790143084260759e+00 2.171945701357465897e+00
1.615798922800718018e-01 1.687612208258527924e-01 2.108963093145869827e+00 2.392821535393818699e+00
1.555183946488294389e-01 1.321070234113712327e-01 1.912350597609561831e+00 2.160216021602160197e+00
1.637323943661971870e-01 1.144366197183098594e-01 2.054794520547945424e+00 2.207911683532658653e+00
1.518518518518518490e-01 1.351851851851851860e-01 2.183803457688807903e+00 2.429149797570850033e+00
1.702479338842975143e-01 1.190082644628099179e-01 2.013422818791946511e+00 2.177858439201451723e+00
1.624087591240875872e-01 1.240875912408759135e-01 2.081526452732003651e+00 2.309913378248315663e+00
1.849912739965096087e-01 1.815008726003490280e-01 2.108963093145869827e+00 2.399999999999999911e+00
1.804281345565749151e-01 1.483180428134556472e-01 1.949634443541836015e+00 2.189781021897810209e+00
1.716666666666666619e-01 1.233333333333333365e-01 2.003338898163605997e+00 2.290076335877862412e+00
1.517706576728499179e-01 1.197301854974704843e-01 2.018502943650126280e+00 2.220166512488436439e+00
1.782531194295900179e-01 1.746880570409982125e-01 2.148612354521038714e+00 2.323330106485963054e+00
1.362962962962963043e-01 1.214814814814814820e-01 1.784386617100371719e+00 2.028740490278951647e+00
1.813880126182965402e-01 1.435331230283911630e-01 1.940177849636216756e+00 2.097902097902097918e+00
1.743589743589743501e-01 1.675213675213675091e-01 2.049530315969256833e+00 2.336903602726387419e+00
1.726384364820846840e-01 1.254071661237785018e-01 2.008368200836819994e+00 2.177858439201451723e+00
1.441048034934497846e-01 1.120815138282387213e-01 1.756954612005856564e+00 1.973684210526315708e+00
1.540930979133226242e-01 1.155698234349919751e-01 1.912350597609561831e+00 2.142857142857142794e+00
1.339869281045751592e-01 1.192810457516339934e-01 1.916932907348242843e+00 2.183803457688807903e+00
1.695205479452054909e-01 1.284246575342465890e-01 2.013422818791946511e+00 2.220166512488436439e+00
1.941923774954627813e-01 1.506352087114337657e-01 2.189781021897810209e+00 2.459016393442623016e+00
1.674718196457326835e-01 1.787439613526569937e-01 2.008368200836819994e+00 2.226345083487940801e+00
1.734513274336283162e-01 1.292035398230088616e-01 2.039082412914188680e+00 2.309913378248315663e+00
1.472081218274111647e-01 1.032148900169204686e-01 1.998334721065778474e+00 2.207911683532658653e+00
1.713344316309720061e-01 1.350906095551894504e-01 1.973684210526315708e+00 2.264150943396226356e+00
1.849315068493150582e-01 1.523972602739726012e-01 2.065404475043029375e+00 2.316602316602316414e+00
1.531986531986531952e-01 1.279461279461279466e-01 1.973684210526315708e+00 2.251407129455909928e+00
1.706161137440758424e-01 1.390205371248025290e-01 1.921537229783827128e+00 2.195791399817017542e+00
1.911764705882352811e-01 1.356209150326797286e-01 2.003338898163605997e+00 2.160216021602160197e+00
2.020725388601036232e-01 1.588946459412780565e-01 2.097902097902097918e+00 2.336903602726387419e+00
1.355661881977671401e-01 1.212121212121212155e-01 1.880877742946708508e+00 2.189781021897810209e+00
1.764705882352941291e-01 1.462184873949579911e-01 2.065404475043029375e+00 2.316602316602316414e+00
1.853146853146853124e-01 1.503496503496503378e-01 2.097902097902097918e+00 2.330097087378640630e+00
1.782006920415225015e-01 1.626297577854671217e-01 2.081526452732003651e+00 2.316602316602316414e+00
1.371428571428571497e-01 9.714285714285714191e-02 2.114537444933920707e+00 2.270577105014190966e+00
1.780104712041884751e-01 1.343804537521814946e-01 2.060085836909871126e+00 2.316602316602316414e+00
1.712204007285974550e-01 1.566484517304189417e-01 2.097902097902097918e+00 2.429149797570850033e+00
1.518151815181518205e-01 1.204620462046204626e-01 1.940177849636216756e+00 2.103418054338299648e+00
1.536050156739811878e-01 1.269592476489028177e-01 1.894238358326756133e+00 2.097902097902097918e+00
1.658374792703150857e-01 1.210613598673300206e-01 1.978565539983512034e+00 2.232558139534883690e+00
1.636661211129296356e-01 1.489361702127659504e-01 1.968826907301066464e+00 2.245088868101028812e+00
1.336633663366336711e-01 1.056105610561056118e-01 1.968826907301066464e+00 2.114537444933920707e+00
1.657754010695187130e-01 1.336898395721925203e-01 2.060085836909871126e+00 2.270577105014190966e+00
1.521035598705501590e-01 1.391585760517799475e-01 2.018502943650126280e+00 2.220166512488436439e+00
1.390728476821191939e-01 1.225165562913907297e-01 1.944894651539708308e+00 2.195791399817017542e+00
1.708967851099830737e-01 1.302876480541455273e-01 2.049530315969256833e+00 2.226345083487940801e+00
1.641285956006768298e-01 1.455160744500846037e-01 2.018502943650126280e+00 2.257761053621825109e+00
1.655172413793103425e-01 1.396551724137931050e-01 1.954397394136807797e+00 2.270577105014190966e+00
1.547987616099071317e-01 1.377708978328173461e-01 1.850424055512721599e+00 2.177858439201451723e+00
1.614906832298136641e-01 1.257763975155279379e-01 1.907790143084260759e+00 2.103418054338299648e+00
1.753554502369668311e-01 1.484992101105845064e-01 2.008368200836819994e+00 2.238805970149253532e+00
1.414141414141414088e-01 1.111111111111111049e-01 1.940177849636216756e+00 2.296650717703349276e+00
1.600609756097561009e-01 1.295731707317073211e-01 1.872074882995319767e+00 2.114537444933920707e+00
1.951219512195122019e-01 1.593495934959349714e-01 1.949634443541836015e+00 2.226345083487940801e+00
1.672354948805460650e-01 1.348122866894198024e-01 2.065404475043029375e+00 2.264150943396226356e+00
1.783216783216783341e-01 1.223776223776223832e-01 2.108963093145869827e+00 2.226345083487940801e+00
1.545595054095826870e-01 1.375579598145285909e-01 1.921537229783827128e+00 2.120141342756183711e+00
1.669341894060995257e-01 1.508828250401283988e-01 1.949634443541836015e+00 2.226345083487940801e+00
1.663974151857835204e-01 1.114701130856219774e-01 1.944894651539708308e+00 2.103418054338299648e+00
1.671826625386996779e-01 1.269349845201238336e-01 1.926163723916533010e+00 2.154398563734290839e+00
1.416666666666666630e-01 1.250000000000000000e-01 1.954397394136807797e+00 2.220166512488436439e+00
1.777003484320557603e-01 1.602787456445992909e-01 2.108963093145869827e+00 2.385685884691848724e+00
1.752577319587628746e-01 1.288659793814432852e-01 2.003338898163605997e+00 2.201834862385321223e+00
1.537242472266243942e-01 1.362916006339144337e-01 1.944894651539708308e+00 2.137132680320569911e+00
1.669477234401349208e-01 1.467116357504215929e-01 2.049530315969256833e+00 2.283539486203615798e+00
1.863117870722433567e-01 1.387832699619771792e-01 2.131438721136767356e+00 2.451481103166496478e+00
1.532258064516129059e-01 1.241935483870967721e-01 1.944894651539708308e+00 2.097902097902097918e+00
1.526845637583892634e-01 1.426174496644295187e-01 1.993355481727574707e+00 2.350636630754162404e+00
1.886792452830188815e-01 1.234991423670668970e-01 2.039082412914188680e+00 2.283539486203615798e+00
1.913793103448275801e-01 1.413793103448275912e-01 2.065404475043029375e+00 2.385685884691848724e+00
1.936560934891485841e-01 1.402337228714524153e-01 2.076124567474048277e+00 2.195791399817017542e+00
1.751152073732718806e-01 1.520737327188940169e-01 1.912350597609561831e+00 2.065404475043029375e+00
2.007233273056057976e-01 1.735985533453887897e-01 2.160216021602160197e+00 2.421796165489404462e+00
1.781045751633986984e-01 1.405228758169934644e-01 1.998334721065778474e+00 2.214022140221402424e+00
1.751700680272108845e-01 1.224489795918367319e-01 1.998334721065778474e+00 2.232558139534883690e+00
1.580547112462006021e-01 1.215805471124620091e-01 1.935483870967741993e+00 2.160216021602160197e+00
1.690821256038647358e-01 1.400966183574879342e-01 1.949634443541836015e+00 2.160216021602160197e+00
1.479750778816199264e-01 1.043613707165109011e-01 1.876465989053948347e+00 2.120141342756183711e+00
1.495652173913043503e-01 1.321739130434782528e-01 1.983471074380165344e+00 2.183803457688807903e+00
1.739130434782608647e-01 1.702898550724637750e-01 2.183803457688807903e+00 2.336903602726387419e+00
1.589403973509933843e-01 1.324503311258278249e-01 1.988400994200497207e+00 2.270577105014190966e+00
1.831238779174147180e-01 1.597845601436265750e-01 2.171945701357465897e+00 2.336903602726387419e+00
2.028725314183123796e-01 1.651705565529623110e-01 2.201834862385321223e+00 2.343750000000000000e+00
1.925795053003533652e-01 1.643109540636042420e-01 2.142857142857142794e+00 2.385685884691848724e+00
1.818181818181818232e-01 1.436363636363636453e-01 2.097902097902097918e+00 2.296650717703349276e+00
1.776649746192893453e-01 1.387478849407783321e-01 1.940177849636216756e+00 2.220166512488436439e+00
1.658206429780033908e-01 1.336717428087986492e-01 1.993355481727574707e+00 2.303262955854126659e+00
1.518771331058020591e-01 1.194539249146757687e-01 1.998334721065778474e+00 2.160216021602160197e+00
2.098360655737704916e-01 1.885245901639344135e-01 2.070750647109577347e+00 2.270577105014190966e+00
1.509769094138543599e-01 1.403197158081705143e-01 2.049530315969256833e+00 2.270577105014190966e+00
1.757679180887372072e-01 1.484641638225255855e-01 1.998334721065778474e+00 2.238805970149253532e+00
1.968911917098445652e-01 1.709844559585492196e-01 2.028740490278951647e+00 2.330097087378640630e+00
1.672354948805460650e-01 1.467576791808873626e-01 1.998334721065778474e+00 2.309913378248315663e+00
1.851265822784810000e-01 1.455696202531645556e-01 1.935483870967741993e+00 2.148612354521038714e+00
1.319340329835082537e-01 1.139430284857571168e-01 1.796407185628742464e+00 2.003338898163605997e+00
1.466458658346333765e-01 1.154446177847113925e-01 1.903251387787470161e+00 2.166064981949458623e+00
1.710526315789473728e-01 1.282894736842105365e-01 1.973684210526315708e+00 2.148612354521038714e+00
1.550632911392405000e-01 1.234177215189873472e-01 1.898734177215189778e+00 2.120141342756183711e+00
1.718983557548579844e-01 1.300448430493273411e-01 1.854714064914992244e+00 2.214022140221402424e+00
1.704718417047184076e-01 1.354642313546423060e-01 1.876465989053948347e+00 2.114537444933920707e+00
1.989528795811518203e-01 1.675392670157068165e-01 2.108963093145869827e+00 2.303262955854126659e+00
1.719745222929936201e-01 1.353503184713375773e-01 1.907790143084260759e+00 2.120141342756183711e+00
1.862567811934900674e-01 1.573236889692585794e-01 2.114537444933920707e+00 2.443991853360488964e+00
1.635220125786163436e-01 1.320754716981132060e-01 1.930812550281576723e+00 2.097902097902097918e+00
1.620689655172413701e-01 1.379310344827586188e-01 2.076124567474048277e+00 2.226345083487940801e+00
1.876106194690265461e-01 1.575221238938053214e-01 2.076124567474048277e+00 2.364532019704433718e+00
1.688888888888888939e-01 1.422222222222222221e-01 1.889763779527559029e+00 2.125775022143489679e+00
1.519434628975264989e-01 1.113074204946996465e-01 2.018502943650126280e+00 2.270577105014190966e+00
2.072538860103626812e-01 1.692573402417962003e-01 2.097902097902097918e+00 2.343750000000000000e+00
1.782178217821782096e-01 1.435643564356435531e-01 2.003338898163605997e+00 2.296650717703349276e+00
1.851211072664359913e-01 1.228373702422145275e-01 2.120141342756183711e+00 2.245088868101028812e+00
1.900826446280991788e-01 1.520661157024793264e-01 2.018502943650126280e+00 2.238805970149253532e+00
1.663999999999999924e-01 1.264000000000000123e-01 1.916932907348242843e+00 2.044293015332197427e+00
1.729818780889621210e-01 1.400329489291597951e-01 2.049530315969256833e+00 2.171945701357465897e+00
1.576182136602451711e-01 1.120840630472854649e-01 2.013422818791946511e+00 2.220166512488436439e+00
1.719532554257095225e-01 1.519198664440734592e-01 2.070750647109577347e+00 2.232558139534883690e+00
2.003546099290780258e-01 1.702127659574468044e-01 2.103418054338299648e+00 2.385685884691848724e+00
1.528455284552845406e-01 1.203252032520325254e-01 1.898734177215189778e+00 2.189781021897810209e+00
1.897163120567375849e-01 1.418439716312056842e-01 2.114537444933920707e+00 2.316602316602316414e+00
1.815181518151815221e-01 1.452145214521452232e-01 1.973684210526315708e+00 2.189781021897810209e+00
1.915254237288135652e-01 1.711864406779660952e-01 2.114537444933920707e+00 2.323330106485963054e+00
1.898496240601503793e-01 1.560150375939849676e-01 2.154398563734290839e+00 2.603036876355748319e+00
1.404682274247491536e-01 1.220735785953177277e-01 1.998334721065778474e+00 2.201834862385321223e+00
1.467741935483870830e-01 1.225806451612903164e-01 1.963993453355155516e+00 2.207911683532658653e+00
1.712887438825448638e-01 1.239804241435562837e-01 2.013422818791946511e+00 2.251407129455909928e+00
1.715771230502599609e-01 1.594454072790294497e-01 2.039082412914188680e+00 2.296650717703349276e+00
1.854419410745233865e-01 1.629116117850953338e-01 2.013422818791946511e+00 2.357563850687622864e+00
1.587561374795417313e-01 1.194762684124386215e-01 1.993355481727574707e+00 2.081526452732003651e+00
1.539763113367174363e-01 1.336717428087986492e-01 1.983471074380165344e+00 2.290076335877862412e+00
1.658291457286432125e-01 1.356783919597989996e-01 2.003338898163605997e+00 2.264150943396226356e+00
1.757679180887372072e-01 1.348122866894198024e-01 1.998334721065778474e+00 2.277039848197343286e+00
1.674718196457326835e-01 1.256038647342995196e-01 1.978565539983512034e+00 2.125775022143489679e+00
1.433506044905008547e-01 1.364421416234887774e-01 1.968826907301066464e+00 2.232558139534883690e+00
1.563055062166962828e-01 1.367673179396092231e-01 2.076124567474048277e+00 2.207911683532658653e+00
1.792618629173989564e-01 1.405975395430580088e-01 2.103418054338299648e+00 2.226345083487940801e+00
1.785123966942148699e-01 1.239669421487603340e-01 2.086956521739130377e+00 2.207911683532658653e+00
1.556603773584905592e-01 1.242138364779874216e-01 1.859024012393493352e+00 2.137132680320569911e+00
1.680814940577249617e-01 1.426146010186757351e-01 1.907790143084260759e+00 2.214022140221402424e+00
1.548821548821548710e-01 1.212121212121212155e-01 2.013422818791946511e+00 2.183803457688807903e+00
1.516129032258064502e-01 9.838709677419354982e-02 1.949634443541836015e+00 2.125775022143489679e+00
1.858108108108108003e-01 1.351351351351351426e-01 2.049530315969256833e+00 2.220166512488436439e+00
1.828859060402684700e-01 1.610738255033556943e-01 2.049530315969256833e+00 2.257761053621825109e+00
1.806020066889632014e-01 1.505016722408026864e-01 2.033898305084745672e+00 2.343750000000000000e+00
1.458699472759226734e-01 1.177504393673110689e-01 2.039082412914188680e+00 2.309913378248315663e+00
1.639072847682119249e-01 1.341059602649006532e-01 1.988400994200497207e+00 2.232558139534883690e+00
1.875000000000000000e-01 1.586538461538461453e-01 1.959183673469387710e+00 2.270577105014190966e+00
1.435897435897435792e-01 1.316239316239316282e-01 1.935483870967741993e+00 2.166064981949458623e+00
1.448275862068965636e-01 1.172413793103448260e-01 1.988400994200497207e+00 2.166064981949458623e+00
1.724137931034482873e-01 1.527093596059113378e-01 2.054794520547945424e+00 2.142857142857142794e+00
1.804384485666104543e-01 1.585160202360876847e-01 2.013422818791946511e+00 2.290076335877862412e+00
1.602671118530884786e-01 1.385642737896494170e-01 1.988400994200497207e+00 2.214022140221402424e+00
1.856899488926746222e-01 1.482112436115843312e-01 2.028740490278951647e+00 2.264150943396226356e+00
1.786786786786786763e-01 1.501501501501501523e-01 1.916932907348242843e+00 2.070750647109577347e+00
2.046263345195729610e-01 1.725978647686832734e-01 2.171945701357465897e+00 2.364532019704433718e+00
1.597938144329896781e-01 1.391752577319587680e-01 1.940177849636216756e+00 2.296650717703349276e+00
1.910499139414802150e-01 1.549053356282271976e-01 2.060085836909871126e+00 2.270577105014190966e+00
1.996644295302013317e-01 1.459731543624161187e-01 2.008368200836819994e+00 2.364532019704433718e+00
1.606060606060606133e-01 1.287878787878787845e-01 1.867704280155642049e+00 2.086956521739130377e+00
1.672354948805460650e-01 1.245733788395904373e-01 1.988400994200497207e+00 2.251407129455909928e+00
1.642599277978339378e-01 1.371841155234657106e-01 2.120141342756183711e+00 2.277039848197343286e+00
1.754966887417218624e-01 1.473509933774834468e-01 2.003338898163605997e+00 2.238805970149253532e+00
1.739837398373983712e-01 1.349593495934959253e-01 1.907790143084260759e+00 2.183803457688807903e+00
1.571675302245250372e-01 1.226252158894645949e-01 1.988400994200497207e+00 2.238805970149253532e+00
1.763668430335096904e-01 1.534391534391534306e-01 2.092414995640802022e+00 2.330097087378640630e+00
1.693037974683544167e-01 1.424050632911392500e-01 1.944894651539708308e+00 2.160216021602160197e+00
1.677740863787375303e-01 1.461794019933554956e-01 2.028740490278951647e+00 2.330097087378640630e+00
1.571906354515050230e-01 1.438127090301003219e-01 1.988400994200497207e+00 2.277039848197343286e+00
1.397670549084858438e-01 1.231281198003327804e-01 1.912350597609561831e+00 2.183803457688807903e+00
1.534733441033925561e-01 1.227786752827140504e-01 1.963993453355155516e+00 2.232558139534883690e+00
1.538461538461538547e-01 1.266025641025640969e-01 1.954397394136807797e+00 2.131438721136767356e+00
1.577235772357723498e-01 1.235772357723577269e-01 1.959183673469387710e+00 2.148612354521038714e+00
1.697792869269948990e-01 1.290322580645161255e-01 1.973684210526315708e+00 2.277039848197343286e+00
1.699669966996699699e-01 1.485148514851485080e-01 2.076124567474048277e+00 2.214022140221402424e+00
1.580756013745704402e-01 1.512027491408934610e-01 1.959183673469387710e+00 2.201834862385321223e+00
1.838111298482293376e-01 1.517706576728499179e-01 1.998334721065778474e+00 2.303262955854126659e+00
1.663716814159292012e-01 1.327433628318584191e-01 2.076124567474048277e+00 2.316602316602316414e+00
1.413210445468509879e-01 1.105990783410138317e-01 1.816805450416351331e+00 2.097902097902097918e+00
1.842105263157894635e-01 1.480263157894736725e-01 2.023608768971332239e+00 2.125775022143489679e+00
1.660649819494584845e-01 1.570397111913357513e-01 2.097902097902097918e+00 2.371541501976284660e+00
1.963394342762063149e-01 1.547420965058236286e-01 1.993355481727574707e+00 2.214022140221402424e+00
1.843003412969283217e-01 1.535836177474402819e-01 2.065404475043029375e+00 2.264150943396226356e+00
1.356707317073170826e-01 1.310975609756097615e-01 1.850424055512721599e+00 2.166064981949458623e+00
1.637630662020905792e-01 1.306620209059233539e-01 2.033898305084745672e+00 2.264150943396226356e+00
1.834710743801652999e-01 1.487603305785124008e-01 2.054794520547945424e+00 2.277039848197343286e+00
1.661016949152542277e-01 1.576271186440678096e-01 2.028740490278951647e+00 2.283539486203615798e+00
1.869782971619365630e-01 1.552587646076794559e-01 2.065404475043029375e+00 2.195791399817017542e+00
1.987860394537177555e-01 1.714719271623672270e-01 1.959183673469387710e+00 2.201834862385321223e+00
1.469594594594594572e-01 9.797297297297297147e-02 1.930812550281576723e+00 2.201834862385321223e+00
1.528239202657807327e-01 1.362126245847176120e-01 1.993355481727574707e+00 2.201834862385321223e+00
1.388429752066115686e-01 1.272727272727272596e-01 1.930812550281576723e+00 2.189781021897810209e+00
1.315345699831365900e-01 1.146711635750421593e-01 1.968826907301066464e+00 2.114537444933920707e+00
1.686746987951807109e-01 1.290877796901893360e-01 2.033898305084745672e+00 2.232558139534883690e+00
1.639610389610389740e-01 1.396103896103896014e-01 1.949634443541836015e+00 2.207911683532658653e+00
1.421143847487001677e-01 1.109185441941074463e-01 2.023608768971332239e+00 2.226345083487940801e+00
2.019867549668874218e-01 1.490066225165563030e-01 2.033898305084745672e+00 2.270577105014190966e+00
1.655052264808362372e-01 1.236933797909407634e-01 1.973684210526315708e+00 2.251407129455909928e+00
1.689655172413793149e-01 1.258620689655172431e-01 2.049530315969256833e+00 2.245088868101028812e+00
1.783060921248142694e-01 1.634472511144130780e-01 1.867704280155642049e+00 2.097902097902097918e+00
2.041800643086816858e-01 1.527331189710610937e-01 2.008368200836819994e+00 2.296650717703349276e+00
1.631663974151857932e-01 1.453957996768982242e-01 2.013422818791946511e+00 2.189781021897810209e+00
2.084805653710247453e-01 1.713780918727915159e-01 2.183803457688807903e+00 2.392821535393818699e+00
1.124437781109445256e-01 8.995502248875562878e-02 1.734104046242774588e+00 2.008368200836819994e+00
1.530612244897959218e-01 1.224489795918367319e-01 2.028740490278951647e+00 2.201834862385321223e+00
2.123411978221415586e-01 1.742286751361161456e-01 2.232558139534883690e+00 2.451481103166496478e+00
1.490467937608318805e-01 1.559792027729635933e-01 1.968826907301066464e+00 2.283539486203615798e+00
1.640625000000000000e-01 1.343749999999999944e-01 1.921537229783827128e+00 2.081526452732003651e+00
2.149046793760831797e-01 1.525129982668977369e-01 2.120141342756183711e+00 2.385685884691848724e+00
1.677524429967426622e-01 1.368078175895765525e-01 2.003338898163605997e+00 2.220166512488436439e+00
1.577181208053691219e-01 1.073825503355704675e-01 1.978565539983512034e+00 2.226345083487940801e+00
1.707717569786535439e-01 1.477832512315271074e-01 2.013422818791946511e+00 2.214022140221402424e+00
1.267387944358578100e-01 1.221020092735703305e-01 1.749271137026239042e+00 2.008368200836819994e+00
1.713286713286713281e-01 1.416083916083916150e-01 2.076124567474048277e+00 2.309913378248315663e+00
1.523500810372771519e-01 1.247974068071312781e-01 1.916932907348242843e+00 2.189781021897810209e+00
1.733800350262696965e-01 1.471103327495621726e-01 2.039082412914188680e+00 2.296650717703349276e+00
1.588330632090761696e-01 1.215559157212317692e-01 1.944894651539708308e+00 2.125775022143489679e+00
1.421232876712328896e-01 1.164383561643835552e-01 1.973684210526315708e+00 2.226345083487940801e+00
1.396551724137931050e-01 1.275862068965517293e-01 2.013422818791946511e+00 2.207911683532658653e+00
1.712439418416801251e-01 1.340872374798061373e-01 1.978565539983512034e+00 2.103418054338299648e+00
1.639586410635155145e-01 1.240768094534712013e-01 1.876465989053948347e+00 2.097902097902097918e+00
1.415929203539822989e-01 1.079646017699115029e-01 1.988400994200497207e+00 2.283539486203615798e+00
1.727941176470588203e-01 1.636029411764705899e-01 2.177858439201451723e+00 2.392821535393818699e+00
1.723549488054607615e-01 1.365187713310580253e-01 2.039082412914188680e+00 2.264150943396226356e+00
1.752738654147104891e-01 1.314553990610328738e-01 1.898734177215189778e+00 2.125775022143489679e+00
1.795332136445242366e-01 1.274685816876122146e-01 2.081526452732003651e+00 2.350636630754162404e+00
1.791530944625407129e-01 1.579804560260586188e-01 1.940177849636216756e+00 2.207911683532658653e+00
1.774491682070240273e-01 1.423290203327171877e-01 2.142857142857142794e+00 2.399999999999999911e+00
1.921259842519685013e-01 1.606299212598425175e-01 1.921537229783827128e+00 2.232558139534883690e+00
1.525704809286898833e-01 1.442786069651741387e-01 1.963993453355155516e+00 2.264150943396226356e+00
1.698412698412698485e-01 1.523809523809523947e-01 1.903251387787470161e+00 2.195791399817017542e+00
1.706161137440758424e-01 1.342812006319115403e-01 1.968826907301066464e+00 2.177858439201451723e+00
1.566666666666666763e-01 1.333333333333333315e-01 2.013422818791946511e+00 2.189781021897810209e+00
1.609756097560975652e-01 1.414634146341463283e-01 1.963993453355155516e+00 2.277039848197343286e+00
1.728594507269790026e-01 1.340872374798061373e-01 1.921537229783827128e+00 2.177858439201451723e+00
1.535150645624103194e-01 1.190817790530846465e-01 1.812688821752265866e+00 2.018502943650126280e+00
1.595925297113752195e-01 1.256366723259762230e-01 1.998334721065778474e+00 2.220166512488436439e+00
1.633986928104575187e-01 1.192810457516339934e-01 1.963993453355155516e+00 2.232558139534883690e+00
1.722488038277512068e-01 1.212121212121212155e-01 1.935483870967741993e+00 2.120141342756183711e+00
1.840390879478827346e-01 1.726384364820846840e-01 2.120141342756183711e+00 2.226345083487940801e+00
1.886178861788617989e-01 1.414634146341463283e-01 1.949634443541836015e+00 2.201834862385321223e+00
1.949152542372881436e-01 1.525423728813559421e-01 2.023608768971332239e+00 2.350636630754162404e+00
1.656151419558359594e-01 1.435331230283911630e-01 1.930812550281576723e+00 2.103418054338299648e+00
1.532846715328467224e-01 1.459854014598540028e-01 2.076124567474048277e+00 2.414486921529174879e+00
1.775862068965517182e-01 1.465517241379310220e-01 2.049530315969256833e+00 2.207911683532658653e+00
1.619365609348914770e-01 1.352253756260433926e-01 2.013422818791946511e+00 2.214022140221402424e+00
1.688311688311688319e-01 1.201298701298701282e-01 1.998334721065778474e+00 2.120141342756183711e+00
1.766513056835637419e-01 1.551459293394777395e-01 1.898734177215189778e+00 2.131438721136767356e+00
1.578947368421052544e-01 1.250000000000000000e-01 2.013422818791946511e+00 2.154398563734290839e+00
1.851851851851851749e-01 1.388888888888888951e-01 2.160216021602160197e+00 2.364532019704433718e+00
1.581469648562300323e-01 1.405750798722044670e-01 1.898734177215189778e+00 2.290076335877862412e+00
1.779026217228464324e-01 1.273408239700374589e-01 2.125775022143489679e+00 2.350636630754162404e+00
1.950354609929078054e-01 1.595744680851063912e-01 2.108963093145869827e+00 2.330097087378640630e+00
1.315372424722662525e-01 1.061806656101426244e-01 1.926163723916533010e+00 2.092414995640802022e+00
1.781045751633986984e-01 1.405228758169934644e-01 1.983471074380165344e+00 2.154398563734290839e+00
1.769616026711185175e-01 1.168614357262103554e-01 1.954397394136807797e+00 2.183803457688807903e+00
1.815235008103727732e-01 1.426256077795786115e-01 2.033898305084745672e+00 2.160216021602160197e+00
1.834710743801652999e-01 1.702479338842975143e-01 2.044293015332197427e+00 2.323330106485963054e+00
1.700468018720748820e-01 1.341653666146645774e-01 1.898734177215189778e+00 2.142857142857142794e+00
2.064297800338409372e-01 1.692047377326565127e-01 2.097902097902097918e+00 2.296650717703349276e+00
1.674347158218126019e-01 1.336405529953917093e-01 1.944894651539708308e+00 2.148612354521038714e+00
1.596638655462184753e-01 1.361344537815125932e-01 2.060085836909871126e+00 2.283539486203615798e+00
1.382252559726962482e-01 1.416382252559726940e-01 1.978565539983512034e+00 2.226345083487940801e+00
1.745454545454545592e-01 1.509090909090909094e-01 2.125775022143489679e+00 2.364532019704433718e+00
1.731391585760517771e-01 1.423948220064724934e-01 2.028740490278951647e+00 2.195791399817017542e+00
1.829855537720706249e-01 1.444622792937399758e-01 1.930812550281576723e+00 2.142857142857142794e+00
1.540930979133226242e-01 1.284109149277688489e-01 1.993355481727574707e+00 2.201834862385321223e+00
1.691297208538587726e-01 1.527093596059113378e-01 1.983471074380165344e+00 2.238805970149253532e+00
2.006802721088435382e-01 1.564625850340136126e-01 2.108963093145869827e+00 2.303262955854126659e+00
1.716287215411558542e-01 1.348511383537653319e-01 1.998334721065778474e+00 2.323330106485963054e+00
1.730769230769230727e-01 1.363636363636363535e-01 2.028740490278951647e+00 2.207911683532658653e+00
1.872852233676975953e-01 1.340206185567010266e-01 2.070750647109577347e+00 2.277039848197343286e+00
1.539708265802268994e-01 1.410048622366288362e-01 1.949634443541836015e+00 2.201834862385321223e+00
1.496815286624203767e-01 1.273885350318471332e-01 1.903251387787470161e+00 2.148612354521038714e+00
1.542207792207792305e-01 1.444805194805194870e-01 1.880877742946708508e+00 2.201834862385321223e+00
1.500815660685154984e-01 1.272430668841761925e-01 1.973684210526315708e+00 2.264150943396226356e+00
1.693404634581105184e-01 1.443850267379679086e-01 2.114537444933920707e+00 2.414486921529174879e+00
1.886178861788617989e-01 1.463414634146341375e-01 1.983471074380165344e+00 2.166064981949458623e+00
1.595744680851063912e-01 1.322188449848024361e-01 1.894238358326756133e+00 2.103418054338299648e+00
1.877192982456140358e-01 1.473684210526315652e-01 2.060085836909871126e+00 2.330097087378640630e+00
2.040816326530612290e-01 1.615646258503401489e-01 2.092414995640802022e+00 2.336903602726387419e+00
1.417069243156199587e-01 1.400966183574879342e-01 1.949634443541836015e+00 2.160216021602160197e+00
1.634304207119741115e-01 1.326860841423948278e-01 1.940177849636216756e+00 2.195791399817017542e+00
1.844660194174757295e-01 1.440129449838187803e-01 1.930812550281576723e+00 2.201834862385321223e+00
1.576354679802955683e-01 1.297208538587849014e-01 1.954397394136807797e+00 2.226345083487940801e+00
1.903114186851211087e-01 1.366782006920415349e-01 2.065404475043029375e+00 2.357563850687622864e+00
1.699346405228758239e-01 1.519607843137254777e-01 1.959183673469387710e+00 2.257761053621825109e+00
1.708074534161490576e-01 1.521739130434782705e-01 1.935483870967741993e+00 2.108963093145869827e+00
1.818181818181818232e-01 1.582491582491582505e-01 2.060085836909871126e+00 2.251407129455909928e+00
1.717011128775834672e-01 1.446740858505564387e-01 1.944894651539708308e+00 2.195791399817017542e+00
1.388012618296529943e-01 1.088328075709779214e-01 1.867704280155642049e+00 2.054794520547945424e+00
1.848013816925734021e-01 1.450777202072538741e-01 2.039082412914188680e+00 2.296650717703349276e+00
1.621621621621621712e-01 1.189189189189189255e-01 2.086956521739130377e+00 2.251407129455909928e+00
1.838487972508591195e-01 1.340206185567010266e-01 2.054794520547945424e+00 2.283539486203615798e+00
1.723577235772357774e-01 1.512195121951219468e-01 1.988400994200497207e+00 2.214022140221402424e+00
1.463815789473684181e-01 1.398026315789473728e-01 1.954397394136807797e+00 2.195791399817017542e+00
1.626016260162601590e-01 1.333333333333333315e-01 1.963993453355155516e+00 2.214022140221402424e+00
1.737704918032786927e-01 1.639344262295081844e-01 1.944894651539708308e+00 2.303262955854126659e+00
2.014652014652014711e-01 1.666666666666666574e-01 2.142857142857142794e+00 2.443991853360488964e+00
1.525423728813559421e-01 1.237288135593220401e-01 1.968826907301066464e+00 2.226345083487940801e+00
1.391585760517799475e-01 1.067961165048543631e-01 1.863354037267080709e+00 2.232558139534883690e+00
1.630434782608695676e-01 1.213768115942028963e-01 2.108963093145869827e+00 2.238805970149253532e+00
