6.177606177606177751e-02 6.100386100386100130e-02 1.025641025641025550e+00 1.058201058201058142e+00
5.976430976430976288e-02 6.060606060606060774e-02 1.018675721561969505e+00 1.065719360568383678e+00
7.212317666126417948e-02 8.022690437601297242e-02 1.022146507666098714e+00 1.077199281867145420e+00
6.575576430401366967e-02 8.625106746370624078e-02 1.022146507666098714e+00 1.117318435754189876e+00
7.160493827160493985e-02 7.242798353909464526e-02 1.036269430051813378e+00 1.058201058201058142e+00
6.163828061638280953e-02 8.029197080291970712e-02 1.039861351819757473e+00 1.073345259391770945e+00
6.244995996797438054e-02 6.485188150520415640e-02 1.022146507666098714e+00 1.069518716577540163e+00
7.653910149750416114e-02 7.570715474209650797e-02 1.065719360568383678e+00 1.077199281867145420e+00
5.867560771165129807e-02 6.119027661357921005e-02 1.032702237521514688e+00 1.047120418848167533e+00
7.431340872374797568e-02 6.623586429725362990e-02 1.029159519725557415e+00 1.058201058201058142e+00
6.773920406435224306e-02 7.959356477561388421e-02 1.047120418848167533e+00 1.109057301293900233e+00
5.814905814905815123e-02 7.207207207207207145e-02 1.018675721561969505e+00 1.081081081081081141e+00
7.465277777777777624e-02 7.812500000000000000e-02 1.050788091068301178e+00 1.069518716577540163e+00
6.331168831168830502e-02 8.522727272727272096e-02 1.036269430051813378e+00 1.081081081081081141e+00
8.333333333333332871e-02 7.928802588996763934e-02 1.058201058201058142e+00 1.092896174863388081e+00
7.084690553745928709e-02 7.084690553745928709e-02 1.015228426395939021e+00 1.047120418848167533e+00
6.655290102389078977e-02 7.679180887372014097e-02 1.032702237521514688e+00 1.077199281867145420e+00
6.484641638225255300e-02 6.313993174061433011e-02 1.032702237521514688e+00 1.050788091068301178e+00
5.780346820809248443e-02 6.193228736581337518e-02 1.022146507666098714e+00 1.065719360568383678e+00
6.534823731728288398e-02 5.417024935511607908e-02 1.061946902654867353e+00 1.073345259391770945e+00
7.382550335570470246e-02 7.885906040268456096e-02 1.036269430051813378e+00 1.088929219600725862e+00
7.493956486704270170e-02 6.768734891216761362e-02 1.039861351819757473e+00 1.036269430051813378e+00
7.046979865771811624e-02 7.130872483221475933e-02 1.039861351819757473e+00 1.047120418848167533e+00
7.266435986159169858e-02 7.093425605536332612e-02 1.043478260869565188e+00 1.088929219600725862e+00
6.694214876033058315e-02 6.446280991735536814e-02 1.050788091068301178e+00 1.058201058201058142e+00
7.692307692307692735e-02 7.260155574762316988e-02 1.058201058201058142e+00 1.065719360568383678e+00
6.650831353919239852e-02 6.492478226444972633e-02 1.015228426395939021e+00 1.032702237521514688e+00
7.398171238570240560e-02 7.564422277639235026e-02 1.032702237521514688e+00 1.061946902654867353e+00
6.661316211878010041e-02 7.624398073836276268e-02 1.018675721561969505e+00 1.081081081081081141e+00
5.783738474434199639e-02 6.621961441743504095e-02 1.022146507666098714e+00 1.088929219600725862e+00
7.394366197183098455e-02 7.306338028169014065e-02 1.036269430051813378e+00 1.073345259391770945e+00
7.577019150707743622e-02 7.077435470441298393e-02 1.047120418848167533e+00 1.077199281867145420e+00
5.906821963394343067e-02 7.071547420965058894e-02 1.011804384485666120e+00 1.054481546572934914e+00
5.843621399176954917e-02 5.925925925925926152e-02 1.029159519725557415e+00 1.050788091068301178e+00
6.025104602510460150e-02 6.861924686192467926e-02 1.032702237521514688e+00 1.069518716577540163e+00
9.053497942386831698e-02 9.382716049382716639e-02 1.058201058201058142e+00 1.109057301293900233e+00
6.911636045494312652e-02 6.736657917760280334e-02 1.043478260869565188e+00 1.047120418848167533e+00
5.042016806722689204e-02 5.042016806722689204e-02 1.015228426395939021e+00 1.058201058201058142e+00
5.887096774193548154e-02 6.854838709677418818e-02 1.025641025641025550e+00 1.069518716577540163e+00
8.347529812606473143e-02 7.751277683134583096e-02 1.054481546572934914e+00 1.054481546572934914e+00
5.442176870748299117e-02 4.846938775510203912e-02 1.036269430051813378e+00 1.058201058201058142e+00
6.359300476947535308e-02 6.836248012718601497e-02 1.036269430051813378e+00 1.092896174863388081e+00
7.155477031802119636e-02 7.862190812720848410e-02 1.032702237521514688e+00 1.088929219600725862e+00
9.252971137521222300e-02 8.234295415959252962e-02 1.058201058201058142e+00 1.077199281867145420e+00
6.508355321020228845e-02 7.124010554089710290e-02 1.050788091068301178e+00 1.104972375690607800e+00
5.471380471380471455e-02 6.481481481481481122e-02 1.029159519725557415e+00 1.092896174863388081e+00
6.193969030154849315e-02 6.356968215158924351e-02 1.039861351819757473e+00 1.065719360568383678e+00
5.625524769101595407e-02 5.541561712846347632e-02 1.032702237521514688e+00 1.025641025641025550e+00
6.436041834271923057e-02 6.516492357200322216e-02 1.039861351819757473e+00 1.050788091068301178e+00
6.030969845150774278e-02 7.986960065199673331e-02 1.025641025641025550e+00 1.058201058201058142e+00
6.222990492653413669e-02 6.136560069144338797e-02 1.043478260869565188e+00 1.077199281867145420e+00
6.896551724137930939e-02 7.799671592775041240e-02 1.054481546572934914e+00 1.069518716577540163e+00
7.413945278022947283e-02 8.561341571050308519e-02 1.050788091068301178e+00 1.117318435754189876e+00
9.075342465753424848e-02 8.390410958904109817e-02 1.073345259391770945e+00 1.081081081081081141e+00
6.875000000000000555e-02 7.053571428571428492e-02 1.043478260869565188e+00 1.100917431192660612e+00
6.171809841534612456e-02 6.171809841534612456e-02 1.025641025641025550e+00 1.058201058201058142e+00
6.543624161073825773e-02 7.214765100671141629e-02 1.025641025641025550e+00 1.039861351819757473e+00
6.974858069748580969e-02 7.704785077047850150e-02 1.058201058201058142e+00 1.081081081081081141e+00
8.164983164983165287e-02 7.912457912457912523e-02 1.015228426395939021e+00 1.077199281867145420e+00
6.120826709062002907e-02 7.074721780604133203e-02 1.032702237521514688e+00 1.069518716577540163e+00
6.185567010309278579e-02 6.819984139571767801e-02 1.011804384485666120e+00 1.081081081081081141e+00
7.391304347826087306e-02 6.695652173913042848e-02 1.058201058201058142e+00 1.088929219600725862e+00
6.852791878172588558e-02 7.021996615905244654e-02 1.058201058201058142e+00 1.084990958408679873e+00
4.942339373970346117e-02 6.507413509060955281e-02 1.018675721561969505e+00 1.061946902654867353e+00
7.137315748642358848e-02 6.594259115593482934e-02 1.036269430051813378e+00 1.054481546572934914e+00
6.198347107438016701e-02 6.942148760330578428e-02 1.015228426395939021e+00 1.058201058201058142e+00
7.011952191235060194e-02 6.454183266932271568e-02 1.036269430051813378e+00 1.039861351819757473e+00
6.047700170357751120e-02 6.558773424190800228e-02 1.061946902654867353e+00 1.077199281867145420e+00
6.160337552742616019e-02 7.088607594936709166e-02 1.032702237521514688e+00 1.036269430051813378e+00
7.974481658692185448e-02 8.692185007974481681e-02 1.043478260869565188e+00 1.088929219600725862e+00
5.790297339593114545e-02 5.790297339593114545e-02 1.025641025641025550e+00 1.050788091068301178e+00
5.887032617342879970e-02 5.011933174224343646e-02 1.032702237521514688e+00 1.029159519725557415e+00
6.401944894651540041e-02 7.212317666126417948e-02 1.036269430051813378e+00 1.065719360568383678e+00
6.982343499197431191e-02 6.260032102728732561e-02 1.029159519725557415e+00 1.039861351819757473e+00
6.391925988225399813e-02 6.644238856181665376e-02 1.015228426395939021e+00 1.092896174863388081e+00
7.304785894206548835e-02 7.304785894206548835e-02 1.032702237521514688e+00 1.050788091068301178e+00
6.135986733001658200e-02 6.799336650082918321e-02 1.025641025641025550e+00 1.061946902654867353e+00
5.809128630705394369e-02 7.385892116182572742e-02 1.025641025641025550e+00 1.065719360568383678e+00
5.574043261231281104e-02 5.490848585690515787e-02 1.039861351819757473e+00 1.092896174863388081e+00
6.041335453100159236e-02 5.802861685214626142e-02 1.036269430051813378e+00 1.043478260869565188e+00
7.361455748552522826e-02 6.947890818858561135e-02 1.039861351819757473e+00 1.054481546572934914e+00
6.333333333333333870e-02 5.916666666666666602e-02 1.036269430051813378e+00 1.043478260869565188e+00
6.437768240343347270e-02 7.982832618025750837e-02 1.047120418848167533e+00 1.117318435754189876e+00
6.147540983606557263e-02 5.819672131147540783e-02 1.029159519725557415e+00 1.058201058201058142e+00
7.468879668049792364e-02 8.049792531120332495e-02 1.025641025641025550e+00 1.084990958408679873e+00
7.705779334500875710e-02 7.968476357267950672e-02 1.061946902654867353e+00 1.073345259391770945e+00
7.659574468085106336e-02 7.319148936170212505e-02 1.061946902654867353e+00 1.054481546572934914e+00
6.384742951907131092e-02 6.550580431177445428e-02 1.032702237521514688e+00 1.036269430051813378e+00
5.923616523772408382e-02 6.157443491816055881e-02 1.029159519725557415e+00 1.036269430051813378e+00
6.018518518518518184e-02 5.864197530864197205e-02 1.022146507666098714e+00 1.047120418848167533e+00
6.552962298025134802e-02 5.924596050269299863e-02 1.047120418848167533e+00 1.084990958408679873e+00
7.929515418502203206e-02 9.074889867841409719e-02 1.058201058201058142e+00 1.117318435754189876e+00
7.580919931856899829e-02 7.666098807495741463e-02 1.039861351819757473e+00 1.077199281867145420e+00
7.782426778242677867e-02 7.029288702928870869e-02 1.054481546572934914e+00 1.050788091068301178e+00
6.726094003241490926e-02 6.726094003241490926e-02 1.036269430051813378e+00 1.077199281867145420e+00
8.333333333333332871e-02 6.701030927835051332e-02 1.073345259391770945e+00 1.077199281867145420e+00
6.159110350727117073e-02 6.672369546621043090e-02 1.029159519725557415e+00 1.088929219600725862e+00
6.629392971246006461e-02 6.309904153354632672e-02 1.036269430051813378e+00 1.043478260869565188e+00
7.431340872374797568e-02 7.027463651050080973e-02 1.047120418848167533e+00 1.043478260869565188e+00
6.255077173030057502e-02 6.823720552396425609e-02 1.001669449081802998e+00 1.058201058201058142e+00
7.526020816653322676e-02 7.846277021617294178e-02 1.036269430051813378e+00 1.065719360568383678e+00
6.183017312448475106e-02 7.172300082440230540e-02 1.043478260869565188e+00 1.069518716577540163e+00
7.223113964686998789e-02 8.105939004815408688e-02 1.047120418848167533e+00 1.081081081081081141e+00
7.802013422818791788e-02 8.053691275167784713e-02 1.047120418848167533e+00 1.104972375690607800e+00
6.801007556675063570e-02 7.556675062972292856e-02 1.039861351819757473e+00 1.092896174863388081e+00
8.793103448275861600e-02 7.586206896551724033e-02 1.061946902654867353e+00 1.088929219600725862e+00
7.339449541284404077e-02 7.005838198498748337e-02 1.081081081081081141e+00 1.088929219600725862e+00
5.422647527910685883e-02 5.821371610845295363e-02 1.025641025641025550e+00 1.043478260869565188e+00
6.516679596586501255e-02 6.594259115593482934e-02 1.043478260869565188e+00 1.050788091068301178e+00
6.412337662337662392e-02 6.980519480519480069e-02 1.032702237521514688e+00 1.065719360568383678e+00
6.843455945252352457e-02 7.442258340461933852e-02 1.015228426395939021e+00 1.054481546572934914e+00
8.340498710232158164e-02 7.738607050730868242e-02 1.069518716577540163e+00 1.081081081081081141e+00
6.601466992665036559e-02 6.519967400162998694e-02 1.039861351819757473e+00 1.065719360568383678e+00
7.737104825291181431e-02 6.905158069883526872e-02 1.036269430051813378e+00 1.050788091068301178e+00
7.325102880658436455e-02 7.078189300411522056e-02 1.036269430051813378e+00 1.058201058201058142e+00
7.026563838903170101e-02 7.883461868037704157e-02 1.039861351819757473e+00 1.100917431192660612e+00
7.119476268412439079e-02 8.019639934533551173e-02 1.011804384485666120e+00 1.088929219600725862e+00
5.947323704333050409e-02 6.032285471537807836e-02 1.032702237521514688e+00 1.088929219600725862e+00
5.569007263922517992e-02 5.811138014527845314e-02 1.032702237521514688e+00 1.061946902654867353e+00
7.527733755942947469e-02 7.131537242472266169e-02 1.029159519725557415e+00 1.061946902654867353e+00
5.748098055790363398e-02 6.846999154691461864e-02 1.036269430051813378e+00 1.081081081081081141e+00
7.749999999999999944e-02 7.833333333333333814e-02 1.036269430051813378e+00 1.073345259391770945e+00
8.476027397260274543e-02 8.047945205479452302e-02 1.054481546572934914e+00 1.077199281867145420e+00
7.386363636363636742e-02 8.279220779220779203e-02 1.047120418848167533e+00 1.081081081081081141e+00
6.239600665557404335e-02 6.821963394342761555e-02 1.036269430051813378e+00 1.050788091068301178e+00
7.381974248927038185e-02 6.952789699570816051e-02 1.058201058201058142e+00 1.077199281867145420e+00
6.088407005838198521e-02 7.256046705587990142e-02 1.018675721561969505e+00 1.088929219600725862e+00
6.088407005838198521e-02 7.172643869891576207e-02 1.022146507666098714e+00 1.077199281867145420e+00
8.277027027027027140e-02 8.023648648648648574e-02 1.043478260869565188e+00 1.047120418848167533e+00
5.627009646302250784e-02 5.385852090032154649e-02 1.025641025641025550e+00 1.043478260869565188e+00
7.130872483221475933e-02 6.963087248322147316e-02 1.043478260869565188e+00 1.077199281867145420e+00
7.873376623376623917e-02 7.629870129870129636e-02 1.022146507666098714e+00 1.054481546572934914e+00
6.848184818481847791e-02 6.518151815181517927e-02 1.025641025641025550e+00 1.054481546572934914e+00
6.677524429967426900e-02 7.247557003257329433e-02 1.036269430051813378e+00 1.077199281867145420e+00
8.312342569269520753e-02 8.060453400503778121e-02 1.043478260869565188e+00 1.050788091068301178e+00
7.919930374238468018e-02 6.527415143603133851e-02 1.058201058201058142e+00 1.069518716577540163e+00
7.445008460236886283e-02 7.360406091370558235e-02 1.032702237521514688e+00 1.061946902654867353e+00
4.738955823293172775e-02 6.104417670682731056e-02 1.015228426395939021e+00 1.061946902654867353e+00
7.460184409052808552e-02 6.957250628667226156e-02 1.069518716577540163e+00 1.109057301293900233e+00
6.250000000000000000e-02 7.072368421052631360e-02 1.025641025641025550e+00 1.081081081081081141e+00
6.575576430401366967e-02 6.746370623398804944e-02 1.050788091068301178e+00 1.096892138939670858e+00
6.695652173913042848e-02 6.434782608695652217e-02 1.061946902654867353e+00 1.088929219600725862e+00
7.242798353909464526e-02 7.901234567901234407e-02 1.043478260869565188e+00 1.100917431192660612e+00
6.136900078678206305e-02 6.058221872541306313e-02 1.022146507666098714e+00 1.084990958408679873e+00
6.009615384615384776e-02 6.330128205128204844e-02 1.029159519725557415e+00 1.084990958408679873e+00
6.462882096069869076e-02 7.598253275109170812e-02 1.029159519725557415e+00 1.081081081081081141e+00
6.649831649831650093e-02 6.734006734006733885e-02 1.061946902654867353e+00 1.073345259391770945e+00
8.340080971659918907e-02 7.773279352226721006e-02 1.043478260869565188e+00 1.065719360568383678e+00
6.063193851409052343e-02 5.807002561912894684e-02 1.039861351819757473e+00 1.061946902654867353e+00
5.980066445182724566e-02 7.973421926910298496e-02 1.008403361344537785e+00 1.096892138939670858e+00
6.984387838948233340e-02 6.820049301561216526e-02 1.032702237521514688e+00 1.047120418848167533e+00
5.973813420621931075e-02 5.564648117839607333e-02 1.061946902654867353e+00 1.043478260869565188e+00
6.844741235392320933e-02 7.345575959933221821e-02 1.043478260869565188e+00 1.069518716577540163e+00
7.949790794979079422e-02 7.364016736401673979e-02 1.058201058201058142e+00 1.073345259391770945e+00
8.067092651757187816e-02 8.306709265175718504e-02 1.036269430051813378e+00 1.077199281867145420e+00
5.972558514931396167e-02 7.344632768361582242e-02 1.018675721561969505e+00 1.069518716577540163e+00
5.437553101104503073e-02 6.202209005947323384e-02 1.039861351819757473e+00 1.065719360568383678e+00
7.059736229635375782e-02 7.292474786656322205e-02 1.022146507666098714e+00 1.050788091068301178e+00
6.107491856677524367e-02 6.107491856677524367e-02 1.039861351819757473e+00 1.077199281867145420e+00
7.005838198498748337e-02 6.672226855713093985e-02 1.039861351819757473e+00 1.061946902654867353e+00
5.516014234875445121e-02 6.583629893238433783e-02 1.018675721561969505e+00 1.088929219600725862e+00
6.615776081424935839e-02 7.633587786259542207e-02 1.043478260869565188e+00 1.081081081081081141e+00
7.043478260869565077e-02 7.043478260869565077e-02 1.039861351819757473e+00 1.088929219600725862e+00
5.943152454780361443e-02 6.201550387596899139e-02 1.029159519725557415e+00 1.073345259391770945e+00
6.293706293706294308e-02 6.818181818181817677e-02 1.043478260869565188e+00 1.069518716577540163e+00
7.289107289107289722e-02 6.633906633906633266e-02 1.036269430051813378e+00 1.047120418848167533e+00
7.712765957446808540e-02 8.333333333333332871e-02 1.058201058201058142e+00 1.104972375690607800e+00
7.506053268765133790e-02 8.151735270379338594e-02 1.036269430051813378e+00 1.073345259391770945e+00
6.058158319870759340e-02 5.815831987075929105e-02 1.039861351819757473e+00 1.054481546572934914e+00
7.298657718120805937e-02 8.305369127516779026e-02 1.032702237521514688e+00 1.092896174863388081e+00
5.271966527196652458e-02 5.355648535564853235e-02 1.018675721561969505e+00 1.050788091068301178e+00
5.940594059405940319e-02 5.610561056105610456e-02 1.061946902654867353e+00 1.058201058201058142e+00
6.538139145012573927e-02 6.454316848281642371e-02 1.039861351819757473e+00 1.032702237521514688e+00
7.851239669421487821e-02 7.933884297520661655e-02 1.047120418848167533e+00 1.121495327102803641e+00
7.532051282051281660e-02 6.891025641025641524e-02 1.025641025641025550e+00 1.058201058201058142e+00
6.347826086956522007e-02 6.869565217391304657e-02 1.050788091068301178e+00 1.092896174863388081e+00
6.814580031695721685e-02 6.656101426307448055e-02 1.036269430051813378e+00 1.058201058201058142e+00
6.589492430988423688e-02 7.658058771148708310e-02 1.039861351819757473e+00 1.088929219600725862e+00
4.664031620553359819e-02 5.138339920948616774e-02 1.022146507666098714e+00 1.039861351819757473e+00
6.984667802385008395e-02 6.984667802385008395e-02 1.036269430051813378e+00 1.073345259391770945e+00
7.401177460050462065e-02 8.158116063919260141e-02 1.025641025641025550e+00 1.081081081081081141e+00
6.426931905126243016e-02 6.350420811017597200e-02 1.018675721561969505e+00 1.043478260869565188e+00
5.298013245033112578e-02 6.456953642384105629e-02 1.015228426395939021e+00 1.073345259391770945e+00
6.156405990016639018e-02 6.405990016638934970e-02 1.039861351819757473e+00 1.061946902654867353e+00
6.672158154859966772e-02 7.495881383855024227e-02 1.025641025641025550e+00 1.081081081081081141e+00
5.466778805719091361e-02 6.223717409587888744e-02 1.025641025641025550e+00 1.073345259391770945e+00
6.127258444619010369e-02 7.227022780832678683e-02 1.015228426395939021e+00 1.084990958408679873e+00
5.772495755517826482e-02 5.857385398981324043e-02 1.022146507666098714e+00 1.058201058201058142e+00
6.783919597989949979e-02 7.370184254606365615e-02 1.039861351819757473e+00 1.081081081081081141e+00
6.799336650082918321e-02 7.628524046434494166e-02 1.036269430051813378e+00 1.088929219600725862e+00
6.887755102040815647e-02 7.653061224489796088e-02 1.043478260869565188e+00 1.117318435754189876e+00
7.042253521126760896e-02 7.373653686826843467e-02 1.058201058201058142e+00 1.047120418848167533e+00
7.465135356849876558e-02 7.054963084495488590e-02 1.039861351819757473e+00 1.073345259391770945e+00
6.696428571428571230e-02 6.785714285714285199e-02 1.043478260869565188e+00 1.069518716577540163e+00
7.429547395388556852e-02 6.319385140905209308e-02 1.061946902654867353e+00 1.050788091068301178e+00
7.260726072607261161e-02 5.940594059405940319e-02 1.054481546572934914e+00 1.047120418848167533e+00
6.457242582897032568e-02 6.893542757417102373e-02 1.039861351819757473e+00 1.096892138939670858e+00
6.698187549251378992e-02 7.407407407407406996e-02 1.050788091068301178e+00 1.077199281867145420e+00
6.959403479701739559e-02 7.539353769676884753e-02 1.022146507666098714e+00 1.065719360568383678e+00
7.284768211920529535e-02 6.788079470198675469e-02 1.043478260869565188e+00 1.077199281867145420e+00
6.969205834683954437e-02 7.131280388978930573e-02 1.050788091068301178e+00 1.077199281867145420e+00
7.437348423605497083e-02 7.194826192400970155e-02 1.047120418848167533e+00 1.088929219600725862e+00
6.548100242522231218e-02 6.952303961196443227e-02 1.029159519725557415e+00 1.073345259391770945e+00
5.844155844155844021e-02 6.168831168831168804e-02 1.025641025641025550e+00 1.061946902654867353e+00
6.250000000000000000e-02 5.633802816901408578e-02 1.047120418848167533e+00 1.058201058201058142e+00
5.719091673675357618e-02 6.812447434819175751e-02 1.015228426395939021e+00 1.073345259391770945e+00
7.385398981324278744e-02 7.300509337860780490e-02 1.054481546572934914e+00 1.077199281867145420e+00
7.281964436917866268e-02 6.858594411515664402e-02 1.054481546572934914e+00 1.088929219600725862e+00
7.329401853411962597e-02 8.003369839932603091e-02 1.032702237521514688e+00 1.084990958408679873e+00
6.635071090047393871e-02 6.714060031595577016e-02 1.050788091068301178e+00 1.061946902654867353e+00
6.077795786061588462e-02 6.888168557536467063e-02 1.011804384485666120e+00 1.073345259391770945e+00
7.257383966244725093e-02 7.341772151898734444e-02 1.047120418848167533e+00 1.073345259391770945e+00
6.821963394342761555e-02 6.322795341098169652e-02 1.039861351819757473e+00 1.054481546572934914e+00
7.284768211920529535e-02 8.112582781456953440e-02 1.025641025641025550e+00 1.084990958408679873e+00
6.852791878172588558e-02 6.345177664974618881e-02 1.022146507666098714e+00 1.081081081081081141e+00
8.175559380378658036e-02 7.401032702237521355e-02 1.050788091068301178e+00 1.088929219600725862e+00
6.260296540362438045e-02 7.084019769357495500e-02 1.011804384485666120e+00 1.081081081081081141e+00
6.530291109362706958e-02 7.002360346184106910e-02 1.029159519725557415e+00 1.050788091068301178e+00
7.524059492563429929e-02 7.786526684164479795e-02 1.043478260869565188e+00 1.081081081081081141e+00
7.739130434782608148e-02 7.565217391304347727e-02 1.043478260869565188e+00 1.039861351819757473e+00
7.602339181286549286e-02 8.270676691729322849e-02 1.022146507666098714e+00 1.109057301293900233e+00
8.569051580698834603e-02 6.821963394342761555e-02 1.050788091068301178e+00 1.043478260869565188e+00
5.987055016181229428e-02 7.362459546925566312e-02 1.025641025641025550e+00 1.081081081081081141e+00
6.366723259762309406e-02 6.876061120543293381e-02 1.036269430051813378e+00 1.092896174863388081e+00
6.331168831168830502e-02 6.899350649350649567e-02 1.032702237521514688e+00 1.092896174863388081e+00
7.177419354838709964e-02 7.338709677419354149e-02 1.032702237521514688e+00 1.073345259391770945e+00
6.260720411663807383e-02 7.032590051457976443e-02 1.022146507666098714e+00 1.065719360568383678e+00
3.993480032599836665e-02 5.867970660146699241e-02 1.018675721561969505e+00 1.077199281867145420e+00
5.906480721903199088e-02 6.398687448728465621e-02 1.039861351819757473e+00 1.073345259391770945e+00
5.931495405179615377e-02 6.265664160401002158e-02 1.029159519725557415e+00 1.050788091068301178e+00
7.741935483870968082e-02 8.064516129032257841e-02 1.036269430051813378e+00 1.061946902654867353e+00
5.838815789473684320e-02 5.921052631578947040e-02 1.029159519725557415e+00 1.054481546572934914e+00
6.547619047619047949e-02 6.547619047619047949e-02 1.039861351819757473e+00 1.069518716577540163e+00
6.183889340927583439e-02 6.753458096013018053e-02 1.018675721561969505e+00 1.054481546572934914e+00
7.637231503579952618e-02 7.398568019093078318e-02 1.036269430051813378e+00 1.061946902654867353e+00
7.154742096505824211e-02 7.321131447587354846e-02 1.043478260869565188e+00 1.073345259391770945e+00
6.055508830950378368e-02 6.812447434819175751e-02 1.039861351819757473e+00 1.088929219600725862e+00
5.228215767634854932e-02 5.394190871369294871e-02 1.029159519725557415e+00 1.054481546572934914e+00
6.113902847571189153e-02 6.700167504187604095e-02 1.039861351819757473e+00 1.077199281867145420e+00
6.956521739130434867e-02 6.719367588932806390e-02 1.036269430051813378e+00 1.069518716577540163e+00
7.521367521367521014e-02 6.153846153846154188e-02 1.069518716577540163e+00 1.047120418848167533e+00
5.338983050847457418e-02 6.016949152542373086e-02 1.025641025641025550e+00 1.069518716577540163e+00
6.905158069883526872e-02 8.153078202995008017e-02 1.025641025641025550e+00 1.073345259391770945e+00
8.803986710963454532e-02 8.970099667774086849e-02 1.047120418848167533e+00 1.081081081081081141e+00
5.788590604026845610e-02 6.291946308724832848e-02 1.015228426395939021e+00 1.077199281867145420e+00
6.562756357670221363e-02 6.808859721082854977e-02 1.050788091068301178e+00 1.065719360568383678e+00
5.390625000000000278e-02 6.562500000000000278e-02 1.029159519725557415e+00 1.054481546572934914e+00
7.823129251700680631e-02 7.568027210884353817e-02 1.039861351819757473e+00 1.073345259391770945e+00
8.665511265164645149e-02 8.145580589254766690e-02 1.029159519725557415e+00 1.088929219600725862e+00
6.206896551724137845e-02 5.431034482758620441e-02 1.043478260869565188e+00 1.054481546572934914e+00
6.666666666666666574e-02 7.389558232931726922e-02 1.039861351819757473e+00 1.069518716577540163e+00
5.457463884430176909e-02 5.377207062600321275e-02 1.054481546572934914e+00 1.039861351819757473e+00
6.275805119735755611e-02 7.679603633360858328e-02 1.005025125628140614e+00 1.077199281867145420e+00
6.694915254237288060e-02 6.949152542372881436e-02 1.036269430051813378e+00 1.084990958408679873e+00
6.643658326143227211e-02 7.161345987920621214e-02 1.025641025641025550e+00 1.069518716577540163e+00
5.975103734439834308e-02 6.473029045643154122e-02 1.018675721561969505e+00 1.069518716577540163e+00
7.486631016042780140e-02 6.951871657754010725e-02 1.054481546572934914e+00 1.077199281867145420e+00
5.814905814905815123e-02 5.896805896805897007e-02 1.022146507666098714e+00 1.043478260869565188e+00
6.763285024154588876e-02 7.326892109500805772e-02 1.032702237521514688e+00 1.073345259391770945e+00
6.152512998266897876e-02 6.065857885615251466e-02 1.036269430051813378e+00 1.073345259391770945e+00
5.464926590538336099e-02 6.117455138662316466e-02 1.022146507666098714e+00 1.054481546572934914e+00
8.559670781893004288e-02 6.913580246913579586e-02 1.047120418848167533e+00 1.081081081081081141e+00
6.863527533918595269e-02 6.624102154828412359e-02 1.025641025641025550e+00 1.065719360568383678e+00
7.239057239057239412e-02 6.986531986531986649e-02 1.025641025641025550e+00 1.069518716577540163e+00
6.870229007633588125e-02 6.615776081424935839e-02 1.036269430051813378e+00 1.050788091068301178e+00
7.461406518010291200e-02 6.775300171526586757e-02 1.069518716577540163e+00 1.054481546572934914e+00
6.005221932114882671e-02 7.310704960835509580e-02 1.047120418848167533e+00 1.109057301293900233e+00
5.777777777777777513e-02 6.133333333333332998e-02 1.036269430051813378e+00 1.061946902654867353e+00
7.271241830065360012e-02 7.352941176470588480e-02 1.022146507666098714e+00 1.054481546572934914e+00
6.785137318255250738e-02 6.865912762520193224e-02 1.039861351819757473e+00 1.065719360568383678e+00
5.917159763313609155e-02 7.354184277261199831e-02 1.025641025641025550e+00 1.100917431192660612e+00
7.445956765412330147e-02 7.926341072858286707e-02 1.029159519725557415e+00 1.069518716577540163e+00
7.076663858466722412e-02 6.992417860151642350e-02 1.069518716577540163e+00 1.065719360568383678e+00
6.640000000000000069e-02 7.760000000000000231e-02 1.025641025641025550e+00 1.077199281867145420e+00
7.936507936507936067e-02 8.020050125313282763e-02 1.058201058201058142e+00 1.100917431192660612e+00
7.374890254609306472e-02 6.672519754170325168e-02 1.047120418848167533e+00 1.061946902654867353e+00
6.617038875103391227e-02 8.023159636062861255e-02 1.025641025641025550e+00 1.100917431192660612e+00
6.525285481239803675e-02 6.688417618270799114e-02 1.025641025641025550e+00 1.073345259391770945e+00
6.343612334801762564e-02 6.431718061674009113e-02 1.050788091068301178e+00 1.104972375690607800e+00
6.799336650082918321e-02 6.799336650082918321e-02 1.043478260869565188e+00 1.047120418848167533e+00
6.832797427652732847e-02 7.234726688102893766e-02 1.015228426395939021e+00 1.069518716577540163e+00
7.000864304235090985e-02 6.222990492653413669e-02 1.043478260869565188e+00 1.073345259391770945e+00
6.519898391193904019e-02 7.027942421676545981e-02 1.061946902654867353e+00 1.084990958408679873e+00
5.537459283387621833e-02 5.211726384364821080e-02 1.022146507666098714e+00 1.047120418848167533e+00
5.550737207285342395e-02 6.331309627059844569e-02 1.025641025641025550e+00 1.077199281867145420e+00
5.995004163197335811e-02 6.244796003330557732e-02 1.018675721561969505e+00 1.050788091068301178e+00
7.354116706634691858e-02 6.474820143884892076e-02 1.061946902654867353e+00 1.050788091068301178e+00
7.392026578073089549e-02 7.142857142857142461e-02 1.043478260869565188e+00 1.069518716577540163e+00
7.744107744107743552e-02 7.323232323232323204e-02 1.047120418848167533e+00 1.077199281867145420e+00
5.432098765432098741e-02 6.255144032921811093e-02 1.032702237521514688e+00 1.061946902654867353e+00
6.082725060827250813e-02 5.758313057583130251e-02 1.036269430051813378e+00 1.043478260869565188e+00
8.841201716738197880e-02 7.124463519313305182e-02 1.061946902654867353e+00 1.081081081081081141e+00
6.465517241379310776e-02 6.896551724137930939e-02 1.032702237521514688e+00 1.069518716577540163e+00
5.707196029776674673e-02 6.368899917287014489e-02 1.047120418848167533e+00 1.065719360568383678e+00
6.388206388206388309e-02 6.470106470106469498e-02 1.029159519725557415e+00 1.058201058201058142e+00
5.987055016181229428e-02 6.715210355987054347e-02 1.039861351819757473e+00 1.065719360568383678e+00
6.693877551020407934e-02 7.918367346938776086e-02 1.018675721561969505e+00 1.121495327102803641e+00
7.665198237885462174e-02 8.105726872246696302e-02 1.039861351819757473e+00 1.077199281867145420e+00
6.838365896980461156e-02 7.815275310834814138e-02 1.025641025641025550e+00 1.113172541743970401e+00
6.153846153846154188e-02 7.350427350427350681e-02 1.018675721561969505e+00 1.104972375690607800e+00
6.135458167330676976e-02 7.490039840637449653e-02 1.022146507666098714e+00 1.081081081081081141e+00
8.130762782900251284e-02 7.963118189438390948e-02 1.054481546572934914e+00 1.088929219600725862e+00
5.603448275862069061e-02 5.775862068965516988e-02 1.032702237521514688e+00 1.077199281867145420e+00
6.996587030716723554e-02 5.802047781569966145e-02 1.069518716577540163e+00 1.032702237521514688e+00
7.166947723440135476e-02 6.323777403035413247e-02 1.069518716577540163e+00 1.061946902654867353e+00
6.139613120269133556e-02 6.812447434819175751e-02 1.047120418848167533e+00 1.117318435754189876e+00
7.453936348408710111e-02 7.286432160804019731e-02 1.047120418848167533e+00 1.084990958408679873e+00
5.759999999999999842e-02 5.759999999999999842e-02 1.022146507666098714e+00 1.039861351819757473e+00
5.739692805173807894e-02 5.658852061438965353e-02 1.029159519725557415e+00 1.061946902654867353e+00
7.107843137254901689e-02 6.862745098039216285e-02 1.025641025641025550e+00 1.061946902654867353e+00
6.125827814569536484e-02 6.705298013245032662e-02 1.029159519725557415e+00 1.039861351819757473e+00
6.033057851239669728e-02 8.016528925619834101e-02 1.001669449081802998e+00 1.081081081081081141e+00
6.804979253112032611e-02 6.224066390041493868e-02 1.050788091068301178e+00 1.061946902654867353e+00
6.721311475409835756e-02 7.786885245901639663e-02 1.032702237521514688e+00 1.073345259391770945e+00
5.727923627684964464e-02 6.284805091487669082e-02 1.022146507666098714e+00 1.054481546572934914e+00
8.634868421052631360e-02 8.634868421052631360e-02 1.039861351819757473e+00 1.058201058201058142e+00
6.311475409836066197e-02 6.885245901639344690e-02 1.036269430051813378e+00 1.058201058201058142e+00
6.928999144568007140e-02 7.869974337040205881e-02 1.036269430051813378e+00 1.073345259391770945e+00
6.174819566960705608e-02 6.976744186046511531e-02 1.011804384485666120e+00 1.065719360568383678e+00
5.724197745013009236e-02 5.984388551604510192e-02 1.015228426395939021e+00 1.054481546572934914e+00
6.429192006950477933e-02 6.516072980017376115e-02 1.050788091068301178e+00 1.081081081081081141e+00
5.172413793103448204e-02 7.499999999999999722e-02 1.015228426395939021e+00 1.088929219600725862e+00
7.082630691399663392e-02 7.166947723440135476e-02 1.029159519725557415e+00 1.065719360568383678e+00
6.192468619246861705e-02 7.196652719665272424e-02 1.054481546572934914e+00 1.077199281867145420e+00
7.269789983844911208e-02 7.673667205169627803e-02 1.025641025641025550e+00 1.054481546572934914e+00
7.609594706368899564e-02 8.105872622001654426e-02 1.047120418848167533e+00 1.100917431192660612e+00
7.627829002514668888e-02 7.879295892707460780e-02 1.047120418848167533e+00 1.069518716577540163e+00
6.872852233676976508e-02 6.786941580756013226e-02 1.050788091068301178e+00 1.073345259391770945e+00
6.152584085315832702e-02 6.726825266611977105e-02 1.039861351819757473e+00 1.054481546572934914e+00
6.101694915254237545e-02 7.033898305084745894e-02 1.029159519725557415e+00 1.084990958408679873e+00
6.280587275693311211e-02 6.933115823817291579e-02 1.022146507666098714e+00 1.077199281867145420e+00
5.789473684210526272e-02 5.701754385964911964e-02 1.047120418848167533e+00 1.073345259391770945e+00
5.965202982601491150e-02 7.787903893951947376e-02 1.029159519725557415e+00 1.088929219600725862e+00
7.359307359307359908e-02 8.398268398268397827e-02 1.047120418848167533e+00 1.109057301293900233e+00
7.440719542109566764e-02 6.868356500408830112e-02 1.047120418848167533e+00 1.047120418848167533e+00
7.369323050556983445e-02 6.341045415595544799e-02 1.065719360568383678e+00 1.054481546572934914e+00
8.176614881439084326e-02 7.277187244480784467e-02 1.061946902654867353e+00 1.065719360568383678e+00
6.005004170141784586e-02 7.256046705587990142e-02 1.029159519725557415e+00 1.081081081081081141e+00
7.256046705587990142e-02 8.006672226855712782e-02 1.032702237521514688e+00 1.092896174863388081e+00
9.185441941074523609e-02 8.838821490467937969e-02 1.061946902654867353e+00 1.077199281867145420e+00
6.711979609175870720e-02 6.117247238742565957e-02 1.054481546572934914e+00 1.047120418848167533e+00
7.953529937444146769e-02 7.506702412868632157e-02 1.050788091068301178e+00 1.081081081081081141e+00
5.524419535628502520e-02 6.485188150520415640e-02 1.018675721561969505e+00 1.077199281867145420e+00
7.723577235772358107e-02 7.073170731707316417e-02 1.054481546572934914e+00 1.081081081081081141e+00
7.601809954751130582e-02 7.420814479638009054e-02 1.061946902654867353e+00 1.081081081081081141e+00
7.351712614870509199e-02 7.184628237259815808e-02 1.043478260869565188e+00 1.061946902654867353e+00
5.752961082910321156e-02 6.345177664974618881e-02 1.036269430051813378e+00 1.109057301293900233e+00
6.863596872284970229e-02 7.906168549087749797e-02 1.047120418848167533e+00 1.096892138939670858e+00
8.713692946058090860e-02 8.962655601659751115e-02 1.036269430051813378e+00 1.043478260869565188e+00
5.897219882055602241e-02 6.486941870261161980e-02 1.039861351819757473e+00 1.073345259391770945e+00
5.446808510638297823e-02 5.787234042553191654e-02 1.036269430051813378e+00 1.054481546572934914e+00
6.765676567656765672e-02 8.498349834983498496e-02 1.001669449081802998e+00 1.077199281867145420e+00
8.086956521739130377e-02 7.565217391304347727e-02 1.065719360568383678e+00 1.047120418848167533e+00
5.887032617342879970e-02 5.807478122513921870e-02 1.025641025641025550e+00 1.032702237521514688e+00
5.600000000000000117e-02 5.920000000000000262e-02 1.011804384485666120e+00 1.073345259391770945e+00
6.666666666666666574e-02 6.823529411764706065e-02 1.036269430051813378e+00 1.061946902654867353e+00
6.519898391193904019e-02 6.604572396274344115e-02 1.047120418848167533e+00 1.069518716577540163e+00
7.588075880758807235e-02 8.310749774164408188e-02 1.081081081081081141e+00 1.117318435754189876e+00
6.934001670843775722e-02 6.432748538011695549e-02 1.047120418848167533e+00 1.084990958408679873e+00
6.616415410385259599e-02 7.621440536013400491e-02 1.029159519725557415e+00 1.065719360568383678e+00
6.655710764174198324e-02 6.984387838948233340e-02 1.036269430051813378e+00 1.065719360568383678e+00
5.887096774193548154e-02 6.451612903225806273e-02 1.032702237521514688e+00 1.058201058201058142e+00
7.485281749369217252e-02 7.401177460050462065e-02 1.050788091068301178e+00 1.073345259391770945e+00
6.429780033840946929e-02 6.768189509306260510e-02 1.047120418848167533e+00 1.092896174863388081e+00
7.724957555178267599e-02 6.027164685908319164e-02 1.061946902654867353e+00 1.073345259391770945e+00
6.188118811881188064e-02 6.435643564356435808e-02 1.025641025641025550e+00 1.084990958408679873e+00
7.088607594936709166e-02 7.341772151898734444e-02 1.018675721561969505e+00 1.088929219600725862e+00
5.475989890480201933e-02 5.897219882055602241e-02 1.036269430051813378e+00 1.069518716577540163e+00
7.247557003257329433e-02 7.003257328990228348e-02 1.008403361344537785e+00 1.047120418848167533e+00
6.991358994501178925e-02 7.148468185388845431e-02 1.043478260869565188e+00 1.065719360568383678e+00
6.275805119735755611e-02 6.523534269199009195e-02 1.025641025641025550e+00 1.047120418848167533e+00
5.625524769101595407e-02 5.961376994122585815e-02 1.029159519725557415e+00 1.088929219600725862e+00
7.203389830508474811e-02 6.694915254237288060e-02 1.036269430051813378e+00 1.050788091068301178e+00
6.628003314001656987e-02 6.959403479701739559e-02 1.018675721561969505e+00 1.032702237521514688e+00
6.887755102040815647e-02 7.397959183673469274e-02 1.036269430051813378e+00 1.084990958408679873e+00
6.737880032867707425e-02 6.491372226787181510e-02 1.039861351819757473e+00 1.039861351819757473e+00
9.008264462809917328e-02 7.851239669421487821e-02 1.054481546572934914e+00 1.061946902654867353e+00
6.911262798634812410e-02 7.252559726962456987e-02 1.043478260869565188e+00 1.069518716577540163e+00
7.064760302775441314e-02 6.391925988225399813e-02 1.069518716577540163e+00 1.058201058201058142e+00
5.045492142266335550e-02 4.797353184449958813e-02 1.032702237521514688e+00 1.050788091068301178e+00
5.352363960749331045e-02 4.103479036574487343e-02 1.054481546572934914e+00 1.077199281867145420e+00
6.711979609175870720e-02 7.306711979609176177e-02 1.032702237521514688e+00 1.069518716577540163e+00
6.506849315068492789e-02 6.335616438356164726e-02 1.025641025641025550e+00 1.081081081081081141e+00
5.318291700241740277e-02 6.849315068493150305e-02 1.025641025641025550e+00 1.077199281867145420e+00
6.677937447168216800e-02 6.508875739644970349e-02 1.025641025641025550e+00 1.058201058201058142e+00
4.754230459307010742e-02 5.560032232070910574e-02 9.983361064891846937e-01 1.073345259391770945e+00
5.954323001631321027e-02 7.259380097879282456e-02 1.025641025641025550e+00 1.061946902654867353e+00
5.737704918032787010e-02 6.721311475409835756e-02 1.029159519725557415e+00 1.077199281867145420e+00
6.534325889164599444e-02 6.865177832919767964e-02 1.032702237521514688e+00 1.092896174863388081e+00
6.942148760330578428e-02 7.107438016528926095e-02 1.058201058201058142e+00 1.054481546572934914e+00
6.788710907704043063e-02 6.559877955758962320e-02 1.025641025641025550e+00 1.058201058201058142e+00
7.729861676159478778e-02 8.299430431244914086e-02 1.043478260869565188e+00 1.113172541743970401e+00
6.482281763180638978e-02 7.519446845289541603e-02 1.069518716577540163e+00 1.096892138939670858e+00
8.680555555555555247e-02 7.552083333333332871e-02 1.054481546572934914e+00 1.069518716577540163e+00
7.208717518860016660e-02 8.466051969823973344e-02 1.036269430051813378e+00 1.092896174863388081e+00
7.006920415224913989e-02 7.266435986159169858e-02 1.022146507666098714e+00 1.061946902654867353e+00
6.122448979591836593e-02 6.972789115646257918e-02 1.036269430051813378e+00 1.058201058201058142e+00
7.185628742514969802e-02 6.672369546621043090e-02 1.043478260869565188e+00 1.077199281867145420e+00
8.326463314097279356e-02 8.903544929925803764e-02 1.032702237521514688e+00 1.084990958408679873e+00
7.087294727744165856e-02 7.692307692307692735e-02 1.022146507666098714e+00 1.054481546572934914e+00
6.207482993197278864e-02 6.972789115646257918e-02 1.039861351819757473e+00 1.077199281867145420e+00
7.928388746803069487e-02 6.905370843989769303e-02 1.039861351819757473e+00 1.077199281867145420e+00
6.643356643356643221e-02 6.993006993006993521e-02 1.050788091068301178e+00 1.081081081081081141e+00
7.329842931937172179e-02 8.464223385689353951e-02 1.058201058201058142e+00 1.096892138939670858e+00
7.975460122699386256e-02 8.063102541630148834e-02 1.054481546572934914e+00 1.125703564727954964e+00
8.915054667788056830e-02 8.074011774600504954e-02 1.058201058201058142e+00 1.061946902654867353e+00
6.401384083044982243e-02 6.228373702422144997e-02 1.043478260869565188e+00 1.065719360568383678e+00
6.418039895923677296e-02 5.724197745013009236e-02 1.050788091068301178e+00 1.061946902654867353e+00
7.258753202391118875e-02 7.429547395388556852e-02 1.043478260869565188e+00 1.088929219600725862e+00
7.760711398544867246e-02 6.709781729991916299e-02 1.050788091068301178e+00 1.054481546572934914e+00
6.944444444444444753e-02 7.378472222222222376e-02 1.050788091068301178e+00 1.096892138939670858e+00
6.446140797285834778e-02 5.767599660729431921e-02 1.065719360568383678e+00 1.054481546572934914e+00
6.850459482038429027e-02 7.101086048454469113e-02 1.022146507666098714e+00 1.061946902654867353e+00
5.124340617935192049e-02 4.973624717407686829e-02 1.008403361344537785e+00 1.025641025641025550e+00
5.617021276595744739e-02 7.489361702127660114e-02 1.032702237521514688e+00 1.109057301293900233e+00
5.654281098546042050e-02 6.785137318255250738e-02 1.039861351819757473e+00 1.081081081081081141e+00
7.346585998271391860e-02 7.865168539325842478e-02 1.047120418848167533e+00 1.084990958408679873e+00
8.333333333333332871e-02 8.251633986928104403e-02 1.065719360568383678e+00 1.061946902654867353e+00
6.421232876712329452e-02 7.363013698630137271e-02 1.032702237521514688e+00 1.113172541743970401e+00
6.319385140905209308e-02 6.148590947907771331e-02 1.043478260869565188e+00 1.069518716577540163e+00
5.719091673675357618e-02 5.887300252312867993e-02 1.025641025641025550e+00 1.054481546572934914e+00
7.620660457239628038e-02 7.620660457239628038e-02 1.054481546572934914e+00 1.061946902654867353e+00
7.196652719665272424e-02 7.029288702928870869e-02 1.050788091068301178e+00 1.058201058201058142e+00
8.646288209606986519e-02 7.860262008733624739e-02 1.065719360568383678e+00 1.084990958408679873e+00
6.187290969899665594e-02 7.775919732441471943e-02 1.061946902654867353e+00 1.117318435754189876e+00
7.711651299245599056e-02 7.208717518860016660e-02 1.043478260869565188e+00 1.032702237521514688e+00
7.764505119453925241e-02 8.873720136518771506e-02 1.043478260869565188e+00 1.113172541743970401e+00
4.922067268252666022e-02 6.152584085315832702e-02 1.008403361344537785e+00 1.043478260869565188e+00
7.131011608623548381e-02 7.213930348258706937e-02 1.047120418848167533e+00 1.081081081081081141e+00
7.679465776293822876e-02 8.347245409015024986e-02 1.047120418848167533e+00 1.061946902654867353e+00
6.913996627318717836e-02 6.913996627318717836e-02 1.039861351819757473e+00 1.092896174863388081e+00
6.530612244897959773e-02 7.020408163265305646e-02 1.018675721561969505e+00 1.077199281867145420e+00
7.386814932486100715e-02 7.386814932486100715e-02 1.018675721561969505e+00 1.047120418848167533e+00
7.100085543199315119e-02 7.100085543199315119e-02 1.047120418848167533e+00 1.109057301293900233e+00
6.379453189726594364e-02 6.876553438276719610e-02 1.029159519725557415e+00 1.069518716577540163e+00
6.550580431177445428e-02 5.804311774461028139e-02 1.036269430051813378e+00 1.036269430051813378e+00
8.311229000884173823e-02 8.399646330680812789e-02 1.050788091068301178e+00 1.088929219600725862e+00
6.391925988225399813e-02 5.887300252312867993e-02 1.047120418848167533e+00 1.039861351819757473e+00
7.010135135135135698e-02 7.854729729729729992e-02 1.047120418848167533e+00 1.065719360568383678e+00
6.810344827586206629e-02 6.379310344827586465e-02 1.039861351819757473e+00 1.054481546572934914e+00
6.893880712625871654e-02 7.048799380325329600e-02 1.047120418848167533e+00 1.054481546572934914e+00
8.148148148148148806e-02 8.641975308641974829e-02 1.047120418848167533e+00 1.081081081081081141e+00
7.211120764552562956e-02 7.906168549087749797e-02 1.043478260869565188e+00 1.100917431192660612e+00
6.244995996797438054e-02 5.684547638110488271e-02 1.015228426395939021e+00 1.054481546572934914e+00
6.934931506849315030e-02 6.763698630136986967e-02 1.050788091068301178e+00 1.081081081081081141e+00
6.405990016638934970e-02 7.154742096505824211e-02 1.036269430051813378e+00 1.073345259391770945e+00
6.060606060606060774e-02 5.218855218855218692e-02 1.032702237521514688e+00 1.058201058201058142e+00
5.945499587118083934e-02 6.358381502890173009e-02 1.032702237521514688e+00 1.050788091068301178e+00
7.223113964686998789e-02 6.821829855537721310e-02 1.025641025641025550e+00 1.025641025641025550e+00
6.627516778523490082e-02 6.879194630872483007e-02 1.029159519725557415e+00 1.077199281867145420e+00
6.020066889632107177e-02 5.769230769230769551e-02 1.039861351819757473e+00 1.058201058201058142e+00
5.721192586623690540e-02 6.446414182111200042e-02 1.047120418848167533e+00 1.058201058201058142e+00
6.587837837837837163e-02 7.601351351351351426e-02 1.043478260869565188e+00 1.065719360568383678e+00
6.818181818181817677e-02 7.053291536050156074e-02 1.043478260869565188e+00 1.061946902654867353e+00
6.180257510729613574e-02 7.124463519313305182e-02 1.039861351819757473e+00 1.092896174863388081e+00
7.537688442211054607e-02 7.621440536013400491e-02 1.039861351819757473e+00 1.029159519725557415e+00
7.159904534606205406e-02 6.364359586316627182e-02 1.054481546572934914e+00 1.069518716577540163e+00
4.729729729729729992e-02 6.250000000000000000e-02 1.029159519725557415e+00 1.084990958408679873e+00
4.869565217391304268e-02 5.478260869565217128e-02 1.043478260869565188e+00 1.069518716577540163e+00
7.217391304347825498e-02 7.217391304347825498e-02 1.047120418848167533e+00 1.088929219600725862e+00
6.705298013245032662e-02 6.705298013245032662e-02 1.047120418848167533e+00 1.069518716577540163e+00
6.194690265486725578e-02 7.723250201126306835e-02 1.015228426395939021e+00 1.088929219600725862e+00
7.136929460580912488e-02 6.307053941908713490e-02 1.043478260869565188e+00 1.061946902654867353e+00
6.204081632653061368e-02 6.448979591836734304e-02 1.029159519725557415e+00 1.039861351819757473e+00
5.817875210792580049e-02 6.492411467116357415e-02 1.039861351819757473e+00 1.069518716577540163e+00
6.400000000000000133e-02 6.560000000000000553e-02 1.025641025641025550e+00 1.036269430051813378e+00
6.032285471537807836e-02 6.796941376380628841e-02 1.029159519725557415e+00 1.081081081081081141e+00
4.696840307429547140e-02 5.977796754910333354e-02 1.036269430051813378e+00 1.069518716577540163e+00
7.613344739093241831e-02 7.869974337040205881e-02 1.065719360568383678e+00 1.069518716577540163e+00
5.550883095037847242e-02 7.401177460050462065e-02 1.015228426395939021e+00 1.077199281867145420e+00
7.959356477561388421e-02 8.721422523285352058e-02 1.047120418848167533e+00 1.092896174863388081e+00
6.302521008403361158e-02 6.470588235294118251e-02 1.032702237521514688e+00 1.073345259391770945e+00
7.088607594936709166e-02 6.919831223628691852e-02 1.061946902654867353e+00 1.092896174863388081e+00
7.767784137367129971e-02 7.440719542109566764e-02 1.025641025641025550e+00 1.058201058201058142e+00
6.033057851239669728e-02 7.520661157024793875e-02 1.043478260869565188e+00 1.088929219600725862e+00
5.986509274873524217e-02 5.480607082630691712e-02 1.047120418848167533e+00 1.061946902654867353e+00
6.834825061025223691e-02 5.695687550854353076e-02 1.047120418848167533e+00 1.077199281867145420e+00
7.081911262798634699e-02 6.740614334470990121e-02 1.047120418848167533e+00 1.061946902654867353e+00
6.942148760330578428e-02 6.198347107438016701e-02 1.036269430051813378e+00 1.054481546572934914e+00
8.006535947712417611e-02 7.843137254901960675e-02 1.047120418848167533e+00 1.092896174863388081e+00
5.386416861826697627e-02 6.245120999219359870e-02 1.011804384485666120e+00 1.054481546572934914e+00
6.902356902356902857e-02 7.575757575757575968e-02 1.043478260869565188e+00 1.088929219600725862e+00
6.099518459069020598e-02 6.420545746388442443e-02 1.036269430051813378e+00 1.058201058201058142e+00
6.354249404289118164e-02 6.910246227164416888e-02 1.018675721561969505e+00 1.039861351819757473e+00
6.115702479338842867e-02 6.446280991735536814e-02 1.039861351819757473e+00 1.073345259391770945e+00
6.825938566552901265e-02 7.764505119453925241e-02 1.022146507666098714e+00 1.092896174863388081e+00
7.054963084495488590e-02 7.136997538966366461e-02 1.015228426395939021e+00 1.032702237521514688e+00
6.574394463667819488e-02 6.401384083044982243e-02 1.032702237521514688e+00 1.073345259391770945e+00
5.284552845528455584e-02 5.691056910569105426e-02 1.029159519725557415e+00 1.047120418848167533e+00
7.094594594594594295e-02 7.010135135135135698e-02 1.043478260869565188e+00 1.065719360568383678e+00
6.928213689482470850e-02 6.594323873121869795e-02 1.043478260869565188e+00 1.047120418848167533e+00
6.474820143884892076e-02 6.874500399680255613e-02 1.036269430051813378e+00 1.065719360568383678e+00
5.546623794212218739e-02 6.672025723472668757e-02 1.005025125628140614e+00 1.065719360568383678e+00
6.108065779169929294e-02 5.559906029757243767e-02 1.032702237521514688e+00 1.029159519725557415e+00
6.511254019292604667e-02 6.591639871382636018e-02 1.039861351819757473e+00 1.039861351819757473e+00
7.113985448666128308e-02 7.113985448666128308e-02 1.043478260869565188e+00 1.058201058201058142e+00
6.290849673202614234e-02 6.209150326797385766e-02 1.032702237521514688e+00 1.061946902654867353e+00
6.708760852407261166e-02 6.314127861089187388e-02 1.036269430051813378e+00 1.047120418848167533e+00
5.376344086021505458e-02 4.962779156327543767e-02 1.022146507666098714e+00 1.096892138939670858e+00
6.446280991735536814e-02 5.619834710743801948e-02 1.036269430051813378e+00 1.036269430051813378e+00
