2.857142857142856984e-01 2.653061224489796088e-01 6.185567010309278579e+00 7.058823529411764497e+00
2.564102564102563875e-01 1.709401709401709435e-01 5.059021922428330598e+00 5.758157389635316648e+00
1.519999999999999962e-01 1.199999999999999956e-01 4.431314623338256986e+00 5.008347245409015436e+00
2.932330827067669010e-01 1.879699248120300648e-01 4.815409309791331971e+00 5.444646098003629753e+00
2.000000000000000111e-01 1.519999999999999962e-01 4.636785162287480944e+00 5.217391304347826164e+00
2.636363636363636131e-01 1.727272727272727293e-01 5.328596802841918390e+00 5.758157389635316648e+00
2.666666666666666630e-01 1.916666666666666796e-01 4.909983633387888347e+00 5.692599620493358437e+00
2.314814814814814825e-01 1.944444444444444475e-01 5.272407732864675012e+00 5.628517823639774598e+00
2.936507936507936622e-01 2.222222222222222099e-01 5.272407732864675012e+00 5.628517823639774598e+00
2.424242424242424310e-01 2.424242424242424310e-01 5.692599620493358437e+00 5.893909626719056938e+00
1.913043478260869623e-01 1.478260869565217461e-01 5.008347245409015436e+00 5.893909626719056938e+00
2.459016393442622905e-01 1.721311475409836034e-01 5.008347245409015436e+00 5.758157389635316648e+00
2.966101694915254106e-01 2.033898305084745894e-01 5.110732538330494457e+00 5.444646098003629753e+00
2.773109243697479132e-01 1.932773109243697551e-01 5.110732538330494457e+00 5.272407732864675012e+00
2.181818181818181712e-01 1.363636363636363535e-01 5.059021922428330598e+00 5.893909626719056938e+00
3.599999999999999867e-01 3.099999999999999978e-01 6.423982869379014637e+00 6.960556844547563848e+00
2.624113475177304866e-01 2.056737588652482185e-01 4.552352048558422126e+00 5.008347245409015436e+00
2.882882882882882858e-01 2.252252252252252285e-01 5.444646098003629753e+00 6.423982869379014637e+00
3.267326732673267453e-01 2.178217821782178210e-01 6.036217303822937197e+00 6.593406593406593075e+00
2.539682539682539542e-01 1.587301587301587213e-01 4.909983633387888347e+00 5.444646098003629753e+00
2.547169811320754707e-01 1.981132075471698228e-01 5.565862708719851781e+00 6.342494714587737725e+00
3.725490196078431460e-01 2.352941176470588203e-01 6.109979633401222188e+00 6.864988558352402848e+00
2.682926829268292845e-01 1.788617886178861804e-01 5.008347245409015436e+00 5.628517823639774598e+00
3.230769230769230949e-01 2.769230769230769384e-01 5.059021922428330598e+00 5.964214711729622032e+00
2.595419847328244156e-01 1.984732824427480891e-01 4.594180704441041208e+00 5.110732538330494457e+00
2.583333333333333592e-01 2.500000000000000000e-01 5.059021922428330598e+00 5.758157389635316648e+00
1.812499999999999944e-01 1.312500000000000056e-01 3.764115432873274880e+00 4.470938897168405646e+00
2.538461538461538325e-01 2.076923076923077038e-01 4.636785162287480944e+00 5.110732538330494457e+00
2.983870967741935609e-01 2.338709677419354704e-01 5.163511187607572772e+00 5.893909626719056938e+00
2.941176470588235392e-01 1.862745098039215730e-01 5.692599620493358437e+00 6.185567010309278579e+00
2.931034482758620441e-01 1.465517241379310220e-01 5.272407732864675012e+00 5.893909626719056938e+00
2.192982456140350755e-01 2.105263157894736725e-01 5.110732538330494457e+00 5.893909626719056938e+00
2.155172413793103314e-01 1.206896551724137984e-01 5.163511187607572772e+00 5.628517823639774598e+00
2.991452991452991372e-01 1.709401709401709435e-01 5.110732538330494457e+00 5.628517823639774598e+00
2.307692307692307820e-01 2.000000000000000111e-01 4.724409448818897239e+00 5.504587155963302614e+00
3.394495412844036886e-01 2.477064220183486376e-01 5.964214711729622032e+00 6.507592190889370798e+00
2.702702702702702853e-01 1.824324324324324287e-01 4.243281471004243244e+00 4.909983633387888347e+00
2.800000000000000266e-01 2.079999999999999905e-01 4.958677685950413583e+00 5.628517823639774598e+00
2.372881355932203451e-01 1.949152542372881436e-01 4.958677685950413583e+00 5.893909626719056938e+00
3.333333333333333148e-01 2.478632478632478708e-01 5.328596802841918390e+00 6.423982869379014637e+00
2.777777777777777901e-01 2.063492063492063378e-01 5.163511187607572772e+00 5.825242718446602019e+00
2.598425196850393526e-01 1.968503937007874127e-01 4.680187207488299528e+00 5.328596802841918390e+00
2.672413793103448065e-01 2.413793103448275967e-01 5.110732538330494457e+00 6.036217303822937197e+00
2.809917355371900904e-01 1.983471074380165344e-01 5.385996409335727542e+00 5.964214711729622032e+00
3.333333333333333148e-01 2.878787878787879007e-01 5.385996409335727542e+00 5.628517823639774598e+00
2.654867256637168382e-01 2.212389380530973559e-01 5.444646098003629753e+00 5.964214711729622032e+00
2.807017543859648967e-01 2.192982456140350755e-01 5.444646098003629753e+00 5.758157389635316648e+00
2.481203007518796855e-01 1.804511278195488622e-01 4.680187207488299528e+00 5.008347245409015436e+00
2.222222222222222099e-01 2.136752136752136655e-01 5.059021922428330598e+00 5.964214711729622032e+00
2.661290322580645018e-01 1.612903225806451568e-01 4.909983633387888347e+00 5.565862708719851781e+00
2.248062015503876077e-01 2.015503875968992220e-01 4.815409309791331971e+00 5.565862708719851781e+00
2.735849056603773533e-01 2.169811320754717054e-01 5.328596802841918390e+00 6.423982869379014637e+00
3.232323232323232598e-01 2.828282828282828176e-01 6.423982869379014637e+00 7.058823529411764497e+00
2.844827586206896686e-01 1.982758620689655249e-01 5.272407732864675012e+00 5.692599620493358437e+00
2.602739726027397116e-01 1.780821917808219079e-01 4.431314623338256986e+00 5.110732538330494457e+00
2.250000000000000056e-01 1.250000000000000000e-01 4.815409309791331971e+00 4.958677685950413583e+00
2.706766917293232932e-01 2.330827067669172803e-01 4.636785162287480944e+00 5.692599620493358437e+00
2.656250000000000000e-01 2.109375000000000000e-01 4.724409448818897239e+00 5.825242718446602019e+00
2.462686567164178997e-01 2.089552238805970075e-01 4.769475357710652119e+00 5.504587155963302614e+00
2.280701754385964786e-01 1.929824561403508665e-01 4.958677685950413583e+00 5.692599620493358437e+00
2.583333333333333592e-01 1.916666666666666796e-01 5.059021922428330598e+00 5.758157389635316648e+00
2.999999999999999889e-01 2.357142857142857095e-01 4.636785162287480944e+00 5.964214711729622032e+00
3.030303030303030387e-01 2.196969696969696961e-01 4.958677685950413583e+00 5.444646098003629753e+00
2.666666666666666630e-01 1.703703703703703665e-01 4.680187207488299528e+00 5.504587155963302614e+00
2.755905511811023723e-01 2.125984251968504046e-01 4.815409309791331971e+00 5.504587155963302614e+00
2.846715328467153139e-01 2.408759124087591352e-01 4.769475357710652119e+00 5.385996409335727542e+00
2.542372881355932090e-01 1.949152542372881436e-01 5.110732538330494457e+00 5.504587155963302614e+00
1.926605504587156070e-01 1.376146788990825764e-01 4.909983633387888347e+00 5.565862708719851781e+00
2.248062015503876077e-01 2.248062015503876077e-01 4.680187207488299528e+00 5.504587155963302614e+00
3.178294573643410947e-01 2.325581395348837177e-01 5.008347245409015436e+00 5.444646098003629753e+00
2.916666666666666852e-01 2.083333333333333426e-01 5.163511187607572772e+00 5.964214711729622032e+00
2.377049180327868716e-01 2.213114754098360615e-01 5.110732538330494457e+00 5.692599620493358437e+00
2.844036697247706580e-01 2.568807339449541427e-01 5.504587155963302614e+00 6.423982869379014637e+00
1.984126984126984017e-01 1.349206349206349131e-01 4.552352048558422126e+00 5.504587155963302614e+00
3.037037037037036979e-01 2.296296296296296280e-01 4.862236628849270659e+00 5.444646098003629753e+00
2.761904761904762085e-01 2.190476190476190466e-01 5.692599620493358437e+00 5.825242718446602019e+00
3.035714285714285476e-01 2.589285714285714524e-01 5.628517823639774598e+00 6.263048016701461052e+00
1.655172413793103425e-01 1.448275862068965636e-01 4.005340453938584844e+00 5.008347245409015436e+00
2.173913043478260809e-01 1.304347826086956486e-01 4.958677685950413583e+00 5.964214711729622032e+00
2.718446601941747476e-01 2.524271844660194164e-01 5.628517823639774598e+00 6.185567010309278579e+00
3.057851239669421295e-01 2.644628099173553792e-01 5.628517823639774598e+00 6.109979633401222188e+00
2.480620155038759655e-01 2.403100775193798555e-01 4.909983633387888347e+00 5.758157389635316648e+00
2.640000000000000124e-01 2.000000000000000111e-01 5.008347245409015436e+00 5.628517823639774598e+00
2.357723577235772416e-01 1.788617886178861804e-01 4.724409448818897239e+00 5.059021922428330598e+00
2.845528455284552782e-01 1.788617886178861804e-01 5.110732538330494457e+00 5.692599620493358437e+00
2.162162162162162282e-01 1.351351351351351426e-01 5.059021922428330598e+00 5.628517823639774598e+00
2.164179104477611804e-01 1.940298507462686617e-01 4.552352048558422126e+00 5.272407732864675012e+00
3.049645390070921946e-01 2.978723404255319007e-01 4.958677685950413583e+00 5.825242718446602019e+00
2.389380530973451433e-01 1.858407079646017812e-01 5.008347245409015436e+00 5.758157389635316648e+00
2.888888888888888618e-01 2.222222222222222099e-01 4.680187207488299528e+00 5.328596802841918390e+00
3.185185185185185341e-01 2.222222222222222099e-01 5.217391304347826164e+00 6.109979633401222188e+00
2.429906542056074759e-01 1.401869158878504551e-01 5.385996409335727542e+00 5.893909626719056938e+00
2.745098039215686514e-01 2.156862745098039325e-01 5.964214711729622032e+00 6.681514476614699660e+00
3.620689655172413812e-01 2.672413793103448065e-01 6.109979633401222188e+00 6.507592190889370798e+00
2.118644067796610075e-01 1.779661016949152519e-01 4.815409309791331971e+00 5.628517823639774598e+00
2.252252252252252285e-01 2.072072072072072002e-01 5.059021922428330598e+00 5.758157389635316648e+00
3.302752293577981835e-01 2.752293577981651529e-01 5.758157389635316648e+00 6.423982869379014637e+00
2.956521739130434923e-01 2.695652173913043459e-01 5.565862708719851781e+00 6.263048016701461052e+00
2.596153846153846367e-01 2.500000000000000000e-01 5.825242718446602019e+00 6.864988558352402848e+00
2.439024390243902385e-01 2.032520325203251987e-01 5.110732538330494457e+00 5.825242718446602019e+00
2.735042735042735318e-01 2.051282051282051211e-01 5.163511187607572772e+00 6.185567010309278579e+00
2.300884955752212357e-01 1.769911504424778736e-01 5.385996409335727542e+00 6.185567010309278579e+00
2.916666666666666852e-01 1.562500000000000000e-01 6.109979633401222188e+00 6.593406593406593075e+00
2.999999999999999889e-01 2.000000000000000111e-01 6.109979633401222188e+00 6.342494714587737725e+00
2.380952380952380820e-01 1.666666666666666574e-01 4.862236628849270659e+00 5.565862708719851781e+00
2.177419354838709686e-01 1.290322580645161255e-01 4.815409309791331971e+00 5.328596802841918390e+00
2.500000000000000000e-01 2.410714285714285754e-01 5.217391304347826164e+00 5.964214711729622032e+00
2.230215827338129508e-01 1.510791366906474864e-01 4.431314623338256986e+00 4.862236628849270659e+00
3.082191780821917915e-01 2.123287671232876594e-01 4.636785162287480944e+00 4.909983633387888347e+00
2.176870748299319647e-01 1.904761904761904656e-01 4.137931034482758896e+00 5.059021922428330598e+00
2.613636363636363535e-01 2.159090909090909116e-01 6.185567010309278579e+00 6.864988558352402848e+00
2.295081967213114804e-01 1.967213114754098324e-01 5.059021922428330598e+00 5.692599620493358437e+00
2.522522522522522292e-01 1.981981981981981999e-01 5.272407732864675012e+00 5.893909626719056938e+00
2.698412698412698263e-01 2.301587301587301460e-01 5.110732538330494457e+00 5.964214711729622032e+00
2.631578947368420907e-01 2.315789473684210509e-01 6.036217303822937197e+00 6.864988558352402848e+00
2.564102564102563875e-01 2.222222222222222099e-01 5.217391304347826164e+00 5.692599620493358437e+00
2.796610169491525189e-01 2.372881355932203451e-01 5.217391304347826164e+00 6.036217303822937197e+00
2.897196261682242757e-01 2.149532710280373793e-01 5.444646098003629753e+00 6.342494714587737725e+00
2.362204724409448786e-01 2.047244094488188948e-01 4.594180704441041208e+00 5.385996409335727542e+00
2.711864406779661008e-01 1.864406779661016977e-01 5.110732538330494457e+00 5.692599620493358437e+00
3.053435114503816883e-01 2.595419847328244156e-01 5.059021922428330598e+00 5.692599620493358437e+00
1.956521739130434867e-01 1.666666666666666574e-01 4.354136429608127301e+00 4.958677685950413583e+00
2.173913043478260809e-01 1.304347826086956486e-01 4.724409448818897239e+00 5.565862708719851781e+00
3.333333333333333148e-01 2.812500000000000000e-01 6.185567010309278579e+00 6.507592190889370798e+00
2.477876106194690231e-01 2.212389380530973559e-01 5.217391304347826164e+00 6.036217303822937197e+00
2.231404958677686012e-01 9.090909090909091161e-02 4.636785162287480944e+00 5.272407732864675012e+00
2.424242424242424310e-01 1.893939393939393923e-01 4.511278195488721998e+00 5.504587155963302614e+00
2.735042735042735318e-01 2.478632478632478708e-01 5.444646098003629753e+00 6.109979633401222188e+00
2.330097087378640852e-01 1.553398058252427050e-01 5.893909626719056938e+00 6.342494714587737725e+00
2.937062937062936974e-01 2.167832167832167700e-01 4.511278195488721998e+00 5.385996409335727542e+00
1.896551724137930939e-01 1.379310344827586188e-01 4.815409309791331971e+00 5.385996409335727542e+00
1.652173913043478160e-01 1.565217391304347949e-01 4.636785162287480944e+00 5.444646098003629753e+00
3.223140495867768407e-01 2.727272727272727071e-01 5.328596802841918390e+00 6.342494714587737725e+00
2.500000000000000000e-01 1.923076923076923184e-01 5.504587155963302614e+00 6.036217303822937197e+00
2.545454545454545192e-01 1.727272727272727293e-01 5.272407732864675012e+00 5.758157389635316648e+00
3.032786885245901676e-01 2.049180327868852514e-01 5.059021922428330598e+00 5.825242718446602019e+00
3.157894736842105088e-01 2.236842105263157909e-01 4.594180704441041208e+00 4.815409309791331971e+00
3.416666666666666741e-01 2.583333333333333592e-01 5.272407732864675012e+00 6.342494714587737725e+00
1.634615384615384637e-01 1.634615384615384637e-01 5.059021922428330598e+00 5.692599620493358437e+00
2.372881355932203451e-01 2.033898305084745894e-01 4.909983633387888347e+00 5.964214711729622032e+00
2.931034482758620441e-01 1.982758620689655249e-01 5.444646098003629753e+00 6.342494714587737725e+00
1.791044776119402882e-01 1.417910447761193959e-01 4.354136429608127301e+00 5.328596802841918390e+00
2.777777777777777901e-01 2.063492063492063378e-01 5.008347245409015436e+00 5.628517823639774598e+00
3.032786885245901676e-01 2.295081967213114804e-01 5.385996409335727542e+00 5.893909626719056938e+00
2.451612903225806328e-01 2.064516129032258063e-01 4.279600570613409261e+00 4.862236628849270659e+00
2.660550458715596478e-01 2.293577981651376274e-01 5.328596802841918390e+00 5.692599620493358437e+00
1.666666666666666574e-01 1.315789473684210453e-01 4.769475357710652119e+00 5.163511187607572772e+00
2.748091603053435250e-01 1.832061068702290074e-01 4.724409448818897239e+00 5.385996409335727542e+00
2.706766917293232932e-01 2.255639097744360777e-01 4.769475357710652119e+00 5.385996409335727542e+00
2.660550458715596478e-01 2.385321100917431325e-01 5.385996409335727542e+00 6.423982869379014637e+00
3.039999999999999925e-01 2.079999999999999905e-01 5.059021922428330598e+00 5.692599620493358437e+00
3.535353535353535359e-01 3.030303030303030387e-01 6.263048016701461052e+00 6.772009029345372078e+00
2.524271844660194164e-01 1.941747572815533951e-01 5.825242718446602019e+00 6.263048016701461052e+00
2.947368421052631304e-01 1.789473684210526327e-01 6.185567010309278579e+00 6.864988558352402848e+00
2.641509433962264120e-01 1.698113207547169712e-01 5.385996409335727542e+00 5.825242718446602019e+00
2.049180327868852514e-01 1.475409836065573743e-01 4.769475357710652119e+00 5.444646098003629753e+00
2.244897959183673464e-01 1.632653061224489666e-01 5.692599620493358437e+00 6.185567010309278579e+00
2.440944881889763884e-01 2.047244094488188948e-01 4.815409309791331971e+00 5.385996409335727542e+00
2.616822429906541791e-01 1.308411214953270896e-01 5.504587155963302614e+00 5.964214711729622032e+00
2.447552447552447663e-01 2.027972027972027858e-01 4.392386530014641188e+00 5.272407732864675012e+00
2.377049180327868716e-01 1.229508196721311453e-01 4.958677685950413583e+00 5.504587155963302614e+00
2.424242424242424310e-01 2.222222222222222099e-01 5.758157389635316648e+00 6.681514476614699660e+00
2.892561983471074183e-01 2.479338842975206680e-01 5.008347245409015436e+00 5.628517823639774598e+00
2.444444444444444364e-01 1.925925925925925930e-01 4.511278195488721998e+00 4.958677685950413583e+00
2.820512820512820484e-01 2.222222222222222099e-01 5.008347245409015436e+00 5.825242718446602019e+00
3.235294117647058987e-01 2.426470588235294101e-01 5.217391304347826164e+00 5.565862708719851781e+00
2.262773722627737238e-01 1.605839416058394142e-01 4.594180704441041208e+00 5.565862708719851781e+00
3.017241379310344751e-01 3.017241379310344751e-01 5.385996409335727542e+00 6.423982869379014637e+00
2.481203007518796855e-01 1.804511278195488622e-01 4.552352048558422126e+00 5.217391304347826164e+00
2.882882882882882858e-01 2.252252252252252285e-01 5.272407732864675012e+00 6.109979633401222188e+00
2.272727272727272652e-01 1.818181818181818232e-01 4.958677685950413583e+00 5.893909626719056938e+00
2.666666666666666630e-01 2.000000000000000111e-01 4.958677685950413583e+00 5.964214711729622032e+00
2.869565217391304435e-01 1.826086956521739135e-01 5.110732538330494457e+00 5.893909626719056938e+00
2.656250000000000000e-01 1.796875000000000000e-01 5.008347245409015436e+00 5.217391304347826164e+00
3.035714285714285476e-01 2.232142857142857262e-01 5.504587155963302614e+00 5.692599620493358437e+00
1.293103448275862155e-01 8.620689655172414367e-02 4.392386530014641188e+00 5.272407732864675012e+00
2.019230769230769273e-01 1.538461538461538547e-01 5.217391304347826164e+00 6.109979633401222188e+00
2.676056338028168780e-01 2.253521126760563431e-01 4.470938897168405646e+00 5.163511187607572772e+00
3.675213675213675479e-01 3.076923076923077094e-01 6.036217303822937197e+00 6.681514476614699660e+00
2.483221476510067138e-01 2.147651006711409349e-01 4.279600570613409261e+00 5.217391304347826164e+00
2.564102564102563875e-01 1.623931623931623991e-01 5.272407732864675012e+00 5.628517823639774598e+00
2.700729927007299302e-01 2.043795620437956206e-01 4.552352048558422126e+00 5.110732538330494457e+00
2.083333333333333426e-01 1.354166666666666574e-01 5.692599620493358437e+00 6.263048016701461052e+00
2.457627118644067910e-01 2.118644067796610075e-01 5.110732538330494457e+00 5.893909626719056938e+00
3.114754098360655865e-01 2.540983606557377095e-01 5.110732538330494457e+00 5.825242718446602019e+00
2.935779816513761631e-01 2.568807339449541427e-01 5.504587155963302614e+00 6.185567010309278579e+00
3.688524590163934636e-01 3.032786885245901676e-01 5.272407732864675012e+00 6.263048016701461052e+00
2.300000000000000100e-01 2.300000000000000100e-01 5.504587155963302614e+00 6.507592190889370798e+00
3.529411764705882582e-01 2.941176470588235392e-01 5.758157389635316648e+00 5.893909626719056938e+00
2.805755395683453002e-01 1.870503597122302186e-01 4.636785162287480944e+00 5.217391304347826164e+00
3.023255813953488191e-01 2.558139534883721034e-01 6.681514476614699660e+00 7.712082262210796735e+00
2.601626016260162877e-01 1.869918699186991773e-01 5.110732538330494457e+00 5.163511187607572772e+00
2.972972972972973138e-01 1.891891891891891997e-01 5.444646098003629753e+00 5.964214711729622032e+00
2.954545454545454697e-01 2.272727272727272652e-01 4.958677685950413583e+00 5.328596802841918390e+00
2.115384615384615363e-01 2.403846153846153910e-01 5.328596802841918390e+00 6.342494714587737725e+00
3.534482758620689502e-01 2.931034482758620441e-01 5.628517823639774598e+00 6.342494714587737725e+00
2.180451127819548751e-01 1.879699248120300648e-01 4.470938897168405646e+00 5.825242718446602019e+00
2.343750000000000000e-01 2.187500000000000000e-01 4.680187207488299528e+00 5.272407732864675012e+00
2.500000000000000000e-01 1.928571428571428659e-01 4.594180704441041208e+00 5.217391304347826164e+00
2.786885245901639108e-01 1.803278688524590223e-01 4.958677685950413583e+00 5.565862708719851781e+00
2.187500000000000000e-01 2.187500000000000000e-01 5.758157389635316648e+00 6.423982869379014637e+00
3.089430894308943243e-01 2.357723577235772416e-01 5.217391304347826164e+00 5.628517823639774598e+00
2.455089820359281361e-01 1.916167664670658799e-01 4.037685060565276096e+00 4.594180704441041208e+00
2.641509433962264120e-01 1.792452830188679125e-01 5.565862708719851781e+00 6.681514476614699660e+00
3.333333333333333148e-01 2.460317460317460181e-01 5.272407732864675012e+00 5.893909626719056938e+00
2.622950819672131284e-01 1.885245901639344135e-01 5.217391304347826164e+00 5.328596802841918390e+00
2.416666666666666685e-01 2.250000000000000056e-01 5.110732538330494457e+00 5.893909626719056938e+00
2.890625000000000000e-01 1.953125000000000000e-01 4.862236628849270659e+00 5.504587155963302614e+00
2.307692307692307820e-01 1.880341880341880323e-01 5.272407732864675012e+00 5.692599620493358437e+00
2.686567164179104461e-01 1.716417910447761153e-01 4.769475357710652119e+00 5.217391304347826164e+00
2.457627118644067910e-01 2.542372881355932090e-01 5.110732538330494457e+00 6.185567010309278579e+00
2.526315789473684292e-01 1.894736842105263219e-01 5.893909626719056938e+00 6.263048016701461052e+00
2.604166666666666852e-01 1.979166666666666574e-01 5.964214711729622032e+00 6.507592190889370798e+00
2.666666666666666630e-01 2.250000000000000056e-01 5.059021922428330598e+00 5.628517823639774598e+00
1.596638655462184753e-01 1.596638655462184753e-01 4.862236628849270659e+00 5.385996409335727542e+00
2.277227722772277307e-01 1.782178217821782096e-01 5.385996409335727542e+00 6.036217303822937197e+00
2.500000000000000000e-01 2.016129032258064391e-01 5.059021922428330598e+00 5.825242718446602019e+00
2.481203007518796855e-01 1.503759398496240518e-01 4.909983633387888347e+00 5.444646098003629753e+00
2.605042016806722871e-01 1.764705882352941291e-01 4.815409309791331971e+00 5.385996409335727542e+00
2.846715328467153139e-01 2.481751824817518270e-01 4.862236628849270659e+00 5.444646098003629753e+00
2.066115702479338900e-01 1.652892561983471120e-01 4.724409448818897239e+00 5.444646098003629753e+00
2.500000000000000000e-01 2.407407407407407274e-01 5.272407732864675012e+00 6.185567010309278579e+00
2.959999999999999853e-01 2.479999999999999982e-01 5.110732538330494457e+00 5.692599620493358437e+00
2.399999999999999911e-01 2.000000000000000111e-01 4.909983633387888347e+00 5.272407732864675012e+00
2.543859649122807154e-01 2.192982456140350755e-01 5.217391304347826164e+00 5.964214711729622032e+00
2.418300653594771255e-01 1.699346405228758239e-01 4.279600570613409261e+00 4.769475357710652119e+00
2.689075630252100724e-01 2.352941176470588203e-01 5.217391304347826164e+00 5.328596802841918390e+00
2.796610169491525189e-01 1.949152542372881436e-01 5.328596802841918390e+00 5.565862708719851781e+00
1.825396825396825295e-01 1.587301587301587213e-01 4.511278195488721998e+00 5.217391304347826164e+00
2.295081967213114804e-01 1.885245901639344135e-01 4.815409309791331971e+00 6.036217303822937197e+00
2.159999999999999976e-01 1.920000000000000040e-01 4.724409448818897239e+00 5.504587155963302614e+00
2.640000000000000124e-01 1.839999999999999969e-01 5.110732538330494457e+00 5.758157389635316648e+00
2.258064516129032195e-01 1.774193548387096864e-01 4.680187207488299528e+00 5.565862708719851781e+00
2.371134020618556604e-01 1.752577319587628746e-01 5.628517823639774598e+00 6.507592190889370798e+00
2.846715328467153139e-01 2.262773722627737238e-01 4.724409448818897239e+00 5.565862708719851781e+00
2.596153846153846367e-01 2.115384615384615363e-01 5.444646098003629753e+00 6.263048016701461052e+00
1.603053435114503711e-01 1.450381679389312894e-01 4.470938897168405646e+00 5.008347245409015436e+00
2.222222222222222099e-01 1.794871794871794879e-01 4.769475357710652119e+00 5.444646098003629753e+00
3.272727272727272707e-01 2.090909090909090773e-01 5.825242718446602019e+00 6.681514476614699660e+00
2.500000000000000000e-01 1.406250000000000000e-01 4.680187207488299528e+00 5.059021922428330598e+00
3.461538461538461453e-01 2.230769230769230893e-01 5.110732538330494457e+00 5.628517823639774598e+00
2.366412213740458070e-01 1.908396946564885621e-01 4.680187207488299528e+00 5.272407732864675012e+00
2.727272727272727071e-01 2.090909090909090773e-01 5.504587155963302614e+00 6.507592190889370798e+00
2.440944881889763884e-01 1.889763779527559029e-01 4.594180704441041208e+00 5.163511187607572772e+00
1.826086956521739135e-01 1.217391304347826136e-01 4.909983633387888347e+00 5.217391304347826164e+00
2.272727272727272652e-01 2.045454545454545581e-01 4.511278195488721998e+00 5.444646098003629753e+00
2.393162393162393264e-01 2.222222222222222099e-01 5.110732538330494457e+00 5.692599620493358437e+00
3.206106870229007422e-01 2.595419847328244156e-01 4.958677685950413583e+00 5.893909626719056938e+00
2.790697674418604612e-01 2.248062015503876077e-01 5.008347245409015436e+00 5.825242718446602019e+00
2.265625000000000000e-01 1.796875000000000000e-01 4.909983633387888347e+00 5.385996409335727542e+00
2.900763358778625789e-01 2.213740458015267254e-01 4.724409448818897239e+00 6.185567010309278579e+00
2.781954887218044958e-01 2.180451127819548751e-01 4.815409309791331971e+00 5.628517823639774598e+00
1.920000000000000040e-01 1.439999999999999891e-01 4.552352048558422126e+00 5.008347245409015436e+00
2.352941176470588203e-01 1.848739495798319421e-01 5.059021922428330598e+00 5.758157389635316648e+00
2.272727272727272652e-01 1.636363636363636354e-01 5.163511187607572772e+00 5.692599620493358437e+00
2.241379310344827624e-01 1.810344827586206906e-01 5.008347245409015436e+00 5.758157389635316648e+00
2.845528455284552782e-01 2.439024390243902385e-01 5.565862708719851781e+00 5.893909626719056938e+00
3.082706766917293062e-01 2.255639097744360777e-01 5.008347245409015436e+00 5.504587155963302614e+00
3.444444444444444420e-01 2.333333333333333370e-01 6.864988558352402848e+00 7.159904534606205573e+00
2.571428571428571175e-01 2.285714285714285643e-01 4.470938897168405646e+00 5.444646098003629753e+00
2.399999999999999911e-01 1.439999999999999891e-01 4.680187207488299528e+00 5.328596802841918390e+00
2.000000000000000111e-01 1.739130434782608647e-01 4.909983633387888347e+00 5.964214711729622032e+00
2.945205479452054909e-01 1.986301369863013588e-01 4.552352048558422126e+00 4.958677685950413583e+00
2.192982456140350755e-01 1.403508771929824483e-01 5.163511187607572772e+00 5.504587155963302614e+00
2.083333333333333426e-01 1.770833333333333426e-01 5.504587155963302614e+00 6.864988558352402848e+00
2.571428571428571175e-01 2.190476190476190466e-01 5.628517823639774598e+00 6.109979633401222188e+00
3.252032520325203180e-01 2.357723577235772416e-01 4.958677685950413583e+00 5.692599620493358437e+00
2.205882352941176405e-01 1.985294117647058709e-01 4.680187207488299528e+00 5.385996409335727542e+00
2.187500000000000000e-01 2.187500000000000000e-01 4.552352048558422126e+00 5.328596802841918390e+00
2.882882882882882858e-01 1.801801801801801717e-01 5.628517823639774598e+00 5.893909626719056938e+00
1.881188118811881194e-01 1.683168316831683275e-01 5.444646098003629753e+00 6.423982869379014637e+00
2.881355932203389925e-01 2.203389830508474534e-01 5.217391304347826164e+00 5.825242718446602019e+00
2.366412213740458070e-01 1.679389312977099258e-01 4.594180704441041208e+00 5.163511187607572772e+00
2.621359223300970820e-01 2.135922330097087263e-01 5.893909626719056938e+00 6.109979633401222188e+00
2.540983606557377095e-01 1.639344262295081844e-01 5.008347245409015436e+00 5.328596802841918390e+00
2.500000000000000000e-01 2.031250000000000000e-01 4.724409448818897239e+00 5.444646098003629753e+00
2.477876106194690231e-01 2.035398230088495686e-01 5.110732538330494457e+00 5.825242718446602019e+00
2.873563218390804419e-01 1.724137931034482873e-01 6.507592190889370798e+00 7.371007371007371134e+00
2.260869565217391297e-01 1.652173913043478160e-01 5.110732538330494457e+00 5.964214711729622032e+00
3.106796116504854099e-01 2.718446601941747476e-01 6.185567010309278579e+00 6.423982869379014637e+00
3.129770992366412430e-01 2.442748091603053340e-01 5.110732538330494457e+00 5.692599620493358437e+00
2.843137254901960675e-01 1.666666666666666574e-01 5.628517823639774598e+00 6.109979633401222188e+00
2.518518518518518268e-01 1.629629629629629761e-01 4.680187207488299528e+00 5.163511187607572772e+00
2.991452991452991372e-01 2.393162393162393264e-01 5.565862708719851781e+00 5.964214711729622032e+00
2.660550458715596478e-01 1.834862385321101019e-01 5.328596802841918390e+00 6.036217303822937197e+00
2.777777777777777901e-01 2.698412698412698263e-01 5.163511187607572772e+00 5.758157389635316648e+00
2.649572649572649596e-01 1.794871794871794879e-01 5.059021922428330598e+00 5.444646098003629753e+00
2.260869565217391297e-01 2.086956521739130321e-01 5.008347245409015436e+00 5.628517823639774598e+00
2.439024390243902385e-01 1.544715447154471621e-01 4.636785162287480944e+00 4.958677685950413583e+00
3.023255813953488191e-01 2.093023255813953598e-01 4.958677685950413583e+00 5.385996409335727542e+00
2.672413793103448065e-01 1.982758620689655249e-01 5.328596802841918390e+00 6.036217303822937197e+00
1.846153846153846256e-01 1.615384615384615474e-01 4.279600570613409261e+00 5.110732538330494457e+00
2.888888888888888618e-01 2.074074074074074014e-01 4.815409309791331971e+00 5.163511187607572772e+00
2.377049180327868716e-01 1.639344262295081844e-01 4.815409309791331971e+00 5.163511187607572772e+00
3.451327433628318397e-01 2.389380530973451433e-01 5.628517823639774598e+00 6.109979633401222188e+00
2.162162162162162282e-01 1.621621621621621712e-01 4.862236628849270659e+00 6.342494714587737725e+00
3.627450980392156743e-01 2.843137254901960675e-01 6.263048016701461052e+00 7.058823529411764497e+00
3.608247422680412320e-01 3.298969072164948391e-01 6.681514476614699660e+00 6.960556844547563848e+00
2.571428571428571175e-01 1.714285714285714302e-01 4.431314623338256986e+00 4.909983633387888347e+00
2.666666666666666630e-01 1.714285714285714302e-01 5.504587155963302614e+00 6.342494714587737725e+00
3.071428571428571619e-01 2.285714285714285643e-01 4.724409448818897239e+00 5.565862708719851781e+00
2.340425531914893664e-01 1.808510638297872453e-01 5.893909626719056938e+00 6.185567010309278579e+00
2.079999999999999905e-01 1.839999999999999969e-01 4.815409309791331971e+00 5.692599620493358437e+00
2.232142857142857262e-01 1.250000000000000000e-01 5.008347245409015436e+00 5.385996409335727542e+00
2.416666666666666685e-01 2.166666666666666741e-01 5.008347245409015436e+00 5.628517823639774598e+00
2.857142857142856984e-01 2.410714285714285754e-01 5.272407732864675012e+00 5.825242718446602019e+00
3.071428571428571619e-01 1.642857142857142849e-01 4.862236628849270659e+00 5.059021922428330598e+00
2.189781021897810320e-01 1.751824817518248256e-01 4.279600570613409261e+00 5.008347245409015436e+00
2.800000000000000266e-01 2.159999999999999976e-01 4.769475357710652119e+00 5.565862708719851781e+00
2.733333333333333171e-01 1.600000000000000033e-01 4.470938897168405646e+00 4.724409448818897239e+00
3.189655172413793371e-01 2.413793103448275967e-01 5.385996409335727542e+00 5.692599620493358437e+00
2.695652173913043459e-01 2.347826086956521785e-01 5.444646098003629753e+00 5.758157389635316648e+00
2.123893805309734484e-01 1.415929203539822989e-01 5.008347245409015436e+00 6.036217303822937197e+00
2.551020408163265363e-01 2.040816326530612290e-01 5.825242718446602019e+00 6.681514476614699660e+00
1.794871794871794879e-01 1.367521367521367659e-01 4.680187207488299528e+00 5.692599620493358437e+00
1.960784313725490169e-01 1.862745098039215730e-01 5.328596802841918390e+00 6.263048016701461052e+00
2.892561983471074183e-01 2.066115702479338900e-01 5.059021922428330598e+00 5.628517823639774598e+00
2.896551724137931272e-01 1.724137931034482873e-01 4.680187207488299528e+00 4.909983633387888347e+00
2.999999999999999889e-01 1.933333333333333293e-01 4.594180704441041208e+00 4.958677685950413583e+00
1.885245901639344135e-01 1.475409836065573743e-01 4.958677685950413583e+00 5.825242718446602019e+00
2.700000000000000178e-01 2.600000000000000089e-01 5.964214711729622032e+00 7.058823529411764497e+00
3.076923076923077094e-01 2.307692307692307820e-01 5.385996409335727542e+00 5.964214711729622032e+00
2.419354838709677491e-01 1.290322580645161255e-01 4.815409309791331971e+00 5.328596802841918390e+00
3.018867924528301772e-01 3.207547169811320598e-01 6.036217303822937197e+00 6.772009029345372078e+00
2.230215827338129508e-01 2.302158273381295084e-01 4.243281471004243244e+00 5.059021922428330598e+00
1.836734693877551117e-01 1.428571428571428492e-01 5.217391304347826164e+00 6.263048016701461052e+00
2.290076335877862523e-01 1.679389312977099258e-01 4.511278195488721998e+00 5.385996409335727542e+00
2.500000000000000000e-01 1.923076923076923184e-01 5.504587155963302614e+00 6.036217303822937197e+00
2.457627118644067910e-01 1.440677966101694962e-01 5.217391304347826164e+00 5.628517823639774598e+00
2.500000000000000000e-01 2.279411764705882304e-01 4.431314623338256986e+00 5.217391304347826164e+00
3.300000000000000155e-01 2.099999999999999922e-01 6.342494714587737725e+00 6.772009029345372078e+00
2.399999999999999911e-01 1.600000000000000033e-01 4.680187207488299528e+00 5.217391304347826164e+00
2.478632478632478708e-01 1.880341880341880323e-01 5.163511187607572772e+00 5.758157389635316648e+00
2.912621359223300788e-01 2.038834951456310607e-01 5.628517823639774598e+00 6.263048016701461052e+00
3.119999999999999996e-01 2.159999999999999976e-01 5.059021922428330598e+00 6.036217303822937197e+00
2.393162393162393264e-01 1.794871794871794879e-01 5.217391304347826164e+00 5.758157389635316648e+00
2.148148148148148195e-01 1.629629629629629761e-01 4.431314623338256986e+00 4.958677685950413583e+00
2.283464566929133965e-01 1.811023622047244208e-01 4.724409448818897239e+00 5.385996409335727542e+00
2.661290322580645018e-01 1.774193548387096864e-01 5.163511187607572772e+00 5.825242718446602019e+00
2.214285714285714191e-01 1.785714285714285754e-01 4.243281471004243244e+00 5.008347245409015436e+00
2.869565217391304435e-01 2.434782608695652273e-01 5.385996409335727542e+00 5.964214711729622032e+00
2.803738317757009102e-01 2.897196261682242757e-01 5.692599620493358437e+00 6.185567010309278579e+00
2.181818181818181712e-01 1.272727272727272596e-01 5.328596802841918390e+00 5.758157389635316648e+00
3.076923076923077094e-01 2.649572649572649596e-01 5.272407732864675012e+00 5.893909626719056938e+00
3.189655172413793371e-01 2.068965517241379282e-01 5.444646098003629753e+00 5.692599620493358437e+00
3.185840707964601726e-01 2.389380530973451433e-01 5.328596802841918390e+00 5.964214711729622032e+00
2.095238095238095288e-01 2.285714285714285643e-01 5.272407732864675012e+00 5.893909626719056938e+00
3.099999999999999978e-01 2.500000000000000000e-01 6.263048016701461052e+00 6.681514476614699660e+00
2.924528301886792359e-01 2.641509433962264120e-01 5.893909626719056938e+00 6.507592190889370798e+00
3.229166666666666852e-01 1.979166666666666574e-01 6.263048016701461052e+00 6.960556844547563848e+00
2.347826086956521785e-01 1.826086956521739135e-01 5.272407732864675012e+00 6.342494714587737725e+00
2.396694214876033124e-01 1.983471074380165344e-01 4.815409309791331971e+00 5.385996409335727542e+00
2.500000000000000000e-01 1.833333333333333204e-01 4.862236628849270659e+00 5.758157389635316648e+00
2.815533980582524132e-01 1.844660194174757295e-01 5.628517823639774598e+00 6.263048016701461052e+00
2.272727272727272652e-01 1.818181818181818232e-01 5.328596802841918390e+00 5.893909626719056938e+00
2.300000000000000100e-01 2.099999999999999922e-01 5.628517823639774598e+00 6.772009029345372078e+00
2.457627118644067910e-01 2.457627118644067910e-01 5.059021922428330598e+00 5.893909626719056938e+00
2.727272727272727071e-01 1.652892561983471120e-01 4.862236628849270659e+00 5.385996409335727542e+00
2.905982905982906206e-01 2.222222222222222099e-01 5.217391304347826164e+00 5.893909626719056938e+00
2.522522522522522292e-01 1.351351351351351426e-01 5.328596802841918390e+00 5.444646098003629753e+00
2.314049586776859568e-01 1.818181818181818232e-01 5.110732538330494457e+00 5.628517823639774598e+00
2.479338842975206680e-01 1.652892561983471120e-01 5.163511187607572772e+00 5.692599620493358437e+00
1.908396946564885621e-01 1.603053435114503711e-01 4.680187207488299528e+00 5.110732538330494457e+00
2.136752136752136655e-01 2.307692307692307820e-01 5.444646098003629753e+00 5.964214711729622032e+00
3.039999999999999925e-01 2.240000000000000047e-01 5.110732538330494457e+00 5.825242718446602019e+00
3.035714285714285476e-01 2.410714285714285754e-01 5.565862708719851781e+00 6.423982869379014637e+00
2.870370370370370350e-01 2.222222222222222099e-01 5.565862708719851781e+00 6.185567010309278579e+00
1.962616822429906482e-01 1.588785046728971861e-01 5.008347245409015436e+00 5.504587155963302614e+00
2.666666666666666630e-01 1.714285714285714302e-01 5.504587155963302614e+00 5.964214711729622032e+00
2.434782608695652273e-01 1.913043478260869623e-01 5.059021922428330598e+00 5.758157389635316648e+00
3.061224489795918435e-01 2.346938775510204189e-01 5.825242718446602019e+00 6.593406593406593075e+00
3.008130081300813274e-01 2.195121951219512202e-01 5.385996409335727542e+00 6.423982869379014637e+00
3.387096774193548154e-01 2.500000000000000000e-01 5.328596802841918390e+00 6.263048016701461052e+00
2.429906542056074759e-01 1.588785046728971861e-01 5.163511187607572772e+00 5.964214711729622032e+00
2.608695652173912971e-01 2.391304347826087029e-01 6.263048016701461052e+00 7.058823529411764497e+00
2.099999999999999922e-01 1.400000000000000133e-01 5.444646098003629753e+00 5.758157389635316648e+00
2.255639097744360777e-01 1.804511278195488622e-01 4.769475357710652119e+00 5.110732538330494457e+00
2.882882882882882858e-01 1.891891891891891997e-01 5.628517823639774598e+00 5.692599620493358437e+00
2.231404958677686012e-01 1.570247933884297564e-01 4.724409448818897239e+00 5.565862708719851781e+00
2.708333333333333148e-01 2.083333333333333426e-01 5.964214711729622032e+00 6.593406593406593075e+00
3.069306930693069257e-01 2.673267326732673421e-01 5.964214711729622032e+00 6.507592190889370798e+00
2.935779816513761631e-01 1.559633027522935866e-01 5.385996409335727542e+00 6.263048016701461052e+00
2.991452991452991372e-01 2.051282051282051211e-01 5.217391304347826164e+00 5.964214711729622032e+00
1.788617886178861804e-01 1.544715447154471621e-01 4.724409448818897239e+00 5.444646098003629753e+00
3.189655172413793371e-01 3.103448275862069061e-01 5.692599620493358437e+00 5.964214711729622032e+00
2.454545454545454530e-01 1.727272727272727293e-01 5.385996409335727542e+00 5.893909626719056938e+00
3.119266055045871733e-01 2.568807339449541427e-01 5.758157389635316648e+00 6.109979633401222188e+00
2.814814814814814992e-01 1.925925925925925930e-01 4.769475357710652119e+00 5.692599620493358437e+00
2.293577981651376274e-01 1.467889908256880815e-01 5.385996409335727542e+00 5.964214711729622032e+00
3.061224489795918435e-01 2.312925170068027281e-01 4.680187207488299528e+00 5.110732538330494457e+00
3.703703703703703498e-01 2.685185185185185452e-01 5.825242718446602019e+00 6.423982869379014637e+00
2.222222222222222099e-01 1.759259259259259300e-01 5.328596802841918390e+00 5.964214711729622032e+00
3.451327433628318397e-01 2.035398230088495686e-01 5.692599620493358437e+00 5.893909626719056938e+00
2.561983471074379959e-01 1.818181818181818232e-01 5.163511187607572772e+00 5.964214711729622032e+00
3.658536585365853577e-01 3.252032520325203180e-01 5.565862708719851781e+00 6.036217303822937197e+00
2.656250000000000000e-01 2.187500000000000000e-01 4.680187207488299528e+00 5.893909626719056938e+00
1.982758620689655249e-01 1.551724137931034531e-01 4.862236628849270659e+00 5.758157389635316648e+00
2.834645669291338543e-01 2.047244094488188948e-01 5.059021922428330598e+00 5.692599620493358437e+00
2.477876106194690231e-01 1.681415929203539938e-01 5.059021922428330598e+00 5.758157389635316648e+00
2.755905511811023723e-01 2.047244094488188948e-01 5.059021922428330598e+00 5.444646098003629753e+00
2.440944881889763884e-01 2.519685039370078705e-01 4.909983633387888347e+00 5.565862708719851781e+00
2.945736434108527368e-01 2.403100775193798555e-01 5.008347245409015436e+00 5.825242718446602019e+00
2.366412213740458070e-01 1.679389312977099258e-01 4.511278195488721998e+00 5.163511187607572772e+00
2.577319587628865705e-01 2.061855670103092675e-01 5.825242718446602019e+00 6.681514476614699660e+00
2.500000000000000000e-01 1.810344827586206906e-01 5.008347245409015436e+00 5.272407732864675012e+00
3.177570093457943723e-01 2.429906542056074759e-01 5.692599620493358437e+00 6.036217303822937197e+00
2.702702702702702853e-01 2.072072072072072002e-01 5.504587155963302614e+00 6.185567010309278579e+00
1.720430107526881858e-01 1.720430107526881858e-01 5.825242718446602019e+00 6.263048016701461052e+00
2.410714285714285754e-01 2.142857142857142738e-01 5.110732538330494457e+00 6.507592190889370798e+00
2.000000000000000111e-01 1.619047619047619124e-01 5.385996409335727542e+00 5.825242718446602019e+00
2.407407407407407274e-01 1.944444444444444475e-01 5.385996409335727542e+00 5.825242718446602019e+00
1.694915254237288060e-01 9.322033898305084887e-02 4.680187207488299528e+00 4.862236628849270659e+00
2.545454545454545192e-01 2.272727272727272652e-01 5.163511187607572772e+00 5.964214711729622032e+00
1.721311475409836034e-01 1.229508196721311453e-01 4.431314623338256986e+00 4.769475357710652119e+00
3.162393162393162260e-01 2.393162393162393264e-01 5.444646098003629753e+00 6.593406593406593075e+00
3.877551020408163129e-01 3.265306122448979331e-01 6.864988558352402848e+00 7.594936708860759111e+00
2.704918032786885473e-01 1.803278688524590223e-01 5.008347245409015436e+00 5.565862708719851781e+00
3.214285714285714524e-01 3.095238095238095344e-01 6.864988558352402848e+00 6.960556844547563848e+00
3.241379310344827402e-01 2.413793103448275967e-01 4.511278195488721998e+00 5.385996409335727542e+00
2.086956521739130321e-01 1.913043478260869623e-01 5.008347245409015436e+00 5.628517823639774598e+00
2.272727272727272652e-01 1.818181818181818232e-01 5.217391304347826164e+00 6.342494714587737725e+00
2.262773722627737238e-01 1.678832116788321061e-01 4.243281471004243244e+00 4.958677685950413583e+00
3.082706766917293062e-01 1.804511278195488622e-01 4.769475357710652119e+00 5.217391304347826164e+00
2.291666666666666574e-01 1.458333333333333426e-01 5.893909626719056938e+00 6.342494714587737725e+00
2.999999999999999889e-01 2.200000000000000011e-01 6.185567010309278579e+00 6.593406593406593075e+00
3.448275862068965747e-01 2.586206896551724310e-01 5.628517823639774598e+00 6.507592190889370798e+00
2.568807339449541427e-01 2.385321100917431325e-01 5.565862708719851781e+00 6.036217303822937197e+00
3.008130081300813274e-01 2.601626016260162877e-01 5.217391304347826164e+00 5.825242718446602019e+00
2.589928057553956831e-01 1.870503597122302186e-01 4.680187207488299528e+00 5.385996409335727542e+00
2.205882352941176405e-01 1.470588235294117696e-01 4.279600570613409261e+00 5.272407732864675012e+00
3.140495867768595128e-01 2.561983471074379959e-01 5.217391304347826164e+00 5.964214711729622032e+00
1.986301369863013588e-01 1.643835616438356073e-01 4.103967168262653509e+00 5.008347245409015436e+00
2.403846153846153910e-01 2.115384615384615363e-01 5.628517823639774598e+00 6.109979633401222188e+00
3.235294117647058987e-01 2.549019607843137081e-01 6.185567010309278579e+00 6.960556844547563848e+00
3.111111111111111160e-01 2.074074074074074014e-01 4.862236628849270659e+00 5.272407732864675012e+00
2.649572649572649596e-01 2.649572649572649596e-01 5.444646098003629753e+00 6.263048016701461052e+00
3.548387096774193727e-01 2.338709677419354704e-01 5.504587155963302614e+00 6.593406593406593075e+00
2.280701754385964786e-01 1.403508771929824483e-01 4.909983633387888347e+00 5.628517823639774598e+00
2.647058823529411797e-01 1.691176470588235392e-01 4.815409309791331971e+00 4.769475357710652119e+00
2.481751824817518270e-01 1.970802919708029288e-01 4.431314623338256986e+00 5.217391304347826164e+00
2.479338842975206680e-01 1.900826446280991788e-01 5.059021922428330598e+00 5.825242718446602019e+00
3.200000000000000067e-01 2.479999999999999982e-01 5.385996409335727542e+00 5.893909626719056938e+00
2.320000000000000118e-01 1.759999999999999898e-01 4.636785162287480944e+00 5.825242718446602019e+00
2.016129032258064391e-01 1.854838709677419373e-01 4.724409448818897239e+00 5.328596802841918390e+00
3.047619047619047894e-01 2.666666666666666630e-01 5.964214711729622032e+00 6.263048016701461052e+00
2.678571428571428492e-01 2.053571428571428492e-01 5.272407732864675012e+00 6.342494714587737725e+00
2.477064220183486376e-01 2.110091743119266172e-01 5.163511187607572772e+00 5.565862708719851781e+00
2.403846153846153910e-01 1.923076923076923184e-01 5.444646098003629753e+00 6.036217303822937197e+00
3.220338983050847204e-01 2.542372881355932090e-01 5.444646098003629753e+00 5.964214711729622032e+00
2.280701754385964786e-01 1.666666666666666574e-01 5.008347245409015436e+00 5.504587155963302614e+00
2.539682539682539542e-01 1.666666666666666574e-01 4.724409448818897239e+00 5.444646098003629753e+00
3.235294117647058987e-01 2.647058823529411797e-01 5.964214711729622032e+00 6.423982869379014637e+00
2.462686567164178997e-01 1.865671641791044888e-01 4.680187207488299528e+00 5.385996409335727542e+00
1.775700934579439172e-01 1.869158878504672827e-01 4.958677685950413583e+00 6.185567010309278579e+00
2.741935483870967527e-01 1.854838709677419373e-01 4.958677685950413583e+00 5.163511187607572772e+00
2.881355932203389925e-01 1.949152542372881436e-01 5.272407732864675012e+00 5.825242718446602019e+00
2.285714285714285643e-01 1.523809523809523947e-01 5.444646098003629753e+00 5.964214711729622032e+00
3.257575757575757458e-01 2.575757575757575690e-01 5.217391304347826164e+00 5.692599620493358437e+00
2.338709677419354704e-01 1.854838709677419373e-01 4.909983633387888347e+00 5.328596802841918390e+00
2.519083969465648609e-01 2.213740458015267254e-01 4.862236628849270659e+00 5.692599620493358437e+00
2.461538461538461675e-01 2.307692307692307820e-01 4.862236628849270659e+00 5.163511187607572772e+00
2.333333333333333370e-01 2.000000000000000111e-01 5.059021922428330598e+00 5.825242718446602019e+00
2.561983471074379959e-01 2.066115702479338900e-01 4.958677685950413583e+00 5.628517823639774598e+00
1.818181818181818232e-01 1.287878787878787845e-01 4.354136429608127301e+00 4.958677685950413583e+00
2.017543859649122695e-01 1.842105263157894635e-01 5.110732538330494457e+00 6.185567010309278579e+00
3.115942028985507206e-01 2.753623188405797118e-01 5.163511187607572772e+00 5.328596802841918390e+00
2.033898305084745894e-01 1.779661016949152519e-01 5.008347245409015436e+00 5.628517823639774598e+00
2.410714285714285754e-01 2.053571428571428492e-01 4.909983633387888347e+00 6.036217303822937197e+00
3.534482758620689502e-01 2.413793103448275967e-01 5.692599620493358437e+00 6.185567010309278579e+00
3.025210084033613245e-01 2.268907563025210072e-01 5.272407732864675012e+00 5.758157389635316648e+00
1.908396946564885621e-01 1.603053435114503711e-01 4.511278195488721998e+00 5.059021922428330598e+00
2.338709677419354704e-01 1.854838709677419373e-01 5.059021922428330598e+00 6.036217303822937197e+00
2.086956521739130321e-01 2.173913043478260809e-01 5.272407732864675012e+00 5.825242718446602019e+00
2.991452991452991372e-01 2.222222222222222099e-01 5.110732538330494457e+00 5.628517823639774598e+00
3.428571428571428603e-01 2.928571428571428714e-01 4.769475357710652119e+00 5.628517823639774598e+00
3.577981651376146988e-01 2.752293577981651529e-01 5.893909626719056938e+00 6.507592190889370798e+00
2.710280373831775447e-01 2.523364485981308136e-01 5.565862708719851781e+00 6.109979633401222188e+00
2.543859649122807154e-01 2.105263157894736725e-01 5.217391304347826164e+00 5.628517823639774598e+00
2.792207792207792028e-01 1.753246753246753276e-01 4.137931034482758896e+00 4.724409448818897239e+00
2.462686567164178997e-01 1.865671641791044888e-01 4.594180704441041208e+00 5.628517823639774598e+00
2.689075630252100724e-01 2.268907563025210072e-01 5.272407732864675012e+00 5.758157389635316648e+00
2.602739726027397116e-01 2.054794520547945091e-01 4.511278195488721998e+00 5.110732538330494457e+00
2.568807339449541427e-01 2.293577981651376274e-01 5.385996409335727542e+00 6.185567010309278579e+00
2.129629629629629650e-01 1.388888888888888951e-01 5.163511187607572772e+00 6.036217303822937197e+00
2.000000000000000111e-01 2.086956521739130321e-01 5.008347245409015436e+00 5.628517823639774598e+00
3.365384615384615641e-01 2.692307692307692180e-01 5.825242718446602019e+00 6.423982869379014637e+00
2.682926829268292845e-01 2.276422764227642170e-01 4.958677685950413583e+00 5.385996409335727542e+00
3.599999999999999867e-01 3.039999999999999925e-01 5.504587155963302614e+00 6.036217303822937197e+00
3.407407407407407329e-01 2.148148148148148195e-01 5.163511187607572772e+00 5.328596802841918390e+00
2.123893805309734484e-01 1.681415929203539938e-01 5.059021922428330598e+00 5.692599620493358437e+00
3.070175438596491335e-01 2.368421052631578816e-01 5.565862708719851781e+00 5.893909626719056938e+00
2.500000000000000000e-01 1.718750000000000000e-01 4.815409309791331971e+00 5.628517823639774598e+00
1.400000000000000133e-01 5.999999999999999778e-02 4.909983633387888347e+00 5.385996409335727542e+00
2.782608695652173947e-01 2.434782608695652273e-01 5.328596802841918390e+00 6.423982869379014637e+00
2.434782608695652273e-01 1.913043478260869623e-01 4.909983633387888347e+00 5.628517823639774598e+00
2.946428571428571508e-01 2.321428571428571508e-01 5.385996409335727542e+00 6.185567010309278579e+00
2.109375000000000000e-01 1.484375000000000000e-01 4.636785162287480944e+00 4.958677685950413583e+00
2.314049586776859568e-01 2.148760330578512456e-01 5.272407732864675012e+00 5.692599620493358437e+00
3.230769230769230949e-01 2.461538461538461675e-01 5.008347245409015436e+00 5.964214711729622032e+00
2.357142857142857095e-01 1.785714285714285754e-01 4.552352048558422126e+00 5.328596802841918390e+00
