4.461538461538461231e-02 6.153846153846153841e-03 1.867995018679950103e+00 3.444316877152698186e+00
5.984251968503936925e-02 3.149606299212598381e-03 1.885606536769327546e+00 3.504672897196261516e+00
3.918228279386712365e-02 3.407155025553662737e-03 1.932989690721649501e+00 3.726708074534161419e+00
6.611570247933884481e-02 4.958677685950413534e-03 1.959503592423252671e+00 3.480278422273781924e+00
7.468123861566484945e-02 1.092896174863387977e-02 2.117148906139731945e+00 3.901170351105331502e+00
5.172413793103448204e-02 3.134796238244513984e-03 1.823708206686930122e+00 3.468208092485549177e+00
4.761904761904761640e-02 3.174603174603174600e-03 1.892744479495268140e+00 3.397508493771234317e+00
6.491228070175437959e-02 1.754385964912280734e-03 2.056202878684030289e+00 3.712871287128713060e+00
4.251700680272108707e-02 3.401360544217686948e-03 2.047781569965870130e+00 3.658536585365853799e+00
6.719999999999999585e-02 0.000000000000000000e+00 1.932989690721649501e+00 3.567181926278240045e+00
5.279034690799396662e-02 9.049773755656109406e-03 1.857585139318885359e+00 3.516998827667057625e+00
7.987220447284344715e-02 6.389776357827475772e-03 1.936733376371852833e+00 3.605769230769230838e+00
5.714285714285714107e-02 6.349206349206349201e-03 1.925545571245186105e+00 3.444316877152698186e+00
6.306306306306305731e-02 5.405405405405405705e-03 2.073255010366275020e+00 3.768844221105527748e+00
6.697819314641743904e-02 0.000000000000000000e+00 1.914486279514996836e+00 3.554502369668246509e+00
5.719557195571955965e-02 9.225092250922509174e-03 2.060439560439560225e+00 3.783102143757881564e+00
6.336939721792890501e-02 7.727975270479134524e-03 1.882057716436637440e+00 3.432494279176201424e+00
4.833333333333333232e-02 5.000000000000000104e-03 1.986754966887417151e+00 3.605769230769230838e+00
5.882352941176470507e-02 0.000000000000000000e+00 2.051983584131326754e+00 3.754693366708385494e+00
6.375227686703097141e-02 1.821493624772313295e-03 2.039428959891230519e+00 3.797468354430379556e+00
6.796116504854368690e-02 1.359223300970873773e-02 2.167630057803468180e+00 3.870967741935483986e+00
6.357388316151202368e-02 1.718213058419243953e-03 2.006688963210702337e+00 3.726708074534161419e+00
8.285163776493256749e-02 5.780346820809248269e-03 2.260738507912584794e+00 4.043126684636118462e+00
7.431340872374797568e-02 1.615508885298869244e-03 1.944264419961114765e+00 3.516998827667057625e+00
5.882352941176470507e-02 1.782531194295900075e-03 2.022926500337154376e+00 3.740648379052369243e+00
6.013745704467354097e-02 5.154639175257731860e-03 2.002670226969292422e+00 3.554502369668246509e+00
5.063291139240506250e-02 1.582278481012658203e-03 1.875000000000000000e+00 3.592814371257484929e+00
6.913996627318717836e-02 3.372681281618886834e-03 1.967213114754098324e+00 3.699136868064118566e+00
5.331412103746397541e-02 4.322766570605187687e-03 1.794258373205741552e+00 3.409090909090909172e+00
7.678571428571429047e-02 5.357142857142857192e-03 2.086230876216967900e+00 3.645200486026731301e+00
5.283757338551858806e-02 3.913894324853228746e-03 2.099370188943316951e+00 3.841229193341869408e+00
6.510851419031719878e-02 8.347245409015024639e-03 2.002670226969292422e+00 3.579952267303102786e+00
7.899461400359066021e-02 3.590664272890484870e-03 2.103786816269284543e+00 3.783102143757881564e+00
4.817275747508305977e-02 8.305647840531562090e-03 1.932989690721649501e+00 3.658536585365853799e+00
7.168458781362006815e-02 1.792114695340501791e-03 2.112676056338028019e+00 3.841229193341869408e+00
2.790697674418604612e-02 6.201550387596899139e-03 1.854140914709518029e+00 3.432494279176201424e+00
5.239520958083832003e-02 7.485029940119760500e-03 1.857585139318885359e+00 3.397508493771234317e+00
6.161971830985915610e-02 1.232394366197183018e-02 2.002670226969292422e+00 3.699136868064118566e+00
7.076350093109869122e-02 7.448789571694599577e-03 2.094972067039106101e+00 3.841229193341869408e+00
6.554621848739496104e-02 1.680672268907563126e-03 1.967213114754098324e+00 3.768844221105527748e+00
6.690777576853526587e-02 3.616636528028932974e-03 2.112676056338028019e+00 3.797468354430379556e+00
5.396290050590218934e-02 6.745362563237773668e-03 1.994680851063829863e+00 3.645200486026731301e+00
6.272401433691755790e-02 8.960573476702508519e-03 2.018842530282638048e+00 3.783102143757881564e+00
5.305466237942121910e-02 1.607717041800643069e-03 1.925545571245186105e+00 3.554502369668246509e+00
7.079646017699114946e-02 5.309734513274336209e-03 2.051983584131326754e+00 3.671970624235006309e+00
6.430868167202571928e-02 8.038585209003214910e-03 1.986754966887417151e+00 3.605769230769230838e+00
5.631659056316590251e-02 1.522070015220700068e-03 1.837109614206980934e+00 3.420752565564423975e+00
5.851979345955249379e-02 8.605851979345954458e-03 2.014775016789791984e+00 3.658536585365853799e+00
4.974271012006861031e-02 1.715265866209262410e-03 1.959503592423252671e+00 3.645200486026731301e+00
3.317535545023696936e-02 6.319115323854660252e-03 1.857585139318885359e+00 3.397508493771234317e+00
5.691056910569105426e-02 6.504065040650406498e-03 1.921844971172325334e+00 3.444316877152698186e+00
7.119205298013245309e-02 1.655629139072847681e-03 2.010723860589812340e+00 3.432494279176201424e+00
6.533575317604355115e-02 0.000000000000000000e+00 2.099370188943316951e+00 3.671970624235006309e+00
6.260296540362438045e-02 6.589785831960461374e-03 1.955671447196871027e+00 3.567181926278240045e+00
5.061349693251533666e-02 0.000000000000000000e+00 1.864512119328775697e+00 3.374578177727784123e+00
4.920913884007029754e-02 3.514938488576449700e-03 2.031144211238998132e+00 3.726708074534161419e+00
7.131011608623548381e-02 1.658374792703150953e-03 1.986754966887417151e+00 3.592814371257484929e+00
6.156716417910447492e-02 1.865671641791044741e-03 2.126151665485471298e+00 3.856041131105398367e+00
6.060606060606060774e-02 8.417508417508417357e-03 1.963350785340314042e+00 3.740648379052369243e+00
4.740061162079510504e-02 1.529051987767584110e-03 1.810500905250452597e+00 3.468208092485549177e+00
6.949152542372881436e-02 3.389830508474576173e-03 2.002670226969292422e+00 3.592814371257484929e+00
7.719298245614035492e-02 3.508771929824561469e-03 2.051983584131326754e+00 3.740648379052369243e+00
6.946983546617915839e-02 0.000000000000000000e+00 2.056202878684030289e+00 3.671970624235006309e+00
5.586592178770949380e-02 6.983240223463686724e-03 1.784651992861391978e+00 3.201707577374599989e+00
6.228373702422144997e-02 0.000000000000000000e+00 2.014775016789791984e+00 3.754693366708385494e+00
5.689655172413793371e-02 5.172413793103448204e-03 1.932989690721649501e+00 3.618817852834740556e+00
6.363636363636362980e-02 7.272727272727272721e-03 2.014775016789791984e+00 3.841229193341869408e+00
3.889789303079416866e-02 3.241491085899513621e-03 1.899936668777707505e+00 3.671970624235006309e+00
4.306220095693780170e-02 7.974481658692184408e-03 1.882057716436637440e+00 3.579952267303102786e+00
5.660377358490566169e-02 0.000000000000000000e+00 1.882057716436637440e+00 3.541912632821723861e+00
3.535353535353535220e-02 5.050505050505050934e-03 1.932989690721649501e+00 3.685503685503685567e+00
5.820105820105819783e-02 3.527336860670193808e-03 2.047781569965870130e+00 3.712871287128713060e+00
4.071661237785016013e-02 8.143322475570032720e-03 1.892744479495268140e+00 3.567181926278240045e+00
6.153846153846154188e-02 1.384615384615384658e-02 1.892744479495268140e+00 3.444316877152698186e+00
6.800618238021638451e-02 1.545595054095826862e-03 1.857585139318885359e+00 3.397508493771234317e+00
4.881889763779527491e-02 7.874015748031495954e-03 1.854140914709518029e+00 3.374578177727784123e+00
5.851979345955249379e-02 3.442340791738382217e-03 2.018842530282638048e+00 3.797468354430379556e+00
6.346483704974270612e-02 3.430531732418524819e-03 1.963350785340314042e+00 3.712871287128713060e+00
6.028368794326240815e-02 5.319148936170212637e-03 2.064693737095664172e+00 3.740648379052369243e+00
4.906937394247038592e-02 5.076142131979695035e-03 1.982815598149372027e+00 3.685503685503685567e+00
6.418918918918918581e-02 5.067567567567567849e-03 2.010723860589812340e+00 3.671970624235006309e+00
5.616224648985959633e-02 1.560062402496099898e-03 1.882057716436637440e+00 3.420752565564423975e+00
6.890756302521008902e-02 0.000000000000000000e+00 1.940491591203104882e+00 3.712871287128713060e+00
7.312925170068027003e-02 5.102040816326530205e-03 1.974983541803818410e+00 3.480278422273781924e+00
4.794520547945205213e-02 1.027397260273972546e-02 1.978891820580474858e+00 3.618817852834740556e+00
7.204116638078902901e-02 1.029159519725557533e-02 2.035278154681139817e+00 3.726708074534161419e+00
7.291666666666667129e-02 0.000000000000000000e+00 2.271006813020439274e+00 4.178272980501392730e+00
4.433497536945812945e-02 1.642036124794745431e-03 1.925545571245186105e+00 3.504672897196261516e+00
5.954465849387040322e-02 5.253940455341506166e-03 2.060439560439560225e+00 3.712871287128713060e+00
7.153729071537290318e-02 9.132420091324200406e-03 1.910828025477707026e+00 3.516998827667057625e+00
6.280991735537190535e-02 3.305785123966942067e-03 1.955671447196871027e+00 3.658536585365853799e+00
6.144393241167434710e-02 4.608294930875576033e-03 1.864512119328775697e+00 3.363228699551569445e+00
4.575163398692810163e-02 3.267973856209150426e-03 1.892744479495268140e+00 3.658536585365853799e+00
7.165605095541401071e-02 0.000000000000000000e+00 1.940491591203104882e+00 3.516998827667057625e+00
5.923344947735191546e-02 6.968641114982578391e-03 2.018842530282638048e+00 3.685503685503685567e+00
5.956112852664576657e-02 7.836990595611284527e-03 1.899936668777707505e+00 3.420752565564423975e+00
5.244122965641952877e-02 7.233273056057865948e-03 2.027027027027027195e+00 3.797468354430379556e+00
5.759162303664921295e-02 5.235602094240838014e-03 2.022926500337154376e+00 3.671970624235006309e+00
5.111821086261980618e-02 4.792332268370606829e-03 1.861042183622828805e+00 3.386004514672686039e+00
6.864564007421150582e-02 7.421150278293135553e-03 2.148997134670487252e+00 3.841229193341869408e+00
5.369127516778523374e-02 3.355704697986577108e-03 2.018842530282638048e+00 3.554502369668246509e+00
6.589785831960461027e-02 1.647446457990115343e-03 2.014775016789791984e+00 3.699136868064118566e+00
6.509945750452079960e-02 1.808318264014466487e-03 2.108222066057624744e+00 3.658536585365853799e+00
5.555555555555555247e-02 8.960573476702508519e-03 2.060439560439560225e+00 3.645200486026731301e+00
5.427631578947368640e-02 0.000000000000000000e+00 1.918158567774935985e+00 3.567181926278240045e+00
5.829596412556053986e-02 1.494768310911808720e-03 1.875000000000000000e+00 3.340757238307349830e+00
5.451448040885860380e-02 8.517887563884156410e-03 1.967213114754098324e+00 3.685503685503685567e+00
5.427631578947368640e-02 4.934210526315789200e-03 1.963350785340314042e+00 3.567181926278240045e+00
5.518394648829431232e-02 1.672240802675585255e-03 2.010723860589812340e+00 3.592814371257484929e+00
7.248764415156506991e-02 4.942339373970345597e-03 1.986754966887417151e+00 3.631961259079903304e+00
4.672897196261682068e-02 4.672897196261681894e-03 1.918158567774935985e+00 3.420752565564423975e+00
5.533596837944664004e-02 0.000000000000000000e+00 2.215657311669128493e+00 3.947368421052631415e+00
6.260032102728732561e-02 4.815409309791332006e-03 1.892744479495268140e+00 3.516998827667057625e+00
5.222734254992319330e-02 1.536098310291858678e-03 1.840490797546012303e+00 3.444316877152698186e+00
4.588607594936709028e-02 4.746835443037974826e-03 1.903553299492385831e+00 3.432494279176201424e+00
7.028112449799196748e-02 4.016064257028112081e-03 2.240477968633308503e+00 3.978779840848806426e+00
7.442748091603053340e-02 3.816793893129770843e-03 2.158273381294963933e+00 3.994673768308921513e+00
5.100463678516228838e-02 1.545595054095826862e-03 1.847290640394088745e+00 3.397508493771234317e+00
5.348460291734197930e-02 4.862236628849271082e-03 1.899936668777707505e+00 3.567181926278240045e+00
4.590163934426229331e-02 8.196721311475410263e-03 1.921844971172325334e+00 3.592814371257484929e+00
6.335616438356164726e-02 1.027397260273972546e-02 1.990710019907100170e+00 3.579952267303102786e+00
6.434782608695652217e-02 3.478260869565217520e-03 2.010723860589812340e+00 3.726708074534161419e+00
5.279503105590062362e-02 0.000000000000000000e+00 1.850709438618136859e+00 3.541912632821723861e+00
5.438066465256797405e-02 4.531722054380665082e-03 1.827040194884287372e+00 3.386004514672686039e+00
4.738562091503267792e-02 3.267973856209150426e-03 1.910828025477707026e+00 3.618817852834740556e+00
5.987055016181229428e-02 0.000000000000000000e+00 1.918158567774935985e+00 3.492433061699650843e+00
3.953871499176276477e-02 9.884678747940691193e-03 1.925545571245186105e+00 3.480278422273781924e+00
5.163511187607573022e-02 8.605851979345954458e-03 1.990710019907100170e+00 3.699136868064118566e+00
6.271777003484320379e-02 3.484320557491289196e-03 2.108222066057624744e+00 3.592814371257484929e+00
7.342657342657342434e-02 1.748251748251748250e-03 2.060439560439560225e+00 3.740648379052369243e+00
7.120253164556962500e-02 3.164556962025316406e-03 1.875000000000000000e+00 3.541912632821723861e+00
4.703832752613240631e-02 1.742160278745644598e-03 2.018842530282638048e+00 3.579952267303102786e+00
6.872852233676976508e-02 3.436426116838487907e-03 1.951854261548471081e+00 3.783102143757881564e+00
5.316091954022988258e-02 4.310344827586206837e-03 1.772002362669816922e+00 3.363228699551569445e+00
7.283464566929133410e-02 9.842519685039369942e-03 2.162941600576784307e+00 4.043126684636118462e+00
6.709265175718849561e-02 1.597444089456868943e-03 1.944264419961114765e+00 3.480278422273781924e+00
6.165413533834586401e-02 9.022556390977444149e-03 1.857585139318885359e+00 3.444316877152698186e+00
5.993150684931506517e-02 1.712328767123287576e-03 1.967213114754098324e+00 3.699136868064118566e+00
7.082630691399663392e-02 3.372681281618886834e-03 2.006688963210702337e+00 3.699136868064118566e+00
7.204116638078902901e-02 1.715265866209262410e-03 2.006688963210702337e+00 3.658536585365853799e+00
5.521472392638036852e-02 0.000000000000000000e+00 1.857585139318885359e+00 3.409090909090909172e+00
3.749999999999999861e-02 9.374999999999999653e-03 1.803968731208658971e+00 3.480278422273781924e+00
5.379746835443038194e-02 6.329113924050632813e-03 1.885606536769327546e+00 3.567181926278240045e+00
5.727554179566563680e-02 4.643962848297213467e-03 1.914486279514996836e+00 3.516998827667057625e+00
4.753820033955857144e-02 3.395585738539898084e-03 1.951854261548471081e+00 3.605769230769230838e+00
5.208333333333333565e-02 1.736111111111111015e-03 2.031144211238998132e+00 3.783102143757881564e+00
6.830122591943957322e-02 5.253940455341506166e-03 2.043596730245231807e+00 3.768844221105527748e+00
4.515050167224080035e-02 3.344481605351170509e-03 1.967213114754098324e+00 3.605769230769230838e+00
4.120443740095087320e-02 7.923930269413629462e-03 1.882057716436637440e+00 3.468208092485549177e+00
6.148282097649186012e-02 1.446654611211573190e-02 2.090592334494773663e+00 3.826530612244897878e+00
4.419889502762430755e-02 7.366482504604051837e-03 2.090592334494773663e+00 4.010695187165775444e+00
5.354058721934369658e-02 1.727115716753022372e-03 1.994680851063829863e+00 3.605769230769230838e+00
6.060606060606060774e-02 1.683501683501683428e-03 1.963350785340314042e+00 3.658536585365853799e+00
7.097791798107255801e-02 1.577287066246056734e-03 1.932989690721649501e+00 3.468208092485549177e+00
4.545454545454545581e-02 3.952569169960474041e-03 2.158273381294963933e+00 4.059539918809202064e+00
4.194630872483221667e-02 3.355704697986577108e-03 1.990710019907100170e+00 3.685503685503685567e+00
7.781456953642383600e-02 4.966887417218543259e-03 1.982815598149372027e+00 3.579952267303102786e+00
8.474576271186440302e-02 1.883239171374764516e-03 2.191380569758948127e+00 3.931847968545216343e+00
5.660377358490566169e-02 4.716981132075471518e-03 1.889168765743073131e+00 3.504672897196261516e+00
6.334841628959275717e-02 9.049773755656109406e-03 1.843884449907805756e+00 3.444316877152698186e+00
6.271777003484320379e-02 5.226480836236934227e-03 1.998667554963357684e+00 3.768844221105527748e+00
6.666666666666666574e-02 9.756097560975609748e-03 1.936733376371852833e+00 3.712871287128713060e+00
6.725663716814159199e-02 5.309734513274336209e-03 1.948051948051948035e+00 3.797468354430379556e+00
8.900523560209423757e-02 8.726003490401396112e-03 2.060439560439560225e+00 3.797468354430379556e+00
8.210180623973727110e-02 1.642036124794745431e-03 2.002670226969292422e+00 3.504672897196261516e+00
7.109737248840804213e-02 7.727975270479134524e-03 1.940491591203104882e+00 3.409090909090909172e+00
6.296296296296295669e-02 1.111111111111111154e-02 2.130681818181818343e+00 3.699136868064118566e+00
3.953871499176276477e-02 6.589785831960461374e-03 1.875000000000000000e+00 3.592814371257484929e+00
5.123674911660777709e-02 5.300353356890459729e-03 2.047781569965870130e+00 3.726708074534161419e+00
6.045751633986928136e-02 1.633986928104575213e-03 1.948051948051948035e+00 3.579952267303102786e+00
7.499999999999999722e-02 5.000000000000000104e-03 1.982815598149372027e+00 3.541912632821723861e+00
4.878048780487805047e-02 4.573170731707316798e-03 1.867995018679950103e+00 3.444316877152698186e+00
6.666666666666666574e-02 1.550387596899224785e-03 1.847290640394088745e+00 3.516998827667057625e+00
4.878048780487805047e-02 1.524390243902439077e-03 1.827040194884287372e+00 3.492433061699650843e+00
6.890756302521008902e-02 1.008403361344537875e-02 1.998667554963357684e+00 3.699136868064118566e+00
4.333868378812198718e-02 3.210272873194221482e-03 1.843884449907805756e+00 3.444316877152698186e+00
6.937394247038916606e-02 6.768189509306260336e-03 2.027027027027027195e+00 3.554502369668246509e+00
8.185053380782918164e-02 0.000000000000000000e+00 2.121640735502121622e+00 3.726708074534161419e+00
6.112054329371816724e-02 6.791171477079796168e-03 1.944264419961114765e+00 3.726708074534161419e+00
3.949730700179533011e-02 0.000000000000000000e+00 2.060439560439560225e+00 3.768844221105527748e+00
7.000000000000000666e-02 8.333333333333333218e-03 1.944264419961114765e+00 3.579952267303102786e+00
7.020872865275142038e-02 0.000000000000000000e+00 2.235469448584202823e+00 3.963011889035667146e+00
6.049149338374291279e-02 1.701323251417769314e-02 2.191380569758948127e+00 3.916449086161879922e+00
4.510108864696733832e-02 4.665629860031104623e-03 1.864512119328775697e+00 3.456221198156681940e+00
5.234657039711191479e-02 9.025270758122743570e-03 2.060439560439560225e+00 3.631961259079903304e+00
5.477031802120141402e-02 0.000000000000000000e+00 1.998667554963357684e+00 3.592814371257484929e+00
6.463878326996197465e-02 5.703422053231939348e-03 2.117148906139731945e+00 3.901170351105331502e+00
5.718954248366012877e-02 3.267973856209150426e-03 1.925545571245186105e+00 3.541912632821723861e+00
7.632398753894080456e-02 0.000000000000000000e+00 1.861042183622828805e+00 3.363228699551569445e+00
5.306799336650083049e-02 4.975124378109452641e-03 1.944264419961114765e+00 3.631961259079903304e+00
7.419354838709676936e-02 3.225806451612903223e-03 1.963350785340314042e+00 3.504672897196261516e+00
7.017543859649122417e-02 3.189792663476874023e-03 1.959503592423252671e+00 3.504672897196261516e+00
6.176961602671118823e-02 5.008347245409014957e-03 1.998667554963357684e+00 3.579952267303102786e+00
5.254237288135592959e-02 1.694915254237288086e-03 1.963350785340314042e+00 3.554502369668246509e+00
7.295373665480427150e-02 3.558718861209964231e-03 2.094972067039106101e+00 3.726708074534161419e+00
5.705705705705705483e-02 4.504504504504504465e-03 1.817080557238037519e+00 3.409090909090909172e+00
6.102362204724409711e-02 5.905511811023621965e-03 2.167630057803468180e+00 3.994673768308921513e+00
5.357142857142856845e-02 0.000000000000000000e+00 2.047781569965870130e+00 3.768844221105527748e+00
7.736943907156673683e-02 3.868471953578336581e-03 2.177068214804063651e+00 3.826530612244897878e+00
6.568144499178982243e-02 1.642036124794745431e-03 1.929260450160771745e+00 3.567181926278240045e+00
7.300509337860780490e-02 1.697792869269949042e-03 2.014775016789791984e+00 3.658536585365853799e+00
6.085526315789473867e-02 3.289473684210526133e-03 1.948051948051948035e+00 3.529411764705882248e+00
6.676783004552351575e-02 3.034901365705614668e-03 1.885606536769327546e+00 3.432494279176201424e+00
6.482982171799027415e-02 6.482982171799027242e-03 1.889168765743073131e+00 3.579952267303102786e+00
6.549520766773163361e-02 4.792332268370606829e-03 1.951854261548471081e+00 3.592814371257484929e+00
5.405405405405405705e-02 8.445945945945946415e-03 1.982815598149372027e+00 3.631961259079903304e+00
6.495726495726496241e-02 1.709401709401709400e-03 1.998667554963357684e+00 3.712871287128713060e+00
5.671077504725897944e-02 5.671077504725898291e-03 2.112676056338028019e+00 3.826530612244897878e+00
7.388316151202749260e-02 5.154639175257731860e-03 1.978891820580474858e+00 3.797468354430379556e+00
4.499999999999999833e-02 6.666666666666667095e-03 1.910828025477707026e+00 3.618817852834740556e+00
6.369426751592356661e-02 1.592356687898089252e-03 1.951854261548471081e+00 3.554502369668246509e+00
6.770833333333332871e-02 1.736111111111111015e-03 2.018842530282638048e+00 3.605769230769230838e+00
5.344827586206896824e-02 5.172413793103448204e-03 2.064693737095664172e+00 3.658536585365853799e+00
5.511811023622047168e-02 9.448818897637795144e-03 1.864512119328775697e+00 3.618817852834740556e+00
7.692307692307692735e-02 1.538461538461538460e-03 1.903553299492385831e+00 3.397508493771234317e+00
6.942148760330578428e-02 1.487603305785123974e-02 1.967213114754098324e+00 3.671970624235006309e+00
8.007117437722420517e-02 8.896797153024911878e-03 2.039428959891230519e+00 3.841229193341869408e+00
4.288164665523155894e-02 3.430531732418524819e-03 1.990710019907100170e+00 3.631961259079903304e+00
6.417112299465241310e-02 5.347593582887700224e-03 2.031144211238998132e+00 3.685503685503685567e+00
7.072691552062868037e-02 7.858546168958742070e-03 2.235469448584202823e+00 3.963011889035667146e+00
6.521739130434782428e-02 3.105590062111801032e-03 1.910828025477707026e+00 3.386004514672686039e+00
6.564885496183206492e-02 3.053435114503816761e-03 1.889168765743073131e+00 3.363228699551569445e+00
6.446280991735536814e-02 3.305785123966942067e-03 1.944264419961114765e+00 3.579952267303102786e+00
4.322766570605187514e-02 1.440922190201729012e-03 1.807228915662650648e+00 3.275109170305676720e+00
4.778761061946902589e-02 3.539823008849557473e-03 2.051983584131326754e+00 3.811944091486658248e+00
6.313993174061433011e-02 1.023890784982935120e-02 1.986754966887417151e+00 3.685503685503685567e+00
5.726872246696035340e-02 4.405286343612335211e-03 1.797483523067705313e+00 3.285870755750273986e+00
8.461538461538462008e-02 3.846153846153846367e-03 2.205882352941176627e+00 4.076086956521739246e+00
6.699346405228757961e-02 6.535947712418300852e-03 1.940491591203104882e+00 3.567181926278240045e+00
7.692307692307692735e-02 9.380863039399625625e-03 2.158273381294963933e+00 3.870967741935483986e+00
6.250000000000000000e-02 3.205128205128205017e-03 1.885606536769327546e+00 3.592814371257484929e+00
4.531722054380664388e-02 7.552870090634441515e-03 1.861042183622828805e+00 3.492433061699650843e+00
7.508532423208191808e-02 5.119453924914675602e-03 1.918158567774935985e+00 3.554502369668246509e+00
5.199306759098786673e-02 5.199306759098787194e-03 2.014775016789791984e+00 3.699136868064118566e+00
5.546218487394957708e-02 6.722689075630252503e-03 1.929260450160771745e+00 3.645200486026731301e+00
6.473594548551958594e-02 5.110732538330493673e-03 2.010723860589812340e+00 3.685503685503685567e+00
7.222222222222221544e-02 3.703703703703703845e-03 2.112676056338028019e+00 3.811944091486658248e+00
7.142857142857142461e-02 8.710801393728222555e-03 2.056202878684030289e+00 3.740648379052369243e+00
5.841924398625429615e-02 1.718213058419243953e-03 1.951854261548471081e+00 3.811944091486658248e+00
5.844155844155844021e-02 3.246753246753246967e-03 1.955671447196871027e+00 3.480278422273781924e+00
4.374999999999999722e-02 4.687499999999999827e-03 1.837109614206980934e+00 3.592814371257484929e+00
6.584992343032158857e-02 7.656967840735069003e-03 1.864512119328775697e+00 3.386004514672686039e+00
7.155025553662691662e-02 1.703577512776831369e-03 2.002670226969292422e+00 3.645200486026731301e+00
5.387205387205386969e-02 6.734006734006733712e-03 1.944264419961114765e+00 3.554502369668246509e+00
5.427631578947368640e-02 1.644736842105263067e-03 1.921844971172325334e+00 3.579952267303102786e+00
5.882352941176470507e-02 1.008403361344537875e-02 1.967213114754098324e+00 3.541912632821723861e+00
6.624605678233438932e-02 4.731861198738170418e-03 1.885606536769327546e+00 3.541912632821723861e+00
6.250000000000000000e-02 8.928571428571428076e-03 2.077562326869806242e+00 3.726708074534161419e+00
6.362153344208809624e-02 4.893964110929852757e-03 1.914486279514996836e+00 3.444316877152698186e+00
6.451612903225806273e-02 1.612903225806451612e-03 1.914486279514996836e+00 3.468208092485549177e+00
4.869565217391304268e-02 1.043478260869565299e-02 1.994680851063829863e+00 3.685503685503685567e+00
6.313993174061433011e-02 0.000000000000000000e+00 2.077562326869806242e+00 3.645200486026731301e+00
5.190839694656488451e-02 4.580152671755725359e-03 1.833740831295843421e+00 3.504672897196261516e+00
5.538461538461538630e-02 0.000000000000000000e+00 1.864512119328775697e+00 3.529411764705882248e+00
5.743740795287186757e-02 7.363770250368188372e-03 1.791044776119403048e+00 3.409090909090909172e+00
5.333333333333333676e-02 2.962962962962962816e-03 1.813784764207980738e+00 3.516998827667057625e+00
5.042016806722689204e-02 0.000000000000000000e+00 1.971090670170827952e+00 3.480278422273781924e+00
5.032467532467532756e-02 6.493506493506493935e-03 1.903553299492385831e+00 3.529411764705882248e+00
5.893536121673003531e-02 3.802281368821292754e-03 2.086230876216967900e+00 3.947368421052631415e+00
8.058608058608059121e-02 7.326007326007326001e-03 2.112676056338028019e+00 3.870967741935483986e+00
4.560260586319218185e-02 0.000000000000000000e+00 1.875000000000000000e+00 3.592814371257484929e+00
7.550335570469798863e-02 6.711409395973154217e-03 1.940491591203104882e+00 3.579952267303102786e+00
7.357859531772575901e-02 0.000000000000000000e+00 1.936733376371852833e+00 3.618817852834740556e+00
4.761904761904761640e-02 5.291005291005290712e-03 1.994680851063829863e+00 3.754693366708385494e+00
7.777777777777777901e-02 0.000000000000000000e+00 1.971090670170827952e+00 3.480278422273781924e+00
4.744525547445255231e-02 1.824817518248175122e-03 2.130681818181818343e+00 3.901170351105331502e+00
5.745341614906832040e-02 4.658385093167701982e-03 1.914486279514996836e+00 3.420752565564423975e+00
7.610619469026548567e-02 3.539823008849557473e-03 2.060439560439560225e+00 3.768844221105527748e+00
6.980273141122914082e-02 0.000000000000000000e+00 1.885606536769327546e+00 3.516998827667057625e+00
5.852842809364548760e-02 8.361204013377926056e-03 2.027027027027027195e+00 3.605769230769230838e+00
4.173354735152488143e-02 3.210272873194221482e-03 1.854140914709518029e+00 3.468208092485549177e+00
5.546492659053833818e-02 1.141924959216965817e-02 1.940491591203104882e+00 3.504672897196261516e+00
6.818181818181817677e-02 1.893939393939393992e-03 2.117148906139731945e+00 3.754693366708385494e+00
6.076388888888888812e-02 8.680555555555555941e-03 2.006688963210702337e+00 3.631961259079903304e+00
7.371794871794871973e-02 8.012820512820512109e-03 1.971090670170827952e+00 3.579952267303102786e+00
5.289256198347107307e-02 1.652892561983471034e-03 1.936733376371852833e+00 3.541912632821723861e+00
5.521472392638036852e-02 1.533742331288343594e-03 1.843884449907805756e+00 3.554502369668246509e+00
6.197654941373534343e-02 1.005025125628140718e-02 1.990710019907100170e+00 3.504672897196261516e+00
4.984423676012460919e-02 3.115264797507788074e-03 1.885606536769327546e+00 3.468208092485549177e+00
6.543624161073825773e-02 3.355704697986577108e-03 1.959503592423252671e+00 3.685503685503685567e+00
5.685618729096989649e-02 1.672240802675585255e-03 1.921844971172325334e+00 3.631961259079903304e+00
5.714285714285714107e-02 3.361344537815126252e-03 2.014775016789791984e+00 3.811944091486658248e+00
4.159445407279029755e-02 3.466204506065857695e-03 1.963350785340314042e+00 3.658536585365853799e+00
5.444646098003629725e-02 3.629764065335753034e-03 2.043596730245231807e+00 3.685503685503685567e+00
4.738562091503267792e-02 3.267973856209150426e-03 1.959503592423252671e+00 3.567181926278240045e+00
5.229793977812995098e-02 6.339144215530903570e-03 1.875000000000000000e+00 3.432494279176201424e+00
5.337519623233909216e-02 7.849293563579277239e-03 1.854140914709518029e+00 3.420752565564423975e+00
6.687402799377915874e-02 4.665629860031104623e-03 1.892744479495268140e+00 3.409090909090909172e+00
6.070287539936101984e-02 9.584664536741213658e-03 1.925545571245186105e+00 3.671970624235006309e+00
6.074074074074074098e-02 2.962962962962962816e-03 1.840490797546012303e+00 3.374578177727784123e+00
6.240487062404870278e-02 6.088280060882800271e-03 1.830384380719951132e+00 3.340757238307349830e+00
5.016181229773462869e-02 4.854368932038834530e-03 1.903553299492385831e+00 3.444316877152698186e+00
7.352941176470588480e-02 5.514705882352941534e-03 2.090592334494773663e+00 3.658536585365853799e+00
5.718954248366012877e-02 4.901960784313725422e-03 1.925545571245186105e+00 3.579952267303102786e+00
5.475040257648953329e-02 0.000000000000000000e+00 1.896333754740834321e+00 3.492433061699650843e+00
5.000000000000000278e-02 6.666666666666667095e-03 1.914486279514996836e+00 3.645200486026731301e+00
6.174957118353344848e-02 1.200686106346483643e-02 1.998667554963357684e+00 3.699136868064118566e+00
5.182926829268292429e-02 1.524390243902439077e-03 1.861042183622828805e+00 3.444316877152698186e+00
7.920792079207920888e-02 5.940594059405940666e-03 2.245508982035928192e+00 3.963011889035667146e+00
6.506849315068492789e-02 6.849315068493150305e-03 2.022926500337154376e+00 3.740648379052369243e+00
6.070826306913996301e-02 3.372681281618886834e-03 2.043596730245231807e+00 3.768844221105527748e+00
6.190476190476190688e-02 4.761904761904762334e-03 1.875000000000000000e+00 3.432494279176201424e+00
5.381165919282511478e-02 0.000000000000000000e+00 1.817080557238037519e+00 3.307607497243660433e+00
4.690117252931323005e-02 5.025125628140703592e-03 1.971090670170827952e+00 3.541912632821723861e+00
7.840236686390532339e-02 0.000000000000000000e+00 1.878522229179711900e+00 3.329633740288568067e+00
6.896551724137930939e-02 1.567398119122256992e-03 1.875000000000000000e+00 3.432494279176201424e+00
5.007153075822604049e-02 2.861230329041487830e-03 1.747233546884100264e+00 3.191489361702127603e+00
6.433823529411764053e-02 3.676470588235294067e-03 2.043596730245231807e+00 3.886010362694300557e+00
6.259780907668231753e-02 0.000000000000000000e+00 1.914486279514996836e+00 3.541912632821723861e+00
6.529209621993127544e-02 1.718213058419243953e-03 2.014775016789791984e+00 3.699136868064118566e+00
6.856187290969899262e-02 3.344481605351170509e-03 1.932989690721649501e+00 3.541912632821723861e+00
6.666666666666666574e-02 3.508771929824561469e-03 2.064693737095664172e+00 3.740648379052369243e+00
6.219312602291325598e-02 6.546644844517185251e-03 1.967213114754098324e+00 3.492433061699650843e+00
5.327245053272450237e-02 7.610350076103500339e-03 1.885606536769327546e+00 3.340757238307349830e+00
6.479859894921190244e-02 7.005253940455341555e-03 2.056202878684030289e+00 3.768844221105527748e+00
4.213938411669367751e-02 4.862236628849271082e-03 1.878522229179711900e+00 3.618817852834740556e+00
5.422647527910685883e-02 4.784688995215310818e-03 1.914486279514996836e+00 3.541912632821723861e+00
6.060606060606060774e-02 7.575757575757575968e-03 2.162941600576784307e+00 3.811944091486658248e+00
6.785137318255250738e-02 3.231017770597738488e-03 1.951854261548471081e+00 3.420752565564423975e+00
5.378151260504202003e-02 3.361344537815126252e-03 2.027027027027027195e+00 3.605769230769230838e+00
6.623586429725362990e-02 1.615508885298869244e-03 1.986754966887417151e+00 3.541912632821723861e+00
4.991680532445923191e-02 0.000000000000000000e+00 1.910828025477707026e+00 3.504672897196261516e+00
7.824726134585290038e-02 6.259780907668231753e-03 1.986754966887417151e+00 3.541912632821723861e+00
4.615384615384615641e-02 5.769230769230769551e-03 2.108222066057624744e+00 3.886010362694300557e+00
5.105633802816901545e-02 3.521126760563380361e-03 1.994680851063829863e+00 3.645200486026731301e+00
6.797853309481216577e-02 1.788908765652951708e-03 2.086230876216967900e+00 3.699136868064118566e+00
6.655574043261230921e-02 3.327787021630615721e-03 1.959503592423252671e+00 3.671970624235006309e+00
7.117437722419929502e-02 1.423487544483985692e-02 2.022926500337154376e+00 3.768844221105527748e+00
5.851063829787234161e-02 1.773049645390070879e-03 2.022926500337154376e+00 3.754693366708385494e+00
6.946688206785137099e-02 3.231017770597738488e-03 1.925545571245186105e+00 3.529411764705882248e+00
4.810495626822157422e-02 7.288629737609329112e-03 1.803968731208658971e+00 3.351955307262569850e+00
7.387387387387386872e-02 1.801801801801801830e-03 2.086230876216967900e+00 3.826530612244897878e+00
7.017543859649122417e-02 5.263157894736841987e-03 2.047781569965870130e+00 3.699136868064118566e+00
7.063197026022305369e-02 1.115241635687732290e-02 2.144388849177984113e+00 3.870967741935483986e+00
6.551724137931035086e-02 6.896551724137930939e-03 2.031144211238998132e+00 3.699136868064118566e+00
4.323308270676691489e-02 3.759398496240601295e-03 2.073255010366275020e+00 3.870967741935483986e+00
7.426597582037997025e-02 1.036269430051813510e-02 2.039428959891230519e+00 3.592814371257484929e+00
6.209150326797385766e-02 0.000000000000000000e+00 1.936733376371852833e+00 3.492433061699650843e+00
6.584992343032158857e-02 4.594180704441041749e-03 1.892744479495268140e+00 3.492433061699650843e+00
4.740061162079510504e-02 9.174311926605505096e-03 1.878522229179711900e+00 3.468208092485549177e+00
6.039076376554174119e-02 5.328596802841918494e-03 2.039428959891230519e+00 3.811944091486658248e+00
5.820105820105819783e-02 3.527336860670193808e-03 2.064693737095664172e+00 3.811944091486658248e+00
5.689655172413793371e-02 1.034482758620689641e-02 1.959503592423252671e+00 3.631961259079903304e+00
5.654761904761904795e-02 0.000000000000000000e+00 1.820388349514563187e+00 3.307607497243660433e+00
7.853403141361256501e-02 6.980802792321117063e-03 2.086230876216967900e+00 3.618817852834740556e+00
6.980519480519480069e-02 3.246753246753246967e-03 1.971090670170827952e+00 3.554502369668246509e+00
6.514084507042253169e-02 7.042253521126760722e-03 2.051983584131326754e+00 3.658536585365853799e+00
6.010016694490818295e-02 3.338898163606010116e-03 1.994680851063829863e+00 3.658536585365853799e+00
5.303030303030303177e-02 1.893939393939393992e-03 2.086230876216967900e+00 3.726708074534161419e+00
4.835924006908463163e-02 1.727115716753022372e-03 2.035278154681139817e+00 3.658536585365853799e+00
5.891719745222930016e-02 1.592356687898089252e-03 1.918158567774935985e+00 3.618817852834740556e+00
4.945054945054944834e-02 9.157509157509157935e-03 2.108222066057624744e+00 3.841229193341869408e+00
5.280528052805280592e-02 8.250825082508250058e-03 1.910828025477707026e+00 3.504672897196261516e+00
5.400696864111498297e-02 1.045296167247386845e-02 2.077562326869806242e+00 3.685503685503685567e+00
4.461538461538461231e-02 6.153846153846153841e-03 1.830384380719951132e+00 3.480278422273781924e+00
4.506065857885615394e-02 0.000000000000000000e+00 2.027027027027027195e+00 3.671970624235006309e+00
7.177033492822966487e-02 3.189792663476874023e-03 1.896333754740834321e+00 3.516998827667057625e+00
6.456953642384105629e-02 3.311258278145695361e-03 1.932989690721649501e+00 3.468208092485549177e+00
6.446280991735536814e-02 6.611570247933884134e-03 2.002670226969292422e+00 3.592814371257484929e+00
5.852842809364548760e-02 1.672240802675585255e-03 2.006688963210702337e+00 3.658536585365853799e+00
5.342237061769616185e-02 0.000000000000000000e+00 1.940491591203104882e+00 3.605769230769230838e+00
6.646971935007385535e-02 2.954209748892171541e-03 1.871490954460386824e+00 3.363228699551569445e+00
7.282415630550621854e-02 1.065719360568383699e-02 2.043596730245231807e+00 3.740648379052369243e+00
7.320872274143301606e-02 7.788161993769470402e-03 1.955671447196871027e+00 3.340757238307349830e+00
5.422647527910685883e-02 6.379585326953748046e-03 1.854140914709518029e+00 3.468208092485549177e+00
6.086956521739130682e-02 0.000000000000000000e+00 2.047781569965870130e+00 3.811944091486658248e+00
4.815409309791332526e-02 1.123595505617977497e-02 1.878522229179711900e+00 3.541912632821723861e+00
7.347670250896057298e-02 7.168458781362007162e-03 2.121640735502121622e+00 3.671970624235006309e+00
6.885758998435054234e-02 1.877934272300469526e-02 1.982815598149372027e+00 3.671970624235006309e+00
4.944178628389154367e-02 0.000000000000000000e+00 1.925545571245186105e+00 3.432494279176201424e+00
5.610561056105610456e-02 1.650165016501650185e-03 1.932989690721649501e+00 3.592814371257484929e+00
5.991440798858772843e-02 4.279600570613409545e-03 1.817080557238037519e+00 3.307607497243660433e+00
4.670329670329670391e-02 8.241758241758241968e-03 1.753360607831677465e+00 3.232758620689655249e+00
6.201550387596899139e-02 1.085271317829457349e-02 1.875000000000000000e+00 3.409090909090909172e+00
5.392156862745098311e-02 1.633986928104575213e-03 1.936733376371852833e+00 3.541912632821723861e+00
4.747774480712166345e-02 5.934718100890207931e-03 1.803968731208658971e+00 3.340757238307349830e+00
7.433628318584070693e-02 3.539823008849557473e-03 2.027027027027027195e+00 3.740648379052369243e+00
6.010928961748633614e-02 5.464480874316939886e-03 2.031144211238998132e+00 3.826530612244897878e+00
4.506065857885615394e-02 8.665511265164644455e-03 2.010723860589812340e+00 3.740648379052369243e+00
5.483870967741935609e-02 1.612903225806451612e-03 1.889168765743073131e+00 3.516998827667057625e+00
6.016260162601626271e-02 3.252032520325203249e-03 1.959503592423252671e+00 3.480278422273781924e+00
6.584992343032158857e-02 1.071975497702909626e-02 1.837109614206980934e+00 3.492433061699650843e+00
6.159420289855072755e-02 3.623188405797101493e-03 2.060439560439560225e+00 3.726708074534161419e+00
4.624277456647398615e-02 1.445086705202312067e-03 1.732101616628175522e+00 3.275109170305676720e+00
5.673758865248226813e-02 8.865248226950355262e-03 2.031144211238998132e+00 3.768844221105527748e+00
6.477093206951026194e-02 7.898894154818324881e-03 1.940491591203104882e+00 3.592814371257484929e+00
7.350427350427350681e-02 0.000000000000000000e+00 2.073255010366275020e+00 3.740648379052369243e+00
5.156249999999999722e-02 3.125000000000000173e-03 1.857585139318885359e+00 3.529411764705882248e+00
6.145251396648044456e-02 5.586592178770949900e-03 2.073255010366275020e+00 3.768844221105527748e+00
6.050420168067226906e-02 3.361344537815126252e-03 1.990710019907100170e+00 3.685503685503685567e+00
5.438596491228070429e-02 0.000000000000000000e+00 1.998667554963357684e+00 3.726708074534161419e+00
4.823151125401928946e-02 4.823151125401929640e-03 1.907183725365543481e+00 3.541912632821723861e+00
6.914893617021276861e-02 1.773049645390070879e-03 2.002670226969292422e+00 3.712871287128713060e+00
5.454545454545454281e-02 3.305785123966942067e-03 1.936733376371852833e+00 3.541912632821723861e+00
5.981308411214953519e-02 0.000000000000000000e+00 2.068965517241379448e+00 3.916449086161879922e+00
6.137184115523465489e-02 3.610108303249097601e-03 2.099370188943316951e+00 3.754693366708385494e+00
6.338028169014084390e-02 3.521126760563380361e-03 2.027027027027027195e+00 3.699136868064118566e+00
3.973509933774834607e-02 1.655629139072847681e-03 1.925545571245186105e+00 3.516998827667057625e+00
6.466876971608832847e-02 3.154574132492113468e-03 1.948051948051948035e+00 3.420752565564423975e+00
4.040404040404040747e-02 8.417508417508417357e-03 1.929260450160771745e+00 3.592814371257484929e+00
4.736842105263158048e-02 1.929824561403508873e-02 2.002670226969292422e+00 3.826530612244897878e+00
4.827586206896551657e-02 6.896551724137930939e-03 1.978891820580474858e+00 3.671970624235006309e+00
4.878048780487805047e-02 3.252032520325203249e-03 1.903553299492385831e+00 3.529411764705882248e+00
7.032590051457976443e-02 6.861063464837049639e-03 1.955671447196871027e+00 3.631961259079903304e+00
5.792163543441226914e-02 6.814310051107325475e-03 1.978891820580474858e+00 3.579952267303102786e+00
6.557377049180328210e-02 1.821493624772313295e-03 2.094972067039106101e+00 3.754693366708385494e+00
5.500000000000000028e-02 6.666666666666667095e-03 2.010723860589812340e+00 3.579952267303102786e+00
6.418918918918918581e-02 1.013513513513513570e-02 2.018842530282638048e+00 3.645200486026731301e+00
6.976744186046511531e-02 4.983388704318936560e-03 1.959503592423252671e+00 3.529411764705882248e+00
5.932203389830508627e-02 3.389830508474576173e-03 1.963350785340314042e+00 3.685503685503685567e+00
6.211180124223602411e-02 6.211180124223602064e-03 1.889168765743073131e+00 3.504672897196261516e+00
4.405286343612335037e-02 5.873715124816446080e-03 1.830384380719951132e+00 3.329633740288568067e+00
6.050420168067226906e-02 3.361344537815126252e-03 1.978891820580474858e+00 3.618817852834740556e+00
4.664179104477612220e-02 1.865671641791044741e-03 2.086230876216967900e+00 3.947368421052631415e+00
6.201550387596899139e-02 4.651162790697674354e-03 1.925545571245186105e+00 3.386004514672686039e+00
4.982206405693950096e-02 1.779359430604982115e-03 2.014775016789791984e+00 3.671970624235006309e+00
5.194805194805195148e-02 1.461038961038961005e-02 1.918158567774935985e+00 3.618817852834740556e+00
6.430868167202571928e-02 1.607717041800643069e-03 1.918158567774935985e+00 3.541912632821723861e+00
4.587155963302752548e-02 1.529051987767584110e-03 1.854140914709518029e+00 3.492433061699650843e+00
6.101694915254237545e-02 3.389830508474576173e-03 1.994680851063829863e+00 3.605769230769230838e+00
6.666666666666666574e-02 5.128205128205128201e-03 1.971090670170827952e+00 3.754693366708385494e+00
5.374592833876221804e-02 3.257328990228013175e-03 1.925545571245186105e+00 3.567181926278240045e+00
7.155025553662691662e-02 3.407155025553662737e-03 2.060439560439560225e+00 3.699136868064118566e+00
8.205128205128205121e-02 3.418803418803418800e-03 2.022926500337154376e+00 3.592814371257484929e+00
6.168831168831168804e-02 8.116883116883116117e-03 1.921844971172325334e+00 3.567181926278240045e+00
5.007363770250368440e-02 0.000000000000000000e+00 1.784651992861391978e+00 3.363228699551569445e+00
5.574912891986062713e-02 6.968641114982578391e-03 2.018842530282638048e+00 3.618817852834740556e+00
4.521739130434782733e-02 1.739130434782608760e-03 1.982815598149372027e+00 3.726708074534161419e+00
7.086614173228346358e-02 1.574803149606299191e-03 1.959503592423252671e+00 3.579952267303102786e+00
5.100463678516228838e-02 6.182380216383307446e-03 1.861042183622828805e+00 3.516998827667057625e+00
6.451612903225806273e-02 3.072196620583717355e-03 1.871490954460386824e+00 3.492433061699650843e+00
4.266211604095563464e-02 5.119453924914675602e-03 1.948051948051948035e+00 3.645200486026731301e+00
4.071661237785016013e-02 6.514657980456026350e-03 1.990710019907100170e+00 3.618817852834740556e+00
6.125827814569536484e-02 3.311258278145695361e-03 1.951854261548471081e+00 3.541912632821723861e+00
7.945736434108527368e-02 1.937984496124030981e-03 2.191380569758948127e+00 3.978779840848806426e+00
3.098106712564543952e-02 6.884681583476764434e-03 1.932989690721649501e+00 3.754693366708385494e+00
5.821917808219177759e-02 0.000000000000000000e+00 1.982815598149372027e+00 3.768844221105527748e+00
5.701754385964911964e-02 4.385964912280701511e-03 1.794258373205741552e+00 3.253796095444685399e+00
6.187290969899665594e-02 1.003344481605351196e-02 1.971090670170827952e+00 3.685503685503685567e+00
8.000000000000000167e-02 4.799999999999999580e-03 1.921844971172325334e+00 3.645200486026731301e+00
6.845238095238095899e-02 2.976190476190476025e-03 1.864512119328775697e+00 3.243243243243243423e+00
6.799336650082918321e-02 0.000000000000000000e+00 1.948051948051948035e+00 3.618817852834740556e+00
5.813953488372092943e-02 3.875968992248061962e-03 2.186588921282798914e+00 3.947368421052631415e+00
5.022831050228310223e-02 1.522070015220700068e-03 1.907183725365543481e+00 3.340757238307349830e+00
3.684210526315789130e-02 1.578947368421052683e-02 1.959503592423252671e+00 3.856041131105398367e+00
4.855842185128983468e-02 4.552352048558422001e-03 1.861042183622828805e+00 3.504672897196261516e+00
6.049149338374291279e-02 3.780718336483932050e-03 2.112676056338028019e+00 3.841229193341869408e+00
4.268292682926829590e-02 7.621951219512194953e-03 1.820388349514563187e+00 3.386004514672686039e+00
8.000000000000000167e-02 5.925925925925925632e-03 1.921844971172325334e+00 3.351955307262569850e+00
6.655574043261230921e-02 8.319467554076538651e-03 1.948051948051948035e+00 3.541912632821723861e+00
4.671280276816609095e-02 0.000000000000000000e+00 1.994680851063829863e+00 3.699136868064118566e+00
7.078039927404718157e-02 9.074410163339383453e-03 2.103786816269284543e+00 3.826530612244897878e+00
3.921568627450980338e-02 0.000000000000000000e+00 1.929260450160771745e+00 3.592814371257484929e+00
6.194690265486725578e-02 3.539823008849557473e-03 2.043596730245231807e+00 3.754693366708385494e+00
7.011686143572620766e-02 5.008347245409014957e-03 2.006688963210702337e+00 3.579952267303102786e+00
5.071315372424722856e-02 1.584786053882725892e-03 1.899936668777707505e+00 3.605769230769230838e+00
4.761904761904761640e-02 5.291005291005290712e-03 2.035278154681139817e+00 3.699136868064118566e+00
5.555555555555555247e-02 1.307189542483660170e-02 1.871490954460386824e+00 3.492433061699650843e+00
6.822262118491921601e-02 0.000000000000000000e+00 2.081887578070784173e+00 3.618817852834740556e+00
4.777594728171334626e-02 0.000000000000000000e+00 1.929260450160771745e+00 3.444316877152698186e+00
6.346749226006191680e-02 1.083591331269349867e-02 1.918158567774935985e+00 3.468208092485549177e+00
6.322795341098169652e-02 8.319467554076538651e-03 1.994680851063829863e+00 3.671970624235006309e+00
5.696202531645569445e-02 4.746835443037974826e-03 1.951854261548471081e+00 3.516998827667057625e+00
6.629834254143646133e-02 3.683241252302025918e-03 2.060439560439560225e+00 3.901170351105331502e+00
8.082706766917292784e-02 0.000000000000000000e+00 2.162941600576784307e+00 3.841229193341869408e+00
6.191950464396284853e-02 4.643962848297213467e-03 1.896333754740834321e+00 3.444316877152698186e+00
5.891238670694864260e-02 4.531722054380665082e-03 1.889168765743073131e+00 3.468208092485549177e+00
4.836193447737909684e-02 6.240249609984399592e-03 1.871490954460386824e+00 3.432494279176201424e+00
3.752039151712887460e-02 8.156606851549754594e-03 1.914486279514996836e+00 3.592814371257484929e+00
7.721280602636534929e-02 3.766478342749529033e-03 2.153625269203158776e+00 3.712871287128713060e+00
5.586592178770949380e-02 5.586592178770949900e-03 2.081887578070784173e+00 3.947368421052631415e+00
7.120253164556962500e-02 7.911392405063291666e-03 1.903553299492385831e+00 3.554502369668246509e+00
6.039076376554174119e-02 1.065719360568383699e-02 2.027027027027027195e+00 3.592814371257484929e+00
5.776173285198556162e-02 1.805054151624548801e-03 2.010723860589812340e+00 3.726708074534161419e+00
6.386292834890965053e-02 4.672897196261681894e-03 1.885606536769327546e+00 3.432494279176201424e+00
4.612850082372323135e-02 3.294892915980230687e-03 1.955671447196871027e+00 3.712871287128713060e+00
4.355400696864111798e-02 0.000000000000000000e+00 1.971090670170827952e+00 3.671970624235006309e+00
5.378151260504202003e-02 8.403361344537814762e-03 2.006688963210702337e+00 3.579952267303102786e+00
4.833333333333333232e-02 5.000000000000000104e-03 1.959503592423252671e+00 3.592814371257484929e+00
7.386363636363636742e-02 9.469696969696969960e-03 2.103786816269284543e+00 3.826530612244897878e+00
4.955752212389380462e-02 5.309734513274336209e-03 1.990710019907100170e+00 3.658536585365853799e+00
7.730263157894737280e-02 1.644736842105263067e-03 2.022926500337154376e+00 3.541912632821723861e+00
6.504065040650407192e-02 4.065040650406504495e-03 2.158273381294963933e+00 4.026845637583893023e+00
6.934306569343065552e-02 5.474452554744525801e-03 2.139800285306704630e+00 3.671970624235006309e+00
7.076923076923076483e-02 1.538461538461538460e-03 1.850709438618136859e+00 3.480278422273781924e+00
4.166666666666666435e-02 1.602564102564102509e-03 1.889168765743073131e+00 3.618817852834740556e+00
6.060606060606060774e-02 1.443001443001443000e-02 1.854140914709518029e+00 3.363228699551569445e+00
4.545454545454545581e-02 3.030303030303030300e-03 1.854140914709518029e+00 3.374578177727784123e+00
4.776579352850539306e-02 3.081664098613251263e-03 1.867995018679950103e+00 3.468208092485549177e+00
5.709342560553633261e-02 0.000000000000000000e+00 2.060439560439560225e+00 3.671970624235006309e+00
5.797101449275362389e-02 8.051529790660224770e-03 1.982815598149372027e+00 3.658536585365853799e+00
6.445993031358884795e-02 1.567944250871080095e-02 2.010723860589812340e+00 3.645200486026731301e+00
4.133545310015897950e-02 6.359300476947536175e-03 1.871490954460386824e+00 3.480278422273781924e+00
6.158833063209075837e-02 1.134521880064829832e-02 1.940491591203104882e+00 3.504672897196261516e+00
6.026058631921824005e-02 1.628664495114006587e-03 1.925545571245186105e+00 3.529411764705882248e+00
6.622516556291391243e-02 0.000000000000000000e+00 1.974983541803818410e+00 3.516998827667057625e+00
4.738562091503267792e-02 4.901960784313725422e-03 1.944264419961114765e+00 3.592814371257484929e+00
8.077544426494345786e-02 1.130856219709208341e-02 1.948051948051948035e+00 3.567181926278240045e+00
5.600000000000000117e-02 6.000000000000000125e-03 2.191380569758948127e+00 3.978779840848806426e+00
6.576728499156829499e-02 5.059021922428330251e-03 1.986754966887417151e+00 3.740648379052369243e+00
