5.826771653543307006e-02 2.677165354330708624e-02 1.599573447080778532e+00 1.858160421183028710e+00
6.598586017282011273e-02 3.142183817753338437e-02 1.615074024226110350e+00 1.875586120662707135e+00
5.519480519480519237e-02 4.545454545454545581e-02 1.652437345083998865e+00 1.920614596670934704e+00
6.563039723661485969e-02 3.799654576856649479e-02 1.713306681896059391e+00 2.001334222815210229e+00
5.275974025974025650e-02 3.733766233766233622e-02 1.634877384196185224e+00 1.926163723916533010e+00
5.314799672935404534e-02 3.434178250204415056e-02 1.646994235520175653e+00 1.909611712285168572e+00
6.882255389718076877e-02 4.228855721393035005e-02 1.688713763017168690e+00 1.911436763300414121e+00
6.748971193415638503e-02 4.362139917695473379e-02 1.657916551533572758e+00 1.935483870967741993e+00
6.202849958088851867e-02 3.604358759430008330e-02 1.671774867651156349e+00 1.946787800129785806e+00
6.234203875315922488e-02 3.285593934288121021e-02 1.663432215137233161e+00 1.909611712285168572e+00
5.511811023622047168e-02 2.712160979877515157e-02 1.710376282782211987e+00 1.958224543080939961e+00
6.521739130434782428e-02 3.344481605351170422e-02 1.694436599830556389e+00 1.913265306122448939e+00
6.425041186161449536e-02 2.800658978583196040e-02 1.648351648351648269e+00 1.935483870967741993e+00
5.228215767634854932e-02 3.734439834024896182e-02 1.662049861495844771e+00 1.973684210526315708e+00
6.409202958093672409e-02 3.451109285127362120e-02 1.680201624194903376e+00 1.929880990672241836e+00
5.121293800539083313e-02 3.863432165318957806e-02 1.723642631427750649e+00 2.011397921555480917e+00
7.554833468724614365e-02 4.061738424045491236e-02 1.649711300522408663e+00 1.907790143084260759e+00
8.061749571183533802e-02 4.030874785591766901e-02 1.777251184834123254e+00 1.983471074380165344e+00
6.157635467980295679e-02 4.269293924466338597e-02 1.659292035398230114e+00 1.941119378841798859e+00
7.526881720430107781e-02 3.853046594982079132e-02 1.758499413833528813e+00 1.991370726850315354e+00
6.521739130434782428e-02 3.739130434782608758e-02 1.723642631427750649e+00 1.979544704717914883e+00
5.663567202028740172e-02 2.620456466610312715e-02 1.653803748621830216e+00 1.920614596670934704e+00
6.713164777680906414e-02 4.359197907585004444e-02 1.710376282782211987e+00 2.031832035218422039e+00
5.609114811568799430e-02 3.680981595092024800e-02 1.726618705035971146e+00 1.975633849193282776e+00
6.625097427903350877e-02 3.507404520654715252e-02 1.613770844540075355e+00 1.861619609059881997e+00
6.075533661740558505e-02 3.284072249589491121e-02 1.662049861495844771e+00 1.933612632935868492e+00
5.555555555555555247e-02 3.385416666666666435e-02 1.717721156598912113e+00 1.981505944517833573e+00
6.398687448728465621e-02 3.609515996718622166e-02 1.659292035398230114e+00 1.929880990672241836e+00
5.107084019769357608e-02 3.459637561779242004e-02 1.680201624194903376e+00 1.913265306122448939e+00
5.789056304520222296e-02 3.172085646312450269e-02 1.615074024226110350e+00 1.882648258550360776e+00
7.333908541846419216e-02 3.968938740293356110e-02 1.719197707736389580e+00 1.931745009658724976e+00
5.831903945111492626e-02 3.945111492281303672e-02 1.714775650185767386e+00 1.954397394136807797e+00
6.857142857142857484e-02 3.673469387755102372e-02 1.640240568616730510e+00 1.916932907348242843e+00
5.905826017557860852e-02 3.990422984836392711e-02 1.632208922742111046e+00 1.905972045743329124e+00
6.312292358803986425e-02 3.820598006644518319e-02 1.668984700973574320e+00 1.944894651539708308e+00
5.311203319502074555e-02 3.153526970954356745e-02 1.660669803487406559e+00 1.960143743874550815e+00
5.586592178770949380e-02 3.351955307262569767e-02 1.645639056500274311e+00 1.900538485904339492e+00
5.921601334445371345e-02 4.086738949124270326e-02 1.636214889555494878e+00 1.952489424015619868e+00
5.740432612312811739e-02 3.826955074875208057e-02 1.663432215137233161e+00 1.943005181347150279e+00
6.212251941328731514e-02 3.623813632441760108e-02 1.719197707736389580e+00 1.960143743874550815e+00
5.067567567567567849e-02 4.476351351351351426e-02 1.695873374788015919e+00 1.918771985929005330e+00
6.158833063209075837e-02 3.727714748784440729e-02 1.648351648351648269e+00 1.898734177215189778e+00
5.060240963855421742e-02 3.052208835341365528e-02 1.607286364854004779e+00 1.842751842751842783e+00
5.872888173773129633e-02 2.654867256637168105e-02 1.609873893211698492e+00 1.875586120662707135e+00
5.617088607594936805e-02 3.718354430379746528e-02 1.602136181575433804e+00 1.893341748185547457e+00
5.170975813177648012e-02 3.336113427856546992e-02 1.645639056500274311e+00 1.926163723916533010e+00
5.439999999999999697e-02 4.240000000000000019e-02 1.624255549539794341e+00 1.918771985929005330e+00
5.276174773289365322e-02 3.874690849134377474e-02 1.675977653631284925e+00 1.935483870967741993e+00
5.177993527508090860e-02 3.964401294498381967e-02 1.625575724735843997e+00 1.898734177215189778e+00
5.813953488372092943e-02 3.654485049833887389e-02 1.680201624194903376e+00 1.929880990672241836e+00
5.428796223446105684e-02 3.619197482297403790e-02 1.626898047722342699e+00 1.865091700341933389e+00
5.510534846029173373e-02 3.808752025931928797e-02 1.638896476372575739e+00 1.891551071878940782e+00
5.723905723905724219e-02 3.367003367003366943e-02 1.673173452314556720e+00 1.937358734258960213e+00
5.947323704333050409e-02 3.568394222599829968e-02 1.675977653631284925e+00 1.954397394136807797e+00
6.018136850783182418e-02 3.462489694971145754e-02 1.663432215137233161e+00 1.929880990672241836e+00
6.630824372759856755e-02 4.121863799283154162e-02 1.741654571843251009e+00 2.031832035218422039e+00
6.382978723404254817e-02 4.091653027823240890e-02 1.649711300522408663e+00 1.931745009658724976e+00
7.124463519313305182e-02 3.004291845493562221e-02 1.710376282782211987e+00 1.948684637869438019e+00
4.946413849958779946e-02 3.874690849134377474e-02 1.633542063708140590e+00 1.918771985929005330e+00
7.123775601068565999e-02 3.561887800534283000e-02 1.731102135025966549e+00 2.031832035218422039e+00
6.779661016949152519e-02 3.728813559322034094e-02 1.677383282079955240e+00 1.937358734258960213e+00
6.032285471537807836e-02 4.163126593033135425e-02 1.687289088863892061e+00 1.971738416036805885e+00
6.819984139571767801e-02 3.806502775574940184e-02 1.625575724735843997e+00 1.886199308393586849e+00
7.191780821917807820e-02 3.082191780821917637e-02 1.693002257336343019e+00 1.937358734258960213e+00
5.754141238012205894e-02 4.620749782040104586e-02 1.714775650185767386e+00 1.991370726850315354e+00
6.907378335949763970e-02 3.689167974882260476e-02 1.608579088471849827e+00 1.868576767362192470e+00
5.835331734612310417e-02 3.597122302158273222e-02 1.636214889555494878e+00 1.946787800129785806e+00
7.136640557006092289e-02 4.612706701479547117e-02 1.704545454545454586e+00 1.977587343441002066e+00
5.820533548908649740e-02 3.556992724333064154e-02 1.624255549539794341e+00 1.893341748185547457e+00
6.554621848739496104e-02 2.941176470588235253e-02 1.693002257336343019e+00 1.943005181347150279e+00
6.359832635983263260e-02 2.845188284518828520e-02 1.662049861495844771e+00 1.931745009658724976e+00
5.224489795918367541e-02 4.163265306122448939e-02 1.608579088471849827e+00 1.905972045743329124e+00
5.064308681672025775e-02 2.893890675241157437e-02 1.617686708007549212e+00 1.863354037267080709e+00
6.266786034019695972e-02 4.655326768128916631e-02 1.755412521942656623e+00 2.021563342318059231e+00
6.208609271523178597e-02 2.649006622516556289e-02 1.673173452314556720e+00 1.907790143084260759e+00
5.167173252279635282e-02 4.863221884498480224e-02 1.559656875487392735e+00 1.847859562673236811e+00
6.816292601828762010e-02 3.823773898586866477e-02 1.681614349775784722e+00 1.929880990672241836e+00
6.027164685908319164e-02 2.886247877758913241e-02 1.678791270285394432e+00 1.975633849193282776e+00
5.146476642913697802e-02 3.008709422011084794e-02 1.620307858493113651e+00 1.884422110552763874e+00
6.290849673202614234e-02 3.267973856209150513e-02 1.645639056500274311e+00 1.895135818066961519e+00
6.060606060606060774e-02 4.761904761904761640e-02 1.731102135025966549e+00 1.995344196873960696e+00
5.778894472361809087e-02 3.517587939698492427e-02 1.649711300522408663e+00 1.965923984272608172e+00
5.170975813177648012e-02 3.586321934945788104e-02 1.674574379012001124e+00 1.939237233354880408e+00
6.160337552742616019e-02 4.472573839662447037e-02 1.670378619153674915e+00 1.987413050679032844e+00
6.338615512927439632e-02 4.003336113427856391e-02 1.663432215137233161e+00 1.941119378841798859e+00
5.386620330147697672e-02 3.649000868809730569e-02 1.694436599830556389e+00 1.997336884154460757e+00
5.513146734520780329e-02 3.562340966921119512e-02 1.671774867651156349e+00 1.937358734258960213e+00
5.829959514170040408e-02 3.886639676113360503e-02 1.641586867305061537e+00 1.922460749759692389e+00
6.020942408376963456e-02 4.275741710296684234e-02 1.703093954016463352e+00 2.003338898163605997e+00
5.514403292181069977e-02 3.539094650205761028e-02 1.670378619153674915e+00 1.916932907348242843e+00
7.065669160432253015e-02 3.075644222776392420e-02 1.673173452314556720e+00 1.887979861548143568e+00
4.815133276010317986e-02 3.955288048151332780e-02 1.697312588401697298e+00 1.987413050679032844e+00
7.063829787234042479e-02 3.914893617021276279e-02 1.700198356474922123e+00 1.950585175552665751e+00
5.892255892255892497e-02 3.872053872053871776e-02 1.690140845070422504e+00 1.948684637869438019e+00
6.160000000000000198e-02 3.119999999999999857e-02 1.640240568616730510e+00 1.884422110552763874e+00
6.967213114754097769e-02 3.606557377049180585e-02 1.659292035398230114e+00 1.915097350781998164e+00
6.861063464837049986e-02 3.945111492281303672e-02 1.720676799541152935e+00 1.985440105890138973e+00
6.869009584664537149e-02 4.233226837060703046e-02 1.649711300522408663e+00 1.909611712285168572e+00
6.418918918918918581e-02 4.307432432432432151e-02 1.673173452314556720e+00 1.965923984272608172e+00
6.065711878685762365e-02 4.128053917438921638e-02 1.694436599830556389e+00 1.907790143084260759e+00
5.735660847880299368e-02 4.488778054862842953e-02 1.670378619153674915e+00 1.941119378841798859e+00
5.740432612312811739e-02 3.743760399334442740e-02 1.670378619153674915e+00 1.935483870967741993e+00
7.269653423499577993e-02 2.620456466610312715e-02 1.707455890722823000e+00 1.913265306122448939e+00
6.170752324598478139e-02 2.704987320371935594e-02 1.688713763017168690e+00 1.939237233354880408e+00
6.005004170141784586e-02 3.669724770642202039e-02 1.687289088863892061e+00 1.928020565552699184e+00
6.710853355426678324e-02 4.473902236951118189e-02 1.656543346217559387e+00 1.918771985929005330e+00
5.838198498748957410e-02 4.420350291909924678e-02 1.657916551533572758e+00 1.905972045743329124e+00
5.249788314987299115e-02 3.302286198137172057e-02 1.703093954016463352e+00 1.941119378841798859e+00
7.013201320132013417e-02 4.125412541254125376e-02 1.678791270285394432e+00 1.922460749759692389e+00
6.564364876385336833e-02 4.177323103154305384e-02 1.695873374788015919e+00 1.989389920424403213e+00
5.574614065180102940e-02 3.687821612349913986e-02 1.707455890722823000e+00 2.001334222815210229e+00
5.160142348754448438e-02 4.359430604982206248e-02 1.728110599078340970e+00 2.015451797111185606e+00
6.138107416879795553e-02 3.836317135549872220e-02 1.691570341133352029e+00 1.916932907348242843e+00
6.362854686156492467e-02 3.009458297506448915e-02 1.704545454545454586e+00 1.999333555481506153e+00
6.239737274220032853e-02 4.022988505747126381e-02 1.678791270285394432e+00 1.948684637869438019e+00
5.913978494623656212e-02 3.673835125448028649e-02 1.723642631427750649e+00 2.011397921555480917e+00
5.804311774461028139e-02 4.560530679933665066e-02 1.642935377875136993e+00 1.926163723916533010e+00
7.429048414023371738e-02 3.422370617696160466e-02 1.695873374788015919e+00 1.924310455420141119e+00
7.243963363863446803e-02 4.329725228975853796e-02 1.694436599830556389e+00 1.946787800129785806e+00
6.720647773279352089e-02 3.481781376518218452e-02 1.662049861495844771e+00 1.918771985929005330e+00
6.768189509306260510e-02 3.807106598984771884e-02 1.705999431333522942e+00 1.963993453355155516e+00
5.813953488372092943e-02 4.069767441860465407e-02 1.655172413793103425e+00 1.900538485904339492e+00
6.030150753768843963e-02 3.182579564489112361e-02 1.660669803487406559e+00 1.915097350781998164e+00
5.645851154833191055e-02 3.079555175363558536e-02 1.683029453015427723e+00 1.950585175552665751e+00
5.882352941176470507e-02 2.773109243697478854e-02 1.664816870144284033e+00 1.943005181347150279e+00
5.530776092774308816e-02 3.300624442462087721e-02 1.705999431333522942e+00 2.015451797111185606e+00
4.773869346733668195e-02 4.438860971524288129e-02 1.634877384196185224e+00 1.989389920424403213e+00
6.496710526315789547e-02 3.782894736842105227e-02 1.657916551533572758e+00 1.944894651539708308e+00
7.660626029654035718e-02 5.024711696869851862e-02 1.663432215137233161e+00 1.920614596670934704e+00
6.428571428571427937e-02 3.888888888888888951e-02 1.615074024226110350e+00 1.931745009658724976e+00
6.820049301561216526e-02 3.533278553820871221e-02 1.678791270285394432e+00 1.928020565552699184e+00
5.892255892255892497e-02 4.629629629629629373e-02 1.677383282079955240e+00 1.944894651539708308e+00
6.212251941328731514e-02 3.968938740293356110e-02 1.710376282782211987e+00 1.991370726850315354e+00
6.580016246953696024e-02 3.655564581640942390e-02 1.662049861495844771e+00 1.935483870967741993e+00
7.388316151202749260e-02 3.436426116838488254e-02 1.756954612005856564e+00 1.954397394136807797e+00
5.819672131147540783e-02 4.590163934426229331e-02 1.651073197578426077e+00 1.922460749759692389e+00
6.410256410256409687e-02 3.675213675213675341e-02 1.677383282079955240e+00 1.958224543080939961e+00
5.144694533762057820e-02 4.581993569131832811e-02 1.664816870144284033e+00 1.935483870967741993e+00
6.290849673202614234e-02 3.839869281045751870e-02 1.656543346217559387e+00 1.969796454366382177e+00
5.887162714636140493e-02 4.088307440719542163e-02 1.666203832268814189e+00 1.916932907348242843e+00
5.177993527508090860e-02 2.831715210355987070e-02 1.625575724735843997e+00 1.907790143084260759e+00
5.231560891938250718e-02 4.116638078902230130e-02 1.659292035398230114e+00 1.967858314201377468e+00
7.614213197969543767e-02 3.468697123519458303e-02 1.693002257336343019e+00 1.946787800129785806e+00
5.802861685214626142e-02 3.338632750397456384e-02 1.641586867305061537e+00 1.896933291179260239e+00
5.941422594142259372e-02 3.514644351464435434e-02 1.698754246885617158e+00 1.924310455420141119e+00
5.384615384615384914e-02 3.333333333333333287e-02 1.685866816521494727e+00 1.950585175552665751e+00
6.320000000000000617e-02 5.040000000000000036e-02 1.615074024226110350e+00 1.944894651539708308e+00
5.594956658786445769e-02 3.546099290780142105e-02 1.611170784103114872e+00 1.852995676343421882e+00
6.379585326953747526e-02 4.066985645933014065e-02 1.628222523744911721e+00 1.875586120662707135e+00
7.008547008547008628e-02 4.017094017094017394e-02 1.695873374788015919e+00 1.944894651539708308e+00
6.120760959470637058e-02 3.722084367245657305e-02 1.656543346217559387e+00 1.952489424015619868e+00
6.564019448946514790e-02 2.836304700162074408e-02 1.655172413793103425e+00 1.879110554337613426e+00
7.679180887372014097e-02 3.498293515358361777e-02 1.685866816521494727e+00 2.001334222815210229e+00
6.393442622950819276e-02 3.278688524590164105e-02 1.645639056500274311e+00 1.911436763300414121e+00
8.063175394846218424e-02 3.906899418121363016e-02 1.701644923425978506e+00 1.902346227013316460e+00
6.872852233676976508e-02 4.123711340206185488e-02 1.695873374788015919e+00 1.981505944517833573e+00
6.705298013245032662e-02 4.221854304635761640e-02 1.662049861495844771e+00 1.941119378841798859e+00
6.523605150214592530e-02 2.575107296137339047e-02 1.667593107281823306e+00 1.946787800129785806e+00
7.383100902378998687e-02 3.609515996718622166e-02 1.684446939921392383e+00 1.920614596670934704e+00
6.190061028770706131e-02 3.487358326068003278e-02 1.714775650185767386e+00 1.975633849193282776e+00
4.899387576552930584e-02 3.149606299212598381e-02 1.690140845070422504e+00 1.983471074380165344e+00
6.869565217391304657e-02 4.956521739130434479e-02 1.704545454545454586e+00 2.013422818791946511e+00
5.981595092024540039e-02 3.911042944785276393e-02 1.605995717344753659e+00 1.856435643564356530e+00
6.737880032867707425e-02 4.601479046836483289e-02 1.677383282079955240e+00 1.918771985929005330e+00
5.398457583547557753e-02 3.598971722365038733e-02 1.691570341133352029e+00 1.975633849193282776e+00
4.810725552050473114e-02 4.416403785488959288e-02 1.618996222342147906e+00 1.905972045743329124e+00
7.024467245461719911e-02 3.314917127071823066e-02 1.622937516905599065e+00 1.896933291179260239e+00
5.930807248764415063e-02 3.377265238879736259e-02 1.651073197578426077e+00 1.946787800129785806e+00
6.866952789699570792e-02 3.347639484978540830e-02 1.698754246885617158e+00 1.933612632935868492e+00
6.692913385826772255e-02 4.173228346456692855e-02 1.630877955966295145e+00 1.891551071878940782e+00
6.397896581945661243e-02 3.768624014022786683e-02 1.723642631427750649e+00 1.967858314201377468e+00
6.023102310231023132e-02 3.877887788778877631e-02 1.625575724735843997e+00 1.943005181347150279e+00
6.424344885883347123e-02 3.550295857988165771e-02 1.683029453015427723e+00 1.937358734258960213e+00
5.445544554455445524e-02 2.887788778877887694e-02 1.651073197578426077e+00 1.946787800129785806e+00
5.113160100586756213e-02 3.520536462699078162e-02 1.667593107281823306e+00 1.993355481727574707e+00
4.848966613672495846e-02 2.941176470588235253e-02 1.630877955966295145e+00 1.880877742946708508e+00
7.459016393442623183e-02 4.590163934426229331e-02 1.662049861495844771e+00 1.935483870967741993e+00
5.421184320266889123e-02 3.919933277731443150e-02 1.648351648351648269e+00 1.907790143084260759e+00
7.014681892332789992e-02 2.691680261011419190e-02 1.659292035398230114e+00 1.889763779527559029e+00
5.823627287853577056e-02 3.910149750415973374e-02 1.625575724735843997e+00 1.929880990672241836e+00
7.607776838546069509e-02 3.296703296703296787e-02 1.698754246885617158e+00 1.967858314201377468e+00
5.347166799680766469e-02 2.633679169992019301e-02 1.626898047722342699e+00 1.886199308393586849e+00
7.373271889400921653e-02 5.253456221198156417e-02 1.815980629539951652e+00 2.078281953585036312e+00
5.370650529500756165e-02 3.782148260211800478e-02 1.584367573277000174e+00 1.852995676343421882e+00
6.604572396274344115e-02 3.895004233700254115e-02 1.705999431333522942e+00 1.963993453355155516e+00
5.822550831792976112e-02 4.343807763401109218e-02 1.789976133651551393e+00 2.029769959404601032e+00
5.922746781115879877e-02 3.347639484978540830e-02 1.681614349775784722e+00 1.958224543080939961e+00
6.283185840707965208e-02 3.008849557522123852e-02 1.687289088863892061e+00 1.971738416036805885e+00
7.401315789473683626e-02 3.782894736842105227e-02 1.673173452314556720e+00 1.905972045743329124e+00
6.581059390048153712e-02 3.852327447833065605e-02 1.659292035398230114e+00 1.887979861548143568e+00
5.387205387205386969e-02 4.545454545454545581e-02 1.674574379012001124e+00 1.946787800129785806e+00
6.196078431372548795e-02 2.980392156862745126e-02 1.580611169652265557e+00 1.893341748185547457e+00
6.260032102728732561e-02 3.210272873194221221e-02 1.640240568616730510e+00 1.913265306122448939e+00
6.415739948674080428e-02 3.421727972626176228e-02 1.703093954016463352e+00 1.931745009658724976e+00
6.733167082294264083e-02 3.241895261845386539e-02 1.693002257336343019e+00 1.941119378841798859e+00
6.016408386508659972e-02 3.919781221513218145e-02 1.774098166765227580e+00 2.019522046449007124e+00
6.976744186046511531e-02 4.568106312292358889e-02 1.691570341133352029e+00 1.911436763300414121e+00
5.512489233419465978e-02 3.359173126614987265e-02 1.683029453015427723e+00 1.935483870967741993e+00
6.893617021276596257e-02 4.595744680851063940e-02 1.704545454545454586e+00 1.941119378841798859e+00
5.394524959742350717e-02 3.784219001610306110e-02 1.636214889555494878e+00 1.911436763300414121e+00
7.301066447908120816e-02 4.019688269073010828e-02 1.671774867651156349e+00 1.896933291179260239e+00
6.276505513146735105e-02 5.089058524173027676e-02 1.698754246885617158e+00 1.952489424015619868e+00
6.298533218291631208e-02 3.451251078515962106e-02 1.705999431333522942e+00 1.948684637869438019e+00
6.199021207177814186e-02 3.752039151712887460e-02 1.684446939921392383e+00 1.916932907348242843e+00
6.013179571663920808e-02 3.459637561779242004e-02 1.673173452314556720e+00 1.913265306122448939e+00
5.939004815409310023e-02 4.815409309791332526e-02 1.628222523744911721e+00 1.958224543080939961e+00
5.831903945111492626e-02 3.001715265866209195e-02 1.708914839077185999e+00 1.954397394136807797e+00
6.024096385542168641e-02 3.855421686746988291e-02 1.618996222342147906e+00 1.911436763300414121e+00
6.125827814569536484e-02 3.228476821192052815e-02 1.687289088863892061e+00 1.924310455420141119e+00
5.263157894736841813e-02 3.536184210526315680e-02 1.641586867305061537e+00 1.913265306122448939e+00
5.514403292181069977e-02 3.703703703703703498e-02 1.644286105782406082e+00 1.891551071878940782e+00
6.729131175468483494e-02 3.492333901192504197e-02 1.675977653631284925e+00 2.019522046449007124e+00
6.783919597989949979e-02 2.931323283082077139e-02 1.697312588401697298e+00 1.944894651539708308e+00
5.769230769230769551e-02 4.765886287625418355e-02 1.664816870144284033e+00 1.944894651539708308e+00
5.792163543441226914e-02 3.066439522998296377e-02 1.694436599830556389e+00 1.937358734258960213e+00
7.355371900826446208e-02 4.793388429752066388e-02 1.685866816521494727e+00 1.941119378841798859e+00
5.481727574750830390e-02 3.986710963455149248e-02 1.632208922742111046e+00 1.926163723916533010e+00
6.190476190476190688e-02 2.936507936507936484e-02 1.636214889555494878e+00 1.875586120662707135e+00
5.801772763900080870e-02 3.384367445608380681e-02 1.648351648351648269e+00 1.865091700341933389e+00
6.633081444164568019e-02 3.022670025188916795e-02 1.652437345083998865e+00 1.929880990672241836e+00
5.250965250965251158e-02 3.243243243243243423e-02 1.603420630678781489e+00 1.861619609059881997e+00
6.960352422907488401e-02 2.907488986784140944e-02 1.743172574084834503e+00 1.944894651539708308e+00
5.706984667802385280e-02 4.344122657580919838e-02 1.683029453015427723e+00 1.999333555481506153e+00
6.225680933852140164e-02 4.280155642023346363e-02 1.613770844540075355e+00 1.891551071878940782e+00
6.615776081424935839e-02 2.714164546225614899e-02 1.664816870144284033e+00 1.939237233354880408e+00
4.915254237288135819e-02 3.898305084745763011e-02 1.655172413793103425e+00 1.963993453355155516e+00
7.192982456140351033e-02 3.070175438596491058e-02 1.704545454545454586e+00 1.975633849193282776e+00
6.606851549755302089e-02 2.691680261011419190e-02 1.685866816521494727e+00 1.858160421183028710e+00
6.138107416879795553e-02 3.665814151747655292e-02 1.680201624194903376e+00 2.005347593582887722e+00
5.798319327731092654e-02 3.529411764705882304e-02 1.670378619153674915e+00 1.967858314201377468e+00
5.767668562144597638e-02 4.224207961007311191e-02 1.674574379012001124e+00 1.905972045743329124e+00
6.887966804979253621e-02 3.983402489626555742e-02 1.690140845070422504e+00 1.944894651539708308e+00
6.204673650282030439e-02 3.384367445608380681e-02 1.622937516905599065e+00 1.877346683354192747e+00
8.139534883720930813e-02 3.405315614617940301e-02 1.720676799541152935e+00 1.916932907348242843e+00
6.666666666666666574e-02 3.015873015873015914e-02 1.640240568616730510e+00 1.868576767362192470e+00
6.359832635983263260e-02 4.016736401673640100e-02 1.675977653631284925e+00 1.935483870967741993e+00
6.451612903225806273e-02 4.010462074978204255e-02 1.713306681896059391e+00 1.965923984272608172e+00
6.250000000000000000e-02 4.358552631578947040e-02 1.677383282079955240e+00 1.924310455420141119e+00
6.087662337662337608e-02 3.003246753246753206e-02 1.615074024226110350e+00 1.900538485904339492e+00
5.114638447971781021e-02 3.262786596119929272e-02 1.701644923425978506e+00 1.956309096837300254e+00
6.260575296108290833e-02 2.707275803722504134e-02 1.688713763017168690e+00 1.911436763300414121e+00
5.580159433126660740e-02 3.542958370239149973e-02 1.716247139588100712e+00 1.960143743874550815e+00
5.958132045088566919e-02 2.657004830917874399e-02 1.626898047722342699e+00 1.866832607342874928e+00
6.144781144781144566e-02 3.198653198653198665e-02 1.673173452314556720e+00 1.948684637869438019e+00
5.838815789473684320e-02 4.194078947368420907e-02 1.652437345083998865e+00 1.939237233354880408e+00
6.175972927241962784e-02 4.483925549915397657e-02 1.667593107281823306e+00 1.958224543080939961e+00
5.626598465473145461e-02 3.154305200341005894e-02 1.708914839077185999e+00 1.952489424015619868e+00
6.347897774113767100e-02 3.627370156636438442e-02 1.703093954016463352e+00 1.928020565552699184e+00
5.944625407166123643e-02 2.931596091205211640e-02 1.664816870144284033e+00 1.922460749759692389e+00
6.451612903225806273e-02 3.056027164685908362e-02 1.678791270285394432e+00 1.954397394136807797e+00
5.497382198952879828e-02 3.141361256544502462e-02 1.701644923425978506e+00 1.973684210526315708e+00
7.202680067001675235e-02 2.931323283082077139e-02 1.660669803487406559e+00 1.944894651539708308e+00
7.309236947791164507e-02 4.257028112449798979e-02 1.655172413793103425e+00 1.877346683354192747e+00
5.555555555555555247e-02 3.864734299516908028e-02 1.621621621621621712e+00 1.907790143084260759e+00
5.371248025276461474e-02 2.764612954186413882e-02 1.617686708007549212e+00 1.858160421183028710e+00
4.667242869490060425e-02 3.543647363872082928e-02 1.695873374788015919e+00 1.939237233354880408e+00
7.035175879396984855e-02 4.355108877721942939e-02 1.684446939921392383e+00 1.935483870967741993e+00
7.768595041322313988e-02 3.140495867768595267e-02 1.670378619153674915e+00 1.905972045743329124e+00
5.964912280701754194e-02 3.596491228070175517e-02 1.703093954016463352e+00 1.971738416036805885e+00
6.569965870307167832e-02 3.668941979522184066e-02 1.719197707736389580e+00 1.975633849193282776e+00
5.951383067896060669e-02 3.772003352891869360e-02 1.675977653631284925e+00 1.933612632935868492e+00
5.774058577405857817e-02 3.347280334728033185e-02 1.671774867651156349e+00 1.922460749759692389e+00
5.668016194331983865e-02 3.076923076923077094e-02 1.648351648351648269e+00 1.891551071878940782e+00
5.588993981083405227e-02 2.923473774720550256e-02 1.694436599830556389e+00 1.965923984272608172e+00
5.944055944055944007e-02 3.321678321678321610e-02 1.732601790355183358e+00 1.971738416036805885e+00
6.359300476947535308e-02 3.815580286168521185e-02 1.634877384196185224e+00 1.891551071878940782e+00
5.739130434782608453e-02 2.782608695652174016e-02 1.703093954016463352e+00 1.935483870967741993e+00
7.240204429301533295e-02 3.577512776831345831e-02 1.704545454545454586e+00 1.962066710268149050e+00
6.842539159109645164e-02 2.802967848309975349e-02 1.680201624194903376e+00 1.913265306122448939e+00
7.428571428571428825e-02 4.081632653061224164e-02 1.671774867651156349e+00 1.950585175552665751e+00
5.848434925864909317e-02 3.624382207578253495e-02 1.648351648351648269e+00 1.933612632935868492e+00
5.449826989619377393e-02 4.152249134948096665e-02 1.695873374788015919e+00 1.962066710268149050e+00
5.968928863450531641e-02 2.861815208503679445e-02 1.637554585152838360e+00 1.918771985929005330e+00
6.496927129060579842e-02 3.160667251975417258e-02 1.697312588401697298e+00 1.962066710268149050e+00
5.596707818930041212e-02 4.032921810699588439e-02 1.677383282079955240e+00 1.935483870967741993e+00
6.497622820919175812e-02 4.041204437400951199e-02 1.621621621621621712e+00 1.929880990672241836e+00
5.254648342764753344e-02 3.395311236863379073e-02 1.617686708007549212e+00 1.920614596670934704e+00
6.418918918918918581e-02 3.716216216216216423e-02 1.681614349775784722e+00 1.967858314201377468e+00
4.515050167224080035e-02 3.762541806020067159e-02 1.662049861495844771e+00 1.937358734258960213e+00
5.004101722723543894e-02 3.691550451189499343e-02 1.656543346217559387e+00 1.952489424015619868e+00
6.374172185430464210e-02 3.311258278145695622e-02 1.683029453015427723e+00 1.937358734258960213e+00
5.836909871244635312e-02 3.519313304721029961e-02 1.678791270285394432e+00 1.956309096837300254e+00
6.168549087749782694e-02 4.083405734144222171e-02 1.691570341133352029e+00 1.965923984272608172e+00
8.126036484245439950e-02 3.814262023217247083e-02 1.691570341133352029e+00 1.933612632935868492e+00
6.043513295729250473e-02 4.029008863819500547e-02 1.636214889555494878e+00 1.907790143084260759e+00
7.258753202391118875e-02 4.440649017933390175e-02 1.710376282782211987e+00 1.983471074380165344e+00
6.542056074766354479e-02 3.823279524214103636e-02 1.714775650185767386e+00 1.946787800129785806e+00
6.029757243539545647e-02 3.288958496476115934e-02 1.597018898056960401e+00 1.900538485904339492e+00
5.249999999999999806e-02 3.749999999999999861e-02 1.638896476372575739e+00 1.915097350781998164e+00
6.099815157116451197e-02 3.512014787430683960e-02 1.775673276117194499e+00 2.038043478260869623e+00
8.065915004336512983e-02 4.163052905464006970e-02 1.744693224774643836e+00 1.944894651539708308e+00
6.705298013245032662e-02 3.228476821192052815e-02 1.698754246885617158e+00 1.898734177215189778e+00
5.403158769742311129e-02 4.156275976724854715e-02 1.664816870144284033e+00 1.926163723916533010e+00
7.094017094017093794e-02 4.529914529914529780e-02 1.670378619153674915e+00 2.033898305084745672e+00
6.893819334389857112e-02 3.407290015847860842e-02 1.646994235520175653e+00 1.907790143084260759e+00
6.098654708520179213e-02 3.228699551569506887e-02 1.729605073508215574e+00 1.993355481727574707e+00
6.440677966101694685e-02 3.813559322033898552e-02 1.684446939921392383e+00 1.956309096837300254e+00
6.229773462783171761e-02 3.155339805825242705e-02 1.655172413793103425e+00 1.879110554337613426e+00
7.927786499215071225e-02 3.453689167974881985e-02 1.632208922742111046e+00 1.889763779527559029e+00
4.956035171862509942e-02 3.197442046362909684e-02 1.628222523744911721e+00 1.891551071878940782e+00
6.704361873990306864e-02 3.634894991922455604e-02 1.652437345083998865e+00 1.880877742946708508e+00
6.816220880069025212e-02 4.314063848144952806e-02 1.695873374788015919e+00 1.987413050679032844e+00
6.514657980456026176e-02 4.397394136807817461e-02 1.632208922742111046e+00 1.907790143084260759e+00
7.008547008547008628e-02 3.675213675213675341e-02 1.716247139588100712e+00 1.967858314201377468e+00
6.451612903225806273e-02 3.639371381306865522e-02 1.655172413793103425e+00 1.929880990672241836e+00
6.338615512927439632e-02 2.835696413678065117e-02 1.674574379012001124e+00 1.922460749759692389e+00
5.311973018549746850e-02 4.468802698145025315e-02 1.678791270285394432e+00 1.928020565552699184e+00
5.618892508143322195e-02 3.990228013029315651e-02 1.637554585152838360e+00 1.948684637869438019e+00
6.065857885615251466e-02 3.119584055459272143e-02 1.707455890722823000e+00 1.965923984272608172e+00
6.395851339671564106e-02 3.025064822817631963e-02 1.707455890722823000e+00 1.962066710268149050e+00
6.031746031746031828e-02 3.174603174603174427e-02 1.644286105782406082e+00 1.866832607342874928e+00
6.141732283464566844e-02 3.779527559055118058e-02 1.612469766191883869e+00 1.896933291179260239e+00
5.679012345679012447e-02 4.609053497942387084e-02 1.625575724735843997e+00 1.929880990672241836e+00
7.363013698630137271e-02 4.109589041095890183e-02 1.681614349775784722e+00 1.950585175552665751e+00
7.154088050314465208e-02 3.459119496855345838e-02 1.628222523744911721e+00 1.887979861548143568e+00
6.060606060606060774e-02 3.872053872053871776e-02 1.666203832268814189e+00 1.911436763300414121e+00
6.095406360424028558e-02 3.798586572438162473e-02 1.723642631427750649e+00 2.005347593582887722e+00
5.244755244755244794e-02 3.846153846153846367e-02 1.701644923425978506e+00 2.044293015332197427e+00
5.754141238012205894e-02 3.923278116826504208e-02 1.708914839077185999e+00 1.969796454366382177e+00
5.760963026655201852e-02 3.267411865864144199e-02 1.700198356474922123e+00 1.979544704717914883e+00
5.769230769230769551e-02 3.260869565217391214e-02 1.684446939921392383e+00 1.929880990672241836e+00
5.746209098164405116e-02 3.511572226656025503e-02 1.633542063708140590e+00 1.863354037267080709e+00
6.388642413487133354e-02 3.815439219165927404e-02 1.725129384703852686e+00 1.952489424015619868e+00
6.199021207177814186e-02 4.893964110929853450e-02 1.640240568616730510e+00 1.922460749759692389e+00
6.957250628667226156e-02 4.191114836546521588e-02 1.657916551533572758e+00 1.943005181347150279e+00
6.537530266343825891e-02 3.470540758676352033e-02 1.630877955966295145e+00 1.916932907348242843e+00
6.106870229007633349e-02 4.325699745547073594e-02 1.690140845070422504e+00 1.969796454366382177e+00
6.327033689400164695e-02 4.272801972062448966e-02 1.659292035398230114e+00 1.915097350781998164e+00
5.926544240400667685e-02 3.005008347245409148e-02 1.685866816521494727e+00 1.928020565552699184e+00
7.943143812709030360e-02 2.759197324414715616e-02 1.691570341133352029e+00 1.928020565552699184e+00
6.618962432915921623e-02 4.025044722719141321e-02 1.752336448598130758e+00 2.033898305084745672e+00
5.000000000000000278e-02 4.051724137931034253e-02 1.701644923425978506e+00 1.971738416036805885e+00
4.952076677316293724e-02 4.073482428115016152e-02 1.626898047722342699e+00 1.915097350781998164e+00
6.032285471537807836e-02 3.908241291418861757e-02 1.673173452314556720e+00 1.956309096837300254e+00
5.187549880287310733e-02 3.591380686352753371e-02 1.615074024226110350e+00 1.893341748185547457e+00
8.112582781456953440e-02 3.145695364238410702e-02 1.666203832268814189e+00 1.898734177215189778e+00
6.341463414634146423e-02 3.658536585365853439e-02 1.674574379012001124e+00 1.905972045743329124e+00
5.742049469964664171e-02 2.915194346289752547e-02 1.710376282782211987e+00 2.001334222815210229e+00
7.996560619088563526e-02 3.439380911435941518e-02 1.725129384703852686e+00 1.973684210526315708e+00
6.370967741935483486e-02 3.064516129032257910e-02 1.642935377875136993e+00 1.873828856964397271e+00
6.170752324598478139e-02 2.958579881656804578e-02 1.677383282079955240e+00 1.981505944517833573e+00
4.978902953586497593e-02 4.050632911392405139e-02 1.678791270285394432e+00 1.916932907348242843e+00
6.730769230769230449e-02 3.671328671328671217e-02 1.722158438576349093e+00 1.989389920424403213e+00
6.228668941979521867e-02 4.692832764505119186e-02 1.677383282079955240e+00 1.950585175552665751e+00
5.848903330625507963e-02 4.224207961007311191e-02 1.638896476372575739e+00 1.895135818066961519e+00
5.594405594405594401e-02 3.496503496503496761e-02 1.681614349775784722e+00 1.981505944517833573e+00
5.641864268192968435e-02 4.497138184791496518e-02 1.636214889555494878e+00 1.943005181347150279e+00
5.714285714285714107e-02 2.857142857142857054e-02 1.651073197578426077e+00 1.880877742946708508e+00
6.575781876503608570e-02 3.769045709703287839e-02 1.659292035398230114e+00 1.905972045743329124e+00
4.861693210393965014e-02 3.185247275775356102e-02 1.648351648351648269e+00 1.931745009658724976e+00
4.713804713804713858e-02 3.787878787878787984e-02 1.632208922742111046e+00 1.971738416036805885e+00
6.112469437652811449e-02 3.504482477587612249e-02 1.637554585152838360e+00 1.905972045743329124e+00
5.245901639344262291e-02 3.360655737704917878e-02 1.641586867305061537e+00 1.920614596670934704e+00
7.263064658990256439e-02 3.365810451727192093e-02 1.719197707736389580e+00 1.971738416036805885e+00
5.946398659966499467e-02 4.271356783919597749e-02 1.678791270285394432e+00 1.950585175552665751e+00
4.631927212572373859e-02 3.970223325062034736e-02 1.636214889555494878e+00 1.965923984272608172e+00
6.516290726817042245e-02 3.341687552213867818e-02 1.653803748621830216e+00 1.935483870967741993e+00
7.692307692307692735e-02 3.488372093023255766e-02 1.746216530849825421e+00 1.999333555481506153e+00
7.459207459207459201e-02 3.574203574203574374e-02 1.648351648351648269e+00 1.841055538508745038e+00
5.691768826619964666e-02 2.977232924693520161e-02 1.698754246885617158e+00 2.017484868863483438e+00
5.923344947735191546e-02 3.135888501742160189e-02 1.711840228245363749e+00 1.989389920424403213e+00
6.309904153354632672e-02 3.993610223642172358e-02 1.646994235520175653e+00 1.907790143084260759e+00
5.998286203941730760e-02 3.341902313624678378e-02 1.717721156598912113e+00 1.967858314201377468e+00
4.865334491746307888e-02 3.214596003475238967e-02 1.697312588401697298e+00 1.993355481727574707e+00
5.996758508914100394e-02 2.917341977309562476e-02 1.617686708007549212e+00 1.895135818066961519e+00
7.130872483221475933e-02 5.201342281879194757e-02 1.701644923425978506e+00 2.013422818791946511e+00
7.854729729729729992e-02 3.547297297297297147e-02 1.707455890722823000e+00 1.952489424015619868e+00
5.451586655817738242e-02 4.068348250610252098e-02 1.653803748621830216e+00 1.939237233354880408e+00
5.668358714043993107e-02 3.722504230118443141e-02 1.667593107281823306e+00 1.960143743874550815e+00
6.786941580756013226e-02 3.522336769759450148e-02 1.731102135025966549e+00 1.985440105890138973e+00
5.638474295190713109e-02 3.233830845771144130e-02 1.653803748621830216e+00 1.969796454366382177e+00
5.481727574750830390e-02 3.571428571428571230e-02 1.667593107281823306e+00 1.933612632935868492e+00
6.329113924050633333e-02 4.219409282700421759e-02 1.711840228245363749e+00 1.963993453355155516e+00
6.707317073170732113e-02 3.919860627177700063e-02 1.723642631427750649e+00 1.979544704717914883e+00
6.459525756336877145e-02 3.597710547833197353e-02 1.659292035398230114e+00 1.900538485904339492e+00
6.924979389942291508e-02 3.462489694971145754e-02 1.674574379012001124e+00 1.918771985929005330e+00
5.587044534412955593e-02 2.429149797570850228e-02 1.626898047722342699e+00 1.884422110552763874e+00
6.677524429967426900e-02 3.257328990228013088e-02 1.636214889555494878e+00 1.882648258550360776e+00
5.012325390304026018e-02 3.697617091207888035e-02 1.626898047722342699e+00 1.887979861548143568e+00
6.746031746031745657e-02 3.174603174603174427e-02 1.653803748621830216e+00 1.849568434032059283e+00
6.195462478184991101e-02 3.752181500872600606e-02 1.708914839077185999e+00 1.979544704717914883e+00
6.700593723494487064e-02 4.919423240033927308e-02 1.693002257336343019e+00 1.971738416036805885e+00
6.541291905151266906e-02 3.679476696647587808e-02 1.667593107281823306e+00 1.924310455420141119e+00
5.690376569037657040e-02 2.510460251046025063e-02 1.678791270285394432e+00 1.924310455420141119e+00
7.506255212677230559e-02 3.586321934945788104e-02 1.681614349775784722e+00 1.946787800129785806e+00
5.136436597110754371e-02 4.012841091492776874e-02 1.630877955966295145e+00 1.879110554337613426e+00
6.035205364626990837e-02 2.849958088851634389e-02 1.690140845070422504e+00 1.909611712285168572e+00
6.140350877192982115e-02 2.870813397129186664e-02 1.630877955966295145e+00 1.896933291179260239e+00
6.115702479338842867e-02 4.214876033057850940e-02 1.667593107281823306e+00 1.941119378841798859e+00
6.298533218291631208e-02 3.278688524590164105e-02 1.681614349775784722e+00 1.956309096837300254e+00
7.559055118110236116e-02 4.566929133858267653e-02 1.646994235520175653e+00 1.905972045743329124e+00
5.609973285841495655e-02 2.938557435440783752e-02 1.714775650185767386e+00 1.977587343441002066e+00
5.502183406113537317e-02 5.152838427947598055e-02 1.734104046242774588e+00 1.989389920424403213e+00
6.552962298025134802e-02 3.321364452423698072e-02 1.726618705035971146e+00 1.991370726850315354e+00
6.553191489361702426e-02 3.914893617021276279e-02 1.687289088863892061e+00 1.943005181347150279e+00
7.638888888888889506e-02 3.472222222222222376e-02 1.740139211136890962e+00 1.960143743874550815e+00
6.628940986257073065e-02 3.314470493128536532e-02 1.674574379012001124e+00 1.880877742946708508e+00
6.176203451407811379e-02 3.451407811080835913e-02 1.743172574084834503e+00 2.035968781812012018e+00
6.804478897502153067e-02 4.909560723514212049e-02 1.678791270285394432e+00 1.983471074380165344e+00
6.018916595012897830e-02 4.299226139294926724e-02 1.690140845070422504e+00 1.958224543080939961e+00
5.000000000000000278e-02 3.250000000000000111e-02 1.662049861495844771e+00 1.922460749759692389e+00
5.020576131687242566e-02 4.526748971193415849e-02 1.666203832268814189e+00 1.922460749759692389e+00
6.389776357827475772e-02 3.753993610223642363e-02 1.608579088471849827e+00 1.904157410345922008e+00
7.476635514018691031e-02 3.058623619371282978e-02 1.714775650185767386e+00 1.946787800129785806e+00
7.404255319148936310e-02 4.255319148936170109e-02 1.720676799541152935e+00 1.948684637869438019e+00
6.148867313915857419e-02 3.236245954692556354e-02 1.637554585152838360e+00 1.895135818066961519e+00
6.517857142857143293e-02 2.767857142857142738e-02 1.728110599078340970e+00 2.001334222815210229e+00
6.317539484621778612e-02 2.410640066500415596e-02 1.667593107281823306e+00 1.896933291179260239e+00
5.670926517571885095e-02 3.674121405750798569e-02 1.608579088471849827e+00 1.915097350781998164e+00
6.329113924050633333e-02 3.713080168776371204e-02 1.673173452314556720e+00 1.920614596670934704e+00
8.251633986928104403e-02 3.839869281045751870e-02 1.685866816521494727e+00 1.909611712285168572e+00
6.372549019607842702e-02 3.676470588235294240e-02 1.681614349775784722e+00 1.893341748185547457e+00
5.778491171749598754e-02 3.210272873194221221e-02 1.622937516905599065e+00 1.895135818066961519e+00
6.234817813765182459e-02 4.291497975708501861e-02 1.659292035398230114e+00 1.891551071878940782e+00
5.672609400324148815e-02 3.322528363047001776e-02 1.628222523744911721e+00 1.922460749759692389e+00
4.549214226633581382e-02 2.894954507857733575e-02 1.660669803487406559e+00 1.904157410345922008e+00
7.349081364829396223e-02 2.887139107611548516e-02 1.740139211136890962e+00 1.983471074380165344e+00
5.770887166236003674e-02 3.186907838070628801e-02 1.687289088863892061e+00 1.981505944517833573e+00
7.923269391159298847e-02 2.502085070892410418e-02 1.683029453015427723e+00 1.915097350781998164e+00
6.766917293233082331e-02 3.926482873851294686e-02 1.703093954016463352e+00 1.929880990672241836e+00
5.810928013876843351e-02 2.341717259323503747e-02 1.705999431333522942e+00 1.989389920424403213e+00
6.627516778523490082e-02 4.362416107382550284e-02 1.677383282079955240e+00 1.971738416036805885e+00
5.643738977072310092e-02 3.527336860670193808e-02 1.707455890722823000e+00 1.981505944517833573e+00
5.437352245862884376e-02 2.285263987391646795e-02 1.598295151838039496e+00 1.873828856964397271e+00
5.071315372424722856e-02 4.516640253565768620e-02 1.629549158066268433e+00 1.911436763300414121e+00
5.407653910149750470e-02 2.579034941763727259e-02 1.667593107281823306e+00 1.907790143084260759e+00
6.568712186689715238e-02 3.975799481417458675e-02 1.714775650185767386e+00 1.937358734258960213e+00
7.401177460050462065e-02 3.364171572750210282e-02 1.700198356474922123e+00 1.905972045743329124e+00
7.809847198641765853e-02 2.801358234295416028e-02 1.701644923425978506e+00 1.928020565552699184e+00
6.519898391193904019e-02 3.217612193056731268e-02 1.671774867651156349e+00 1.952489424015619868e+00
6.280991735537190535e-02 3.553719008264463047e-02 1.628222523744911721e+00 1.900538485904339492e+00
6.884970612930310652e-02 3.778337531486146428e-02 1.657916551533572758e+00 1.941119378841798859e+00
6.783919597989949979e-02 3.601340033500837617e-02 1.675977653631284925e+00 1.944894651539708308e+00
5.481727574750830390e-02 3.156146179401993213e-02 1.684446939921392383e+00 1.929880990672241836e+00
7.281964436917866268e-02 4.149026248941575096e-02 1.693002257336343019e+00 1.941119378841798859e+00
7.313064913722268356e-02 3.944124897288413950e-02 1.668984700973574320e+00 1.915097350781998164e+00
6.164383561643835274e-02 3.253424657534246395e-02 1.698754246885617158e+00 1.977587343441002066e+00
7.061688311688311959e-02 4.058441558441558406e-02 1.659292035398230114e+00 1.907790143084260759e+00
8.851674641148325751e-02 2.870813397129186664e-02 1.675977653631284925e+00 1.858160421183028710e+00
6.833333333333332926e-02 3.333333333333333287e-02 1.668984700973574320e+00 1.905972045743329124e+00
7.069767441860465296e-02 3.069767441860465212e-02 1.786777843954735046e+00 2.021563342318059231e+00
6.959403479701739559e-02 3.976801988400994331e-02 1.663432215137233161e+00 1.937358734258960213e+00
6.366723259762309406e-02 3.735144312393887805e-02 1.677383282079955240e+00 1.950585175552665751e+00
5.550952775476387935e-02 2.982601491300745575e-02 1.649711300522408663e+00 1.913265306122448939e+00
6.063348416289592729e-02 3.710407239819004527e-02 1.750802451123431469e+00 2.007360321177651397e+00
6.631762652705061600e-02 3.228621291448516284e-02 1.710376282782211987e+00 1.967858314201377468e+00
6.110154905335628273e-02 3.184165232358003583e-02 1.677383282079955240e+00 1.946787800129785806e+00
4.696840307429547140e-02 3.842869342442357256e-02 1.655172413793103425e+00 1.962066710268149050e+00
6.523605150214592530e-02 3.519313304721029961e-02 1.710376282782211987e+00 1.954397394136807797e+00
6.831767719897523239e-02 4.099060631938514221e-02 1.703093954016463352e+00 1.973684210526315708e+00
5.725806451612903275e-02 2.661290322580645018e-02 1.612469766191883869e+00 1.882648258550360776e+00
5.427631578947368640e-02 3.453947368421052960e-02 1.652437345083998865e+00 1.898734177215189778e+00
6.106870229007633349e-02 3.053435114503816675e-02 1.598295151838039496e+00 1.827596710325921414e+00
7.627118644067797104e-02 3.559322033898305176e-02 1.697312588401697298e+00 1.937358734258960213e+00
6.502057613168724104e-02 5.020576131687242566e-02 1.652437345083998865e+00 1.958224543080939961e+00
5.700325732899022557e-02 4.234527687296416737e-02 1.652437345083998865e+00 1.913265306122448939e+00
6.157635467980295679e-02 4.022988505747126381e-02 1.640240568616730510e+00 1.896933291179260239e+00
5.551020408163265252e-02 3.183673469387755112e-02 1.616379310344827624e+00 1.891551071878940782e+00
5.735056542810985231e-02 4.604200323101777237e-02 1.632208922742111046e+00 1.911436763300414121e+00
5.644481887110362056e-02 3.706823925863521330e-02 1.674574379012001124e+00 1.944894651539708308e+00
5.289672544080604305e-02 2.938706968933669020e-02 1.660669803487406559e+00 1.941119378841798859e+00
6.931530008453085090e-02 2.874049027895181699e-02 1.717721156598912113e+00 1.950585175552665751e+00
6.014362657091561898e-02 4.757630161579892020e-02 1.708914839077185999e+00 2.044293015332197427e+00
5.195843325339728064e-02 3.517186250999200514e-02 1.638896476372575739e+00 1.875586120662707135e+00
6.611570247933884481e-02 3.553719008264463047e-02 1.684446939921392383e+00 1.887979861548143568e+00
6.469648562300318873e-02 3.514376996805111675e-02 1.645639056500274311e+00 1.866832607342874928e+00
5.745212323064113197e-02 3.164029975020816315e-02 1.646994235520175653e+00 1.941119378841798859e+00
5.533279871692060869e-02 3.528468323977546062e-02 1.632208922742111046e+00 1.872074882995319767e+00
5.420267085624509013e-02 3.063629222309505185e-02 1.598295151838039496e+00 1.859888406695598295e+00
6.799336650082918321e-02 3.731343283582089221e-02 1.644286105782406082e+00 1.933612632935868492e+00
6.152584085315832702e-02 3.445447087776866424e-02 1.652437345083998865e+00 1.952489424015619868e+00
6.525573192239858544e-02 3.439153439153438963e-02 1.756954612005856564e+00 1.977587343441002066e+00
6.078268109908409322e-02 3.413821815154038236e-02 1.653803748621830216e+00 1.916932907348242843e+00
5.921601334445371345e-02 3.419516263552960927e-02 1.678791270285394432e+00 1.935483870967741993e+00
6.479113384484228022e-02 3.410059676044330940e-02 1.681614349775784722e+00 1.952489424015619868e+00
6.649831649831650093e-02 3.703703703703703498e-02 1.687289088863892061e+00 1.931745009658724976e+00
6.028075970272502027e-02 4.128819157720892141e-02 1.649711300522408663e+00 1.915097350781998164e+00
6.921241050119331106e-02 3.898170246618933715e-02 1.653803748621830216e+00 1.861619609059881997e+00
6.166666666666666824e-02 3.583333333333333509e-02 1.667593107281823306e+00 1.962066710268149050e+00
5.314799672935404534e-02 2.371218315617334288e-02 1.637554585152838360e+00 1.889763779527559029e+00
5.587989991659716299e-02 4.003336113427856391e-02 1.671774867651156349e+00 1.911436763300414121e+00
5.155482815057282897e-02 3.682487725040916454e-02 1.645639056500274311e+00 1.929880990672241836e+00
5.527638190954774211e-02 2.931323283082077139e-02 1.671774867651156349e+00 1.907790143084260759e+00
6.912028725314182942e-02 2.872531418312387896e-02 1.772525849335302883e+00 2.003338898163605997e+00
6.589492430988423688e-02 4.185218165627782594e-02 1.764705882352941124e+00 2.003338898163605997e+00
5.436573311367380590e-02 4.118616144975287968e-02 1.649711300522408663e+00 1.929880990672241836e+00
5.927180355630821268e-02 3.048264182895851077e-02 1.675977653631284925e+00 1.922460749759692389e+00
5.456095481670929226e-02 3.410059676044330940e-02 1.667593107281823306e+00 1.935483870967741993e+00
5.555555555555555247e-02 3.211805555555555247e-02 1.734104046242774588e+00 1.979544704717914883e+00
6.443071491615180724e-02 3.000882612533098057e-02 1.729605073508215574e+00 1.997336884154460757e+00
7.769423558897242676e-02 4.010025062656641381e-02 1.688713763017168690e+00 1.931745009658724976e+00
5.693069306930693269e-02 4.290429042904290308e-02 1.646994235520175653e+00 1.946787800129785806e+00
6.485539000876423821e-02 2.979842243645924524e-02 1.701644923425978506e+00 1.952489424015619868e+00
5.942947702060221576e-02 3.565768621236133085e-02 1.624255549539794341e+00 1.873828856964397271e+00
6.250000000000000000e-02 3.631756756756756438e-02 1.690140845070422504e+00 1.954397394136807797e+00
5.527210884353741388e-02 3.571428571428571230e-02 1.688713763017168690e+00 1.926163723916533010e+00
6.018518518518518184e-02 3.086419753086419582e-02 1.605995717344753659e+00 1.858160421183028710e+00
6.399317406143344156e-02 2.901023890784983073e-02 1.695873374788015919e+00 1.935483870967741993e+00
6.468797564687975288e-02 4.033485540334855179e-02 1.598295151838039496e+00 1.841055538508745038e+00
6.578947368421052266e-02 3.618421052631579093e-02 1.677383282079955240e+00 1.889763779527559029e+00
