3.775241439859525899e-02 2.809482001755926259e-02 1.371115173674588572e+00 1.530612244897959107e+00
3.731343283582089221e-02 2.404643449419568979e-02 1.338090990187332796e+00 1.516683518705763456e+00
3.712671509281678661e-02 3.389830508474576259e-02 1.288106483469300123e+00 1.528273051451859432e+00
3.843137254901960592e-02 1.803921568627451025e-02 1.286449399656946824e+00 1.485148514851485135e+00
3.257042253521126585e-02 2.288732394366197256e-02 1.334519572953736688e+00 1.601708489054991968e+00
4.003407155025553998e-02 2.470187393526405290e-02 1.361779391738538347e+00 1.498501498501498608e+00
4.481327800829875557e-02 2.240663900414937779e-02 1.323918799646955025e+00 1.500750375187593688e+00
3.454231433506044918e-02 3.022452504317789390e-02 1.358080579447713987e+00 1.496259351620947697e+00
4.022988505747126381e-02 2.791461412151067384e-02 1.323918799646955025e+00 1.521298174442190732e+00
3.630363036303630581e-02 2.145214521452145154e-02 1.296456352636127907e+00 1.518987341772152000e+00
2.083333333333333218e-02 2.333333333333333440e-02 1.289767841788478142e+00 1.518987341772152000e+00
3.084415584415584402e-02 2.110389610389610399e-02 1.298139333621808778e+00 1.491795126802585747e+00
2.784602784602784736e-02 2.538902538902538739e-02 1.266891891891891886e+00 1.472031403336604427e+00
4.401993355481727266e-02 1.910299003322259159e-02 1.298139333621808778e+00 1.514386673397274174e+00
4.224207961007311191e-02 2.518277822908204788e-02 1.308329699084169295e+00 1.525940996948117911e+00
3.987240829346092724e-02 2.392344497607655496e-02 1.291433491175204562e+00 1.440230436869899266e+00
3.649635036496350071e-02 2.189781021897810320e-02 1.313485113835376472e+00 1.491795126802585747e+00
4.040404040404040747e-02 1.851851851851851749e-02 1.327433628318584136e+00 1.500750375187593688e+00
2.832618025751073090e-02 2.403433476394849916e-02 1.334519572953736688e+00 1.528273051451859432e+00
3.525365434221840177e-02 3.095442820292347227e-02 1.313485113835376472e+00 1.521298174442190732e+00
2.588235294117647092e-02 1.725490196078431279e-02 1.291433491175204562e+00 1.452784503631961321e+00
3.457216940363008056e-02 2.765773552290406306e-02 1.330967169476486189e+00 1.573976915005246502e+00
3.736799350121852020e-02 2.761982128350934027e-02 1.308329699084169295e+00 1.494023904382470125e+00
3.520000000000000212e-02 2.079999999999999905e-02 1.283147989734816141e+00 1.503006012024048044e+00
3.351955307262569767e-02 2.154828411811652092e-02 1.283147989734816141e+00 1.436093824796553342e+00
3.553299492385787045e-02 2.199661590524534804e-02 1.308329699084169295e+00 1.542416452442159303e+00
4.134762633996937053e-02 1.914241960183767077e-02 1.251042535446205139e+00 1.474201474201474182e+00
3.273322422258592712e-02 2.864157119476268276e-02 1.291433491175204562e+00 1.498501498501498608e+00
2.576891105569409715e-02 1.662510390689941886e-02 1.329198050509525997e+00 1.505268439538384406e+00
3.738317757009345516e-02 2.124044180118946426e-02 1.279863481228668887e+00 1.485148514851485135e+00
3.715937241948802372e-02 3.385631709331131389e-02 1.318681318681318659e+00 1.532958610117526765e+00
3.763900769888793574e-02 1.539777587681779268e-02 1.363636363636363535e+00 1.491795126802585747e+00
2.576112412177986033e-02 3.122560499609679935e-02 1.251042535446205139e+00 1.474201474201474182e+00
2.796052631578947387e-02 1.644736842105263067e-02 1.318681318681318659e+00 1.472031403336604427e+00
2.980132450331125782e-02 1.490066225165562891e-02 1.281503630926954296e+00 1.503006012024048044e+00
3.103448275862068922e-02 2.413793103448275829e-02 1.304915180513266604e+00 1.530612244897959107e+00
4.384485666104553231e-02 2.192242833052276615e-02 1.369237790963030665e+00 1.516683518705763456e+00
3.417412530512611846e-02 1.952807160292921104e-02 1.281503630926954296e+00 1.467710371819960891e+00
4.232804232804232569e-02 1.234567901234567833e-02 1.363636363636363535e+00 1.509813789632612036e+00
3.963666391412055956e-02 2.725020644095788730e-02 1.338090990187332796e+00 1.476377952755905554e+00
2.508361204013377990e-02 2.842809364548494824e-02 1.284796573875802927e+00 1.537672988211173708e+00
3.281378178835110682e-02 1.640689089417555341e-02 1.301518438177874160e+00 1.485148514851485135e+00
3.772003352891869360e-02 2.766135792120704220e-02 1.308329699084169295e+00 1.540041067761807048e+00
3.754266211604095904e-02 2.815699658703071581e-02 1.323918799646955025e+00 1.559251559251559227e+00
3.839732888146911438e-02 2.337228714524207038e-02 1.288106483469300123e+00 1.528273051451859432e+00
3.836530442035029215e-02 3.002502085070892293e-02 1.316944688323090418e+00 1.509813789632612036e+00
3.697478991596638703e-02 1.680672268907562952e-02 1.329198050509525997e+00 1.528273051451859432e+00
3.252710592160133751e-02 2.001668056713928195e-02 1.294777729823046952e+00 1.514386673397274174e+00
4.922279792746114130e-02 2.504317789291882548e-02 1.347103726986977890e+00 1.544799176107106042e+00
3.622577927548441268e-02 2.021903959561920788e-02 1.325673884224480847e+00 1.512096774193548487e+00
3.456998313659358918e-02 1.602023608768971333e-02 1.291433491175204562e+00 1.516683518705763456e+00
3.712871287128712700e-02 1.485148514851485080e-02 1.329198050509525997e+00 1.469867711905928465e+00
2.843216896831844004e-02 2.193338748984565226e-02 1.288106483469300123e+00 1.478560867422375580e+00
3.750997605746209107e-02 2.394253790901835696e-02 1.320422535211267512e+00 1.487357461576598983e+00
3.959561920808761515e-02 2.948609941027801121e-02 1.334519572953736688e+00 1.518987341772152000e+00
3.215434083601285964e-02 2.572347266881028910e-02 1.252609603340292255e+00 1.487357461576598983e+00
4.419410745233968985e-02 3.552859618717504192e-02 1.345291479820627911e+00 1.544799176107106042e+00
3.314001657000828494e-02 2.816901408450704289e-02 1.320422535211267512e+00 1.489572989076464848e+00
2.188006482982171944e-02 1.701782820097244575e-02 1.283147989734816141e+00 1.478560867422375580e+00
3.085904920767306228e-02 2.752293577981651529e-02 1.318681318681318659e+00 1.566579634464752013e+00
3.550295857988165771e-02 3.043110735418427804e-02 1.313485113835376472e+00 1.547189272821041683e+00
3.220338983050847342e-02 1.694915254237288130e-02 1.327433628318584136e+00 1.525940996948117911e+00
4.035087719298245668e-02 3.245614035087718979e-02 1.325673884224480847e+00 1.583949313621964006e+00
3.146258503401360568e-02 2.806122448979591830e-02 1.320422535211267512e+00 1.521298174442190732e+00
4.173622704507512493e-02 3.005008347245409148e-02 1.318681318681318659e+00 1.489572989076464848e+00
3.305084745762711801e-02 3.389830508474576259e-02 1.320422535211267512e+00 1.542416452442159303e+00
4.440649017933390175e-02 2.903501280956447342e-02 1.330967169476486189e+00 1.547189272821041683e+00
3.533278553820871221e-02 3.286770747740345305e-02 1.296456352636127907e+00 1.525940996948117911e+00
3.836734693877551228e-02 1.795918367346938799e-02 1.294777729823046952e+00 1.500750375187593688e+00
3.976311336717427980e-02 2.368866328257191248e-02 1.332741003998223039e+00 1.491795126802585747e+00
3.586678052946199596e-02 1.964133219470538122e-02 1.363636363636363535e+00 1.518987341772152000e+00
4.088050314465408591e-02 1.965408805031446451e-02 1.263689974726200482e+00 1.465559355153883692e+00
3.231597845601436036e-02 3.052064631956911966e-02 1.329198050509525997e+00 1.609442060085837012e+00
3.460207612456747683e-02 2.422145328719723170e-02 1.339883876730683321e+00 1.566579634464752013e+00
3.439153439153438963e-02 2.469135802469135665e-02 1.352569882777276744e+00 1.564129301355578816e+00
4.037005887300252477e-02 1.934398654331371051e-02 1.311762133799737606e+00 1.512096774193548487e+00
4.051724137931034253e-02 2.068965517241379282e-02 1.332741003998223039e+00 1.576458223857067686e+00
3.207698476343223692e-02 2.325581395348837177e-02 1.286449399656946824e+00 1.535312180143295846e+00
3.402489626556016306e-02 2.157676348547717810e-02 1.298139333621808778e+00 1.491795126802585747e+00
3.974562798092209914e-02 3.179650238473767654e-02 1.265288907633909776e+00 1.496259351620947697e+00
4.647302904564315496e-02 2.489626556016597339e-02 1.334519572953736688e+00 1.496259351620947697e+00
3.202195791399817248e-02 3.110704483074108045e-02 1.384402399630826119e+00 1.571503404924043945e+00
3.311258278145695622e-02 1.738410596026489924e-02 1.313485113835376472e+00 1.472031403336604427e+00
2.933985330073349621e-02 1.711491442542787192e-02 1.293103448275862100e+00 1.496259351620947697e+00
3.626943005181346852e-02 1.640759930915371492e-02 1.343484102104791855e+00 1.540041067761807048e+00
2.161263507896924244e-02 2.909393183707398300e-02 1.283147989734816141e+00 1.537672988211173708e+00
2.986348122866894217e-02 2.303754266211604021e-02 1.318681318681318659e+00 1.535312180143295846e+00
3.801652892561983160e-02 2.809917355371900974e-02 1.278227524499360834e+00 1.547189272821041683e+00
4.614093959731543904e-02 2.348993288590604106e-02 1.350742908599729786e+00 1.478560867422375580e+00
3.486529318541996963e-02 2.852614896988906606e-02 1.257334450963956352e+00 1.525940996948117911e+00
3.056027164685908362e-02 2.207130730050933798e-02 1.334519572953736688e+00 1.507537688442211143e+00
3.002502085070892293e-02 3.252710592160133751e-02 1.308329699084169295e+00 1.537672988211173708e+00
2.680067001675041916e-02 2.596314907872696726e-02 1.308329699084169295e+00 1.482946119624320325e+00
3.877887788778877631e-02 2.310231023102310086e-02 1.315212626041210031e+00 1.542416452442159303e+00
2.591093117408906771e-02 2.753036437246963661e-02 1.286449399656946824e+00 1.485148514851485135e+00
4.072790294627383345e-02 2.772963604852686156e-02 1.361779391738538347e+00 1.537672988211173708e+00
3.370786516853932491e-02 2.166934189406099359e-02 1.276595744680851130e+00 1.491795126802585747e+00
2.588996763754045430e-02 2.427184466019417439e-02 1.284796573875802927e+00 1.523616048755713548e+00
4.212299915754001700e-02 1.684919966301600541e-02 1.316944688323090418e+00 1.525940996948117911e+00
3.341687552213867818e-02 3.091060985797827732e-02 1.318681318681318659e+00 1.549586776859504189e+00
2.700617283950617134e-02 2.777777777777777624e-02 1.238645747316267531e+00 1.452784503631961321e+00
3.156996587030716506e-02 2.474402730375426657e-02 1.306620209059233373e+00 1.528273051451859432e+00
3.609515996718622166e-02 2.625102543068088753e-02 1.303214596003475334e+00 1.503006012024048044e+00
3.807947019867549687e-02 2.235099337748344336e-02 1.322168356104010511e+00 1.509813789632612036e+00
4.085106382978723194e-02 2.297872340425531970e-02 1.330967169476486189e+00 1.542416452442159303e+00
3.430079155672823010e-02 1.671064204045734358e-02 1.374885426214482065e+00 1.540041067761807048e+00
4.076539101497504008e-02 2.745424292845257894e-02 1.303214596003475334e+00 1.540041067761807048e+00
3.911564625850340315e-02 3.571428571428571230e-02 1.336302895322939888e+00 1.571503404924043945e+00
2.489959839357429663e-02 2.650602409638554147e-02 1.291433491175204562e+00 1.474201474201474182e+00
3.500397772474144603e-02 2.068416865552903661e-02 1.288106483469300123e+00 1.446480231436837016e+00
4.178019981834695667e-02 2.543142597638510527e-02 1.378676470588235281e+00 1.566579634464752013e+00
4.099060631938514221e-02 2.305721605465414076e-02 1.378676470588235281e+00 1.551991722710812205e+00
4.497138184791496518e-02 2.534750613246116238e-02 1.334519572953736688e+00 1.505268439538384406e+00
4.196428571428571092e-02 2.678571428571428423e-02 1.382488479262672820e+00 1.566579634464752013e+00
4.258804258804258641e-02 1.883701883701883670e-02 1.298139333621808778e+00 1.503006012024048044e+00
3.409090909090908839e-02 1.923076923076923184e-02 1.338090990187332796e+00 1.547189272821041683e+00
4.549590536851683131e-02 2.183803457688808167e-02 1.358080579447713987e+00 1.594048884165781166e+00
3.914893617021276279e-02 2.638297872340425454e-02 1.339883876730683321e+00 1.573976915005246502e+00
3.192407247627265104e-02 1.898188093183779054e-02 1.325673884224480847e+00 1.554404145077720178e+00
3.191489361702127409e-02 1.554828150572831399e-02 1.273344651952461826e+00 1.480750246791707747e+00
3.986429177268872165e-02 2.459711620016963654e-02 1.322168356104010511e+00 1.521298174442190732e+00
3.313508920985556300e-02 2.803738317757009310e-02 1.311762133799737606e+00 1.535312180143295846e+00
4.135021097046413796e-02 2.025316455696202569e-02 1.296456352636127907e+00 1.503006012024048044e+00
3.170731707317073211e-02 2.682926829268292637e-02 1.284796573875802927e+00 1.521298174442190732e+00
2.807597027250206476e-02 1.899256812551610232e-02 1.320422535211267512e+00 1.528273051451859432e+00
3.384094754653130255e-02 1.945854483925549966e-02 1.304915180513266604e+00 1.540041067761807048e+00
4.022988505747126381e-02 2.052545155993431777e-02 1.339883876730683321e+00 1.491795126802585747e+00
3.236514522821577061e-02 2.738589211618257246e-02 1.291433491175204562e+00 1.523616048755713548e+00
2.629482071713147573e-02 1.992031872509960125e-02 1.294777729823046952e+00 1.463414634146341431e+00
3.252710592160133751e-02 2.502085070892410418e-02 1.336302895322939888e+00 1.487357461576598983e+00
4.294975688816855819e-02 2.836304700162074408e-02 1.311762133799737606e+00 1.507537688442211143e+00
3.986135181975736241e-02 2.686308492201039747e-02 1.361779391738538347e+00 1.547189272821041683e+00
3.501628664495114174e-02 2.442996742671009816e-02 1.270110076206604655e+00 1.528273051451859432e+00
2.697998259355961770e-02 1.740644038294168749e-02 1.332741003998223039e+00 1.540041067761807048e+00
4.288025889967637255e-02 2.346278317152103443e-02 1.327433628318584136e+00 1.474201474201474182e+00
3.173311635475997011e-02 2.685109845402766648e-02 1.279863481228668887e+00 1.507537688442211143e+00
3.405315614617940301e-02 1.661129568106312418e-02 1.320422535211267512e+00 1.509813789632612036e+00
3.672075149444918585e-02 2.732707087959009365e-02 1.316944688323090418e+00 1.566579634464752013e+00
3.781882145998240879e-02 2.286719437115215456e-02 1.394052044609665364e+00 1.551991722710812205e+00
3.411860276198212805e-02 2.518277822908204788e-02 1.286449399656946824e+00 1.516683518705763456e+00
4.511894995898277361e-02 2.132895816242821874e-02 1.338090990187332796e+00 1.478560867422375580e+00
4.556962025316455694e-02 1.940928270042194259e-02 1.318681318681318659e+00 1.472031403336604427e+00
3.614457831325301046e-02 2.065404475043029417e-02 1.332741003998223039e+00 1.549586776859504189e+00
3.731343283582089221e-02 2.736318407960199039e-02 1.332741003998223039e+00 1.564129301355578816e+00
3.421052631578947595e-02 2.982456140350877097e-02 1.354401805869074549e+00 1.566579634464752013e+00
3.057119871279163209e-02 2.252614641995173000e-02 1.262095077829196388e+00 1.448575567358763916e+00
2.588996763754045430e-02 1.699029126213592172e-02 1.288106483469300123e+00 1.476377952755905554e+00
3.565365025466893378e-02 1.952461799660441463e-02 1.316944688323090418e+00 1.535312180143295846e+00
3.297609233305853066e-02 2.720527617477329005e-02 1.296456352636127907e+00 1.476377952755905554e+00
3.146258503401360568e-02 3.061224489795918297e-02 1.322168356104010511e+00 1.561686621551275467e+00
3.849372384937238545e-02 1.924686192468619272e-02 1.356238698010849841e+00 1.491795126802585747e+00
4.258943781942078205e-02 2.896081771720613457e-02 1.367365542388331745e+00 1.530612244897959107e+00
3.325223033252230204e-02 1.622060016220600032e-02 1.301518438177874160e+00 1.487357461576598983e+00
3.383793410507569127e-02 2.404274265360641094e-02 1.339883876730683321e+00 1.578947368421052655e+00
3.921568627450980338e-02 1.790281329923273587e-02 1.341681574239713681e+00 1.523616048755713548e+00
3.346613545816733148e-02 1.752988047808765049e-02 1.313485113835376472e+00 1.434034416826003744e+00
2.687296416938110902e-02 1.954397394136807645e-02 1.288106483469300123e+00 1.474201474201474182e+00
4.855195911413969639e-02 1.448040885860306728e-02 1.341681574239713681e+00 1.491795126802585747e+00
3.754266211604095904e-02 3.498293515358361777e-02 1.345291479820627911e+00 1.507537688442211143e+00
4.135649296939619690e-02 2.564102564102564014e-02 1.313485113835376472e+00 1.489572989076464848e+00
3.169572107765451785e-02 1.584786053882725892e-02 1.281503630926954296e+00 1.448575567358763916e+00
4.191114836546521588e-02 2.514668901927912675e-02 1.298139333621808778e+00 1.523616048755713548e+00
3.102040816326530684e-02 2.204081632653061285e-02 1.310043668122270688e+00 1.516683518705763456e+00
4.307432432432432151e-02 2.027027027027027140e-02 1.339883876730683321e+00 1.535312180143295846e+00
2.614379084967320341e-02 1.388888888888888812e-02 1.299826689774696620e+00 1.465559355153883692e+00
4.016393442622950838e-02 2.540983606557377025e-02 1.289767841788478142e+00 1.530612244897959107e+00
3.102040816326530684e-02 2.204081632653061285e-02 1.278227524499360834e+00 1.521298174442190732e+00
3.983739837398374284e-02 2.357723577235772486e-02 1.294777729823046952e+00 1.498501498501498608e+00
3.263403263403263227e-02 2.408702408702408787e-02 1.255755546253662702e+00 1.454898157129000946e+00
3.568532035685320625e-02 2.027575020275750040e-02 1.286449399656946824e+00 1.472031403336604427e+00
2.910958904109588880e-02 2.739726027397260122e-02 1.336302895322939888e+00 1.559251559251559227e+00
2.980132450331125782e-02 2.731788079470198749e-02 1.315212626041210031e+00 1.518987341772152000e+00
4.022526146419951737e-02 2.976669348350764396e-02 1.293103448275862100e+00 1.500750375187593688e+00
4.073482428115016152e-02 1.757188498402555837e-02 1.291433491175204562e+00 1.465559355153883692e+00
3.723816912335143475e-02 2.017067494181536136e-02 1.263689974726200482e+00 1.444390948483389447e+00
2.344381568310428474e-02 2.748585286984640136e-02 1.268498942917547501e+00 1.512096774193548487e+00
3.580349708576186646e-02 2.664446294754371433e-02 1.322168356104010511e+00 1.474201474201474182e+00
3.919933277731443150e-02 2.335279399499582895e-02 1.341681574239713681e+00 1.487357461576598983e+00
5.286343612334801906e-02 2.466960352422907510e-02 1.394052044609665364e+00 1.503006012024048044e+00
4.362703165098374969e-02 1.710863986313088114e-02 1.339883876730683321e+00 1.509813789632612036e+00
3.593272171253822367e-02 2.522935779816513902e-02 1.281503630926954296e+00 1.431980906921241026e+00
3.433835845896147237e-02 2.345058626465661503e-02 1.306620209059233373e+00 1.516683518705763456e+00
3.735144312393887805e-02 2.716468590831918467e-02 1.343484102104791855e+00 1.500750375187593688e+00
2.818104184457728353e-02 2.391118701964133064e-02 1.283147989734816141e+00 1.544799176107106042e+00
3.392705682782018450e-02 2.798982188295165430e-02 1.313485113835376472e+00 1.491795126802585747e+00
3.827361563517915621e-02 2.117263843648208368e-02 1.322168356104010511e+00 1.512096774193548487e+00
3.152088258471236887e-02 2.836879432624113406e-02 1.270110076206604655e+00 1.482946119624320325e+00
3.246753246753246447e-02 2.353896103896103986e-02 1.318681318681318659e+00 1.476377952755905554e+00
4.065040650406503975e-02 2.520325203252032562e-02 1.291433491175204562e+00 1.521298174442190732e+00
3.794266441821247948e-02 2.276559865092748700e-02 1.310043668122270688e+00 1.544799176107106042e+00
3.985828166519043286e-02 2.745792736935340900e-02 1.359927470534904703e+00 1.573976915005246502e+00
3.428093645484949631e-02 1.505016722408026794e-02 1.296456352636127907e+00 1.478560867422375580e+00
3.944124897288413950e-02 3.204601479046836204e-02 1.323918799646955025e+00 1.503006012024048044e+00
2.770780856423173816e-02 3.022670025188916795e-02 1.301518438177874160e+00 1.518987341772152000e+00
3.798586572438162473e-02 1.766784452296819852e-02 1.356238698010849841e+00 1.532958610117526765e+00
3.835860838537020340e-02 2.765388046387154408e-02 1.358080579447713987e+00 1.571503404924043945e+00
3.156996587030716506e-02 2.133105802047781732e-02 1.352569882777276744e+00 1.516683518705763456e+00
2.588996763754045430e-02 2.588996763754045430e-02 1.289767841788478142e+00 1.498501498501498608e+00
2.595296025952960328e-02 2.514193025141930188e-02 1.296456352636127907e+00 1.482946119624320325e+00
4.221854304635761640e-02 2.235099337748344336e-02 1.322168356104010511e+00 1.459143968871595254e+00
3.456998313659358918e-02 2.360876897133220784e-02 1.332741003998223039e+00 1.537672988211173708e+00
3.220478943022295898e-02 2.229562345169281562e-02 1.303214596003475334e+00 1.469867711905928465e+00
4.269293924466338597e-02 1.477832512315270866e-02 1.329198050509525997e+00 1.514386673397274174e+00
2.698145025295109467e-02 2.276559865092748700e-02 1.278227524499360834e+00 1.512096774193548487e+00
3.731343283582089221e-02 1.658374792703150996e-02 1.296456352636127907e+00 1.525940996948117911e+00
3.679999999999999938e-02 2.400000000000000050e-02 1.284796573875802927e+00 1.487357461576598983e+00
3.903654485049833783e-02 2.325581395348837177e-02 1.288106483469300123e+00 1.528273051451859432e+00
2.491694352159468454e-02 2.242524916943521712e-02 1.299826689774696620e+00 1.482946119624320325e+00
4.354971240755957373e-02 2.958093672966310636e-02 1.303214596003475334e+00 1.507537688442211143e+00
2.792321116928446825e-02 4.101221640488655895e-02 1.345291479820627911e+00 1.581444385872430081e+00
3.094462540716612364e-02 2.605863192182410540e-02 1.293103448275862100e+00 1.547189272821041683e+00
3.012048192771084321e-02 2.581755593803786511e-02 1.336302895322939888e+00 1.535312180143295846e+00
4.184457728437233209e-02 1.793339026473099798e-02 1.339883876730683321e+00 1.518987341772152000e+00
3.456998313659358918e-02 2.360876897133220784e-02 1.306620209059233373e+00 1.535312180143295846e+00
3.624382207578253495e-02 2.388797364085667313e-02 1.293103448275862100e+00 1.507537688442211143e+00
2.816901408450704289e-02 3.433098591549296058e-02 1.322168356104010511e+00 1.551991722710812205e+00
3.517587939698492427e-02 2.763819095477387106e-02 1.330967169476486189e+00 1.523616048755713548e+00
3.352891869237217132e-02 2.263202011735121477e-02 1.325673884224480847e+00 1.509813789632612036e+00
3.119584055459272143e-02 2.166377816291161287e-02 1.339883876730683321e+00 1.540041067761807048e+00
3.707052441229656548e-02 1.808318264014466617e-02 1.352569882777276744e+00 1.566579634464752013e+00
2.287581699346405081e-02 3.022875816993464068e-02 1.298139333621808778e+00 1.540041067761807048e+00
3.473945409429280567e-02 2.977667493796526052e-02 1.298139333621808778e+00 1.500750375187593688e+00
3.011514614703277373e-02 2.214348981399468647e-02 1.365498406918525198e+00 1.604278074866310133e+00
3.645833333333333565e-02 2.604166666666666782e-02 1.347103726986977890e+00 1.498501498501498608e+00
2.903225806451613031e-02 1.693548387096774355e-02 1.260504201680672232e+00 1.478560867422375580e+00
3.002729754322110839e-02 3.184713375796178331e-02 1.378676470588235281e+00 1.559251559251559227e+00
3.534482758620689780e-02 2.327586206896551865e-02 1.343484102104791855e+00 1.523616048755713548e+00
3.062117235345581875e-02 2.537182852143482145e-02 1.315212626041210031e+00 1.544799176107106042e+00
2.785030461270670069e-02 2.349869451697127881e-02 1.352569882777276744e+00 1.564129301355578816e+00
3.659574468085106252e-02 1.617021276595744655e-02 1.320422535211267512e+00 1.476377952755905554e+00
3.061224489795918297e-02 2.806122448979591830e-02 1.313485113835376472e+00 1.507537688442211143e+00
4.195205479452054909e-02 2.054794520547945091e-02 1.329198050509525997e+00 1.551991722710812205e+00
4.504504504504504292e-02 2.784602784602784736e-02 1.293103448275862100e+00 1.505268439538384406e+00
3.507271171941830912e-02 2.566295979469632171e-02 1.329198050509525997e+00 1.581444385872430081e+00
4.166666666666666435e-02 2.636054421768707634e-02 1.304915180513266604e+00 1.542416452442159303e+00
2.871205906480722020e-02 1.886792452830188607e-02 1.313485113835376472e+00 1.482946119624320325e+00
4.081632653061224164e-02 2.511773940345369063e-02 1.266891891891891886e+00 1.503006012024048044e+00
3.603603603603603572e-02 2.129402129402129321e-02 1.330967169476486189e+00 1.556824078879086581e+00
4.700162074554294772e-02 2.188006482982171944e-02 1.268498942917547501e+00 1.459143968871595254e+00
4.328018223234623985e-02 2.201974183750949124e-02 1.265288907633909776e+00 1.461276181198246427e+00
3.257328990228013088e-02 2.035830618892508007e-02 1.313485113835376472e+00 1.521298174442190732e+00
4.180327868852459078e-02 2.786885245901639385e-02 1.315212626041210031e+00 1.491795126802585747e+00
4.229074889867841247e-02 1.938325991189427180e-02 1.376778338687471237e+00 1.554404145077720178e+00
2.861815208503679445e-02 2.452984464431725437e-02 1.293103448275862100e+00 1.452784503631961321e+00
3.693931398416886586e-02 2.726473175021987619e-02 1.345291479820627911e+00 1.551991722710812205e+00
3.132728771640560378e-02 2.308326463314097285e-02 1.294777729823046952e+00 1.503006012024048044e+00
4.003267973856208806e-02 1.633986928104575256e-02 1.311762133799737606e+00 1.487357461576598983e+00
3.941730934018852078e-02 2.399314481576692373e-02 1.356238698010849841e+00 1.514386673397274174e+00
4.424040066777962937e-02 2.504173622704507565e-02 1.343484102104791855e+00 1.509813789632612036e+00
4.477611940298507204e-02 2.985074626865671585e-02 1.316944688323090418e+00 1.518987341772152000e+00
2.866779089376053982e-02 3.119730185497470581e-02 1.348920863309352569e+00 1.556824078879086581e+00
4.258943781942078205e-02 2.129471890971039102e-02 1.308329699084169295e+00 1.482946119624320325e+00
3.065451532725766218e-02 1.905550952775476523e-02 1.315212626041210031e+00 1.503006012024048044e+00
3.771929824561403438e-02 2.631578947368420907e-02 1.354401805869074549e+00 1.569037656903765621e+00
2.700421940928270093e-02 2.784810126582278403e-02 1.293103448275862100e+00 1.500750375187593688e+00
3.153526970954356745e-02 2.572614107883817308e-02 1.286449399656946824e+00 1.525940996948117911e+00
3.553299492385787045e-02 1.945854483925549966e-02 1.339883876730683321e+00 1.516683518705763456e+00
2.704987320371935594e-02 2.197802197802197974e-02 1.336302895322939888e+00 1.485148514851485135e+00
3.786574870912220309e-02 2.667814113597246142e-02 1.322168356104010511e+00 1.564129301355578816e+00
3.108808290155440357e-02 1.899827288428324740e-02 1.310043668122270688e+00 1.498501498501498608e+00
3.322528363047001776e-02 1.782820097244732643e-02 1.323918799646955025e+00 1.467710371819960891e+00
3.278688524590164105e-02 1.898188093183779054e-02 1.330967169476486189e+00 1.512096774193548487e+00
3.530377668308702643e-02 1.559934318555008213e-02 1.299826689774696620e+00 1.528273051451859432e+00
3.122432210353327797e-02 2.875924404272801882e-02 1.298139333621808778e+00 1.523616048755713548e+00
3.993735317149569447e-02 2.740798747063430060e-02 1.279863481228668887e+00 1.474201474201474182e+00
2.875924404272801882e-02 2.465078060805258806e-02 1.298139333621808778e+00 1.540041067761807048e+00
2.927215189873417708e-02 1.740506329113923958e-02 1.234060057589469350e+00 1.472031403336604427e+00
2.413793103448275829e-02 2.758620689655172376e-02 1.327433628318584136e+00 1.512096774193548487e+00
4.074979625101874531e-02 2.770986145069274584e-02 1.303214596003475334e+00 1.489572989076464848e+00
3.878583473861720032e-02 2.276559865092748700e-02 1.330967169476486189e+00 1.496259351620947697e+00
2.936378466557912001e-02 1.549755301794453546e-02 1.310043668122270688e+00 1.457017969888295239e+00
3.231151615575807851e-02 1.325600662800331328e-02 1.329198050509525997e+00 1.503006012024048044e+00
3.652597402597402426e-02 2.678571428571428423e-02 1.291433491175204562e+00 1.478560867422375580e+00
4.651162790697674354e-02 2.236135957066189700e-02 1.372997711670480570e+00 1.540041067761807048e+00
3.636363636363636187e-02 1.731601731601731600e-02 1.347103726986977890e+00 1.549586776859504189e+00
4.000000000000000083e-02 2.212765957446808512e-02 1.348920863309352569e+00 1.547189272821041683e+00
3.913405495420482771e-02 3.330557868442964031e-02 1.339883876730683321e+00 1.503006012024048044e+00
2.964743589743589619e-02 1.282051282051282007e-02 1.276595744680851130e+00 1.491795126802585747e+00
2.924451665312753981e-02 2.274573517465475203e-02 1.289767841788478142e+00 1.507537688442211143e+00
3.341483292583537212e-02 2.852485737571312102e-02 1.327433628318584136e+00 1.485148514851485135e+00
2.810902896081771823e-02 1.703577512776831282e-02 1.330967169476486189e+00 1.516683518705763456e+00
3.586321934945788104e-02 2.001668056713928195e-02 1.318681318681318659e+00 1.509813789632612036e+00
3.056768558951964906e-02 2.445414847161572064e-02 1.341681574239713681e+00 1.521298174442190732e+00
3.409090909090908839e-02 2.622377622377622397e-02 1.341681574239713681e+00 1.588983050847457612e+00
3.480475382003395818e-02 2.122241086587436237e-02 1.318681318681318659e+00 1.532958610117526765e+00
5.176876617773942812e-02 2.588438308886971406e-02 1.363636363636363535e+00 1.547189272821041683e+00
4.062229904926534241e-02 3.284356093344857619e-02 1.347103726986977890e+00 1.496259351620947697e+00
3.080766028309741764e-02 2.497918401332223023e-02 1.298139333621808778e+00 1.494023904382470125e+00
3.092783505154639290e-02 1.982553528945281418e-02 1.263689974726200482e+00 1.454898157129000946e+00
3.748981255093724457e-02 2.200488997555012302e-02 1.320422535211267512e+00 1.478560867422375580e+00
4.146341463414634360e-02 2.926829268292683098e-02 1.306620209059233373e+00 1.474201474201474182e+00
3.078202995008319509e-02 3.078202995008319509e-02 1.271725307333615884e+00 1.518987341772152000e+00
3.732638888888888812e-02 3.125000000000000000e-02 1.339883876730683321e+00 1.566579634464752013e+00
3.037205770690964285e-02 2.201974183750949124e-02 1.227998362668849763e+00 1.401869158878504606e+00
3.464947622884770317e-02 2.578565672844480156e-02 1.279863481228668887e+00 1.467710371819960891e+00
2.941176470588235253e-02 2.464228934817170105e-02 1.286449399656946824e+00 1.480750246791707747e+00
3.359858532272325116e-02 3.183023872679045102e-02 1.345291479820627911e+00 1.566579634464752013e+00
3.400809716599190180e-02 2.995951417004048475e-02 1.293103448275862100e+00 1.521298174442190732e+00
3.559870550161812336e-02 1.456310679611650533e-02 1.303214596003475334e+00 1.463414634146341431e+00
3.303787268331990351e-02 2.175664786462530240e-02 1.289767841788478142e+00 1.485148514851485135e+00
4.079933388842631181e-02 1.998334721065778488e-02 1.323918799646955025e+00 1.551991722710812205e+00
3.956228956228956262e-02 2.693602693602693485e-02 1.316944688323090418e+00 1.551991722710812205e+00
3.186907838070628801e-02 2.325581395348837177e-02 1.354401805869074549e+00 1.500750375187593688e+00
3.660436137071650803e-02 2.647975077881619885e-02 1.249479383590170745e+00 1.450676982591876163e+00
3.934426229508197065e-02 3.114754098360655865e-02 1.323918799646955025e+00 1.491795126802585747e+00
3.550784475639966881e-02 1.981833195706027978e-02 1.329198050509525997e+00 1.530612244897959107e+00
4.452054794520547698e-02 3.082191780821917637e-02 1.320422535211267512e+00 1.551991722710812205e+00
3.177257525083612005e-02 1.337792642140468204e-02 1.281503630926954296e+00 1.518987341772152000e+00
2.852614896988906606e-02 2.852614896988906606e-02 1.284796573875802927e+00 1.452784503631961321e+00
3.322784810126581945e-02 2.294303797468354514e-02 1.268498942917547501e+00 1.491795126802585747e+00
3.585982070089649421e-02 2.363488182559087339e-02 1.279863481228668887e+00 1.496259351620947697e+00
4.568106312292358889e-02 1.993355481727574624e-02 1.332741003998223039e+00 1.496259351620947697e+00
3.381234150464920013e-02 2.282333051563820853e-02 1.330967169476486189e+00 1.509813789632612036e+00
3.422370617696160466e-02 1.585976627712854664e-02 1.323918799646955025e+00 1.498501498501498608e+00
2.646815550041356491e-02 2.481389578163771883e-02 1.291433491175204562e+00 1.549586776859504189e+00
4.119547657512116073e-02 2.100161550888529974e-02 1.323918799646955025e+00 1.463414634146341431e+00
3.713080168776371204e-02 2.025316455696202569e-02 1.310043668122270688e+00 1.530612244897959107e+00
2.325581395348837177e-02 1.627906976744186024e-02 1.252609603340292255e+00 1.459143968871595254e+00
3.656462585034013502e-02 1.445578231292517050e-02 1.348920863309352569e+00 1.507537688442211143e+00
3.195164075993091324e-02 2.590673575129533515e-02 1.311762133799737606e+00 1.500750375187593688e+00
3.421052631578947595e-02 1.929824561403508873e-02 1.304915180513266604e+00 1.537672988211173708e+00
3.814262023217247083e-02 2.404643449419568979e-02 1.301518438177874160e+00 1.487357461576598983e+00
3.228476821192052815e-02 2.566225165562913829e-02 1.311762133799737606e+00 1.505268439538384406e+00
4.333050127442650973e-02 2.888700084961767084e-02 1.348920863309352569e+00 1.581444385872430081e+00
3.980099502487562113e-02 2.985074626865671585e-02 1.320422535211267512e+00 1.518987341772152000e+00
4.056291390728476720e-02 2.400662251655629256e-02 1.352569882777276744e+00 1.507537688442211143e+00
3.454231433506044918e-02 2.417962003454231582e-02 1.358080579447713987e+00 1.532958610117526765e+00
2.791461412151067384e-02 2.298850574712643646e-02 1.306620209059233373e+00 1.507537688442211143e+00
2.506063055780113208e-02 1.535974130962004802e-02 1.268498942917547501e+00 1.463414634146341431e+00
3.056768558951964906e-02 3.231441048034934538e-02 1.343484102104791855e+00 1.606855918585966769e+00
3.145695364238410702e-02 2.235099337748344336e-02 1.289767841788478142e+00 1.544799176107106042e+00
3.364171572750210282e-02 2.775441547518923621e-02 1.316944688323090418e+00 1.564129301355578816e+00
2.861952861952862109e-02 1.599326599326599332e-02 1.315212626041210031e+00 1.503006012024048044e+00
4.000000000000000083e-02 2.040816326530612082e-02 1.341681574239713681e+00 1.487357461576598983e+00
4.137931034482758563e-02 2.241379310344827555e-02 1.361779391738538347e+00 1.551991722710812205e+00
3.233830845771144130e-02 2.238805970149253602e-02 1.334519572953736688e+00 1.503006012024048044e+00
3.931623931623931534e-02 1.538461538461538547e-02 1.386321626617375236e+00 1.478560867422375580e+00
2.589285714285714454e-02 2.946428571428571369e-02 1.376778338687471237e+00 1.581444385872430081e+00
4.337152209492634719e-02 1.636661211129296356e-02 1.308329699084169295e+00 1.482946119624320325e+00
3.042763157894736933e-02 1.809210526315789547e-02 1.301518438177874160e+00 1.556824078879086581e+00
3.265306122448979886e-02 1.632653061224489943e-02 1.304915180513266604e+00 1.452784503631961321e+00
2.789518174133558820e-02 2.366863905325443732e-02 1.310043668122270688e+00 1.500750375187593688e+00
4.271356783919597749e-02 2.428810720268006693e-02 1.345291479820627911e+00 1.463414634146341431e+00
4.235090751944684678e-02 1.901469317199654119e-02 1.352569882777276744e+00 1.507537688442211143e+00
3.795379537953795512e-02 3.135313531353135091e-02 1.299826689774696620e+00 1.516683518705763456e+00
3.391232423490488090e-02 2.729528535980148968e-02 1.329198050509525997e+00 1.507537688442211143e+00
2.946127946127946248e-02 2.525252525252525207e-02 1.294777729823046952e+00 1.523616048755713548e+00
3.786008230452674733e-02 1.975308641975308602e-02 1.329198050509525997e+00 1.530612244897959107e+00
4.579517069109075716e-02 2.081598667776852693e-02 1.322168356104010511e+00 1.521298174442190732e+00
3.313508920985556300e-02 2.718776550552251536e-02 1.336302895322939888e+00 1.537672988211173708e+00
3.868312757201645968e-02 2.222222222222222307e-02 1.311762133799737606e+00 1.500750375187593688e+00
3.940110323089046629e-02 2.206461780929866098e-02 1.283147989734816141e+00 1.487357461576598983e+00
4.271356783919597749e-02 2.680067001675041916e-02 1.343484102104791855e+00 1.507537688442211143e+00
3.942953020134228048e-02 3.187919463087248578e-02 1.310043668122270688e+00 1.523616048755713548e+00
2.917341977309562476e-02 2.188006482982171944e-02 1.276595744680851130e+00 1.457017969888295239e+00
4.931506849315068358e-02 2.557077625570776391e-02 1.372997711670480570e+00 1.535312180143295846e+00
3.565365025466893378e-02 2.801358234295416028e-02 1.338090990187332796e+00 1.540041067761807048e+00
3.470031545741324858e-02 2.917981072555204947e-02 1.279863481228668887e+00 1.482946119624320325e+00
3.344481605351170422e-02 2.341137123745819226e-02 1.308329699084169295e+00 1.509813789632612036e+00
3.527481542247744295e-02 2.296964725184577616e-02 1.284796573875802927e+00 1.469867711905928465e+00
3.117309269893355286e-02 2.953240360951599544e-02 1.286449399656946824e+00 1.494023904382470125e+00
3.445447087776866424e-02 2.050861361771944349e-02 1.311762133799737606e+00 1.525940996948117911e+00
3.292181069958848016e-02 2.222222222222222307e-02 1.271725307333615884e+00 1.554404145077720178e+00
2.986348122866894217e-02 2.218430034129692877e-02 1.313485113835376472e+00 1.573976915005246502e+00
4.395604395604395948e-02 2.451394759087066610e-02 1.316944688323090418e+00 1.496259351620947697e+00
4.083333333333333259e-02 1.916666666666666519e-02 1.332741003998223039e+00 1.523616048755713548e+00
3.996737357259379925e-02 2.283849918433931633e-02 1.304915180513266604e+00 1.507537688442211143e+00
2.727272727272727140e-02 1.983471074380165414e-02 1.273344651952461826e+00 1.516683518705763456e+00
3.165584415584415251e-02 2.435064935064935182e-02 1.311762133799737606e+00 1.512096774193548487e+00
3.395585738539898257e-02 1.952461799660441463e-02 1.323918799646955025e+00 1.507537688442211143e+00
3.099510603588907093e-02 2.610114192495921817e-02 1.289767841788478142e+00 1.478560867422375580e+00
4.347826086956521618e-02 2.782608695652174016e-02 1.384402399630826119e+00 1.551991722710812205e+00
2.597402597402597574e-02 1.866883116883116811e-02 1.281503630926954296e+00 1.496259351620947697e+00
4.433497536945812945e-02 3.448275862068965469e-02 1.311762133799737606e+00 1.500750375187593688e+00
3.000811030008110336e-02 3.081914030819140476e-02 1.281503630926954296e+00 1.525940996948117911e+00
4.029605263157894773e-02 1.973684210526315680e-02 1.320422535211267512e+00 1.494023904382470125e+00
3.239556692242114011e-02 2.728047740835464613e-02 1.323918799646955025e+00 1.556824078879086581e+00
4.159445407279029755e-02 2.859618717504332913e-02 1.339883876730683321e+00 1.530612244897959107e+00
4.519309778142974188e-02 2.793755135579293475e-02 1.325673884224480847e+00 1.498501498501498608e+00
4.050632911392405139e-02 2.362869198312236158e-02 1.369237790963030665e+00 1.512096774193548487e+00
4.017094017094017394e-02 2.307692307692307820e-02 1.345291479820627911e+00 1.482946119624320325e+00
4.399323181049069609e-02 2.961082910321488973e-02 1.334519572953736688e+00 1.544799176107106042e+00
3.059581320450885725e-02 2.415458937198067604e-02 1.286449399656946824e+00 1.469867711905928465e+00
3.709949409780775864e-02 2.107925801011804531e-02 1.310043668122270688e+00 1.509813789632612036e+00
2.988898377455166677e-02 2.561912894961571388e-02 1.310043668122270688e+00 1.494023904382470125e+00
4.325699745547073594e-02 2.459711620016963654e-02 1.327433628318584136e+00 1.566579634464752013e+00
4.244482173174872475e-02 1.952461799660441463e-02 1.318681318681318659e+00 1.569037656903765621e+00
3.645833333333333565e-02 2.864583333333333218e-02 1.359927470534904703e+00 1.549586776859504189e+00
4.128819157720892141e-02 2.312138728323699308e-02 1.322168356104010511e+00 1.564129301355578816e+00
4.595744680851063940e-02 3.319148936170212422e-02 1.330967169476486189e+00 1.491795126802585747e+00
2.782324058919803667e-02 2.864157119476268276e-02 1.281503630926954296e+00 1.518987341772152000e+00
3.336184773310521545e-02 2.053036783575705806e-02 1.336302895322939888e+00 1.525940996948117911e+00
3.697617091207888035e-02 1.643385373870172653e-02 1.320422535211267512e+00 1.472031403336604427e+00
3.787878787878787984e-02 3.030303030303030387e-02 1.311762133799737606e+00 1.540041067761807048e+00
3.387096774193548709e-02 1.693548387096774355e-02 1.306620209059233373e+00 1.472031403336604427e+00
4.621848739495798553e-02 2.521008403361344602e-02 1.350742908599729786e+00 1.530612244897959107e+00
4.511278195488721554e-02 2.255639097744360777e-02 1.352569882777276744e+00 1.498501498501498608e+00
3.288364249578414750e-02 2.698145025295109467e-02 1.315212626041210031e+00 1.476377952755905554e+00
3.367003367003366943e-02 2.104377104377104513e-02 1.315212626041210031e+00 1.505268439538384406e+00
2.808510638297872369e-02 3.148936170212766200e-02 1.299826689774696620e+00 1.547189272821041683e+00
2.859477124183006438e-02 2.777777777777777624e-02 1.303214596003475334e+00 1.537672988211173708e+00
4.595744680851063940e-02 3.148936170212766200e-02 1.336302895322939888e+00 1.544799176107106042e+00
3.839869281045751870e-02 2.205882352941176613e-02 1.288106483469300123e+00 1.521298174442190732e+00
2.724077328646748800e-02 3.339191564147627606e-02 1.338090990187332796e+00 1.569037656903765621e+00
3.143585386576040752e-02 2.209005947323704200e-02 1.322168356104010511e+00 1.551991722710812205e+00
3.169307756463719816e-02 2.001668056713928195e-02 1.323918799646955025e+00 1.505268439538384406e+00
4.279835390946502144e-02 2.798353909465020606e-02 1.329198050509525997e+00 1.507537688442211143e+00
4.683434518647007494e-02 2.168256721595836906e-02 1.358080579447713987e+00 1.516683518705763456e+00
2.598491198658843190e-02 1.927912824811399764e-02 1.301518438177874160e+00 1.496259351620947697e+00
3.514644351464435434e-02 2.092050209205020828e-02 1.361779391738538347e+00 1.503006012024048044e+00
3.715937241948802372e-02 1.981833195706027978e-02 1.311762133799737606e+00 1.491795126802585747e+00
4.020100502512562873e-02 2.763819095477387106e-02 1.308329699084169295e+00 1.482946119624320325e+00
2.665520206362854624e-02 3.095442820292347227e-02 1.332741003998223039e+00 1.566579634464752013e+00
3.406326034063260344e-02 2.351987023519870254e-02 1.294777729823046952e+00 1.485148514851485135e+00
3.890728476821191800e-02 2.649006622516556289e-02 1.325673884224480847e+00 1.500750375187593688e+00
3.649635036496350071e-02 2.676399026763990122e-02 1.299826689774696620e+00 1.485148514851485135e+00
3.429027113237639868e-02 2.791068580542264629e-02 1.286449399656946824e+00 1.485148514851485135e+00
3.062046736502820402e-02 1.933924254633360290e-02 1.278227524499360834e+00 1.489572989076464848e+00
3.462157809983897050e-02 2.334943639291465339e-02 1.276595744680851130e+00 1.467710371819960891e+00
4.315352697095435619e-02 1.991701244813277871e-02 1.298139333621808778e+00 1.523616048755713548e+00
4.671280276816609095e-02 2.076124567474048332e-02 1.378676470588235281e+00 1.554404145077720178e+00
3.648424543946932053e-02 1.907131011608623541e-02 1.298139333621808778e+00 1.516683518705763456e+00
3.368083400160384877e-02 2.806736166800320731e-02 1.310043668122270688e+00 1.480750246791707747e+00
2.533783783783783924e-02 2.027027027027027140e-02 1.293103448275862100e+00 1.480750246791707747e+00
3.056027164685908362e-02 2.376910016977928572e-02 1.318681318681318659e+00 1.482946119624320325e+00
4.351395730706075771e-02 2.052545155993431777e-02 1.329198050509525997e+00 1.467710371819960891e+00
3.487429034874290484e-02 2.270884022708840114e-02 1.279863481228668887e+00 1.507537688442211143e+00
4.184829991281604350e-02 2.964254577157802995e-02 1.348920863309352569e+00 1.500750375187593688e+00
3.577371048252912106e-02 2.495840266222961595e-02 1.310043668122270688e+00 1.514386673397274174e+00
3.007518796992481036e-02 2.673350041771094254e-02 1.318681318681318659e+00 1.503006012024048044e+00
3.918228279386712365e-02 3.151618398637137664e-02 1.283147989734816141e+00 1.530612244897959107e+00
3.207236842105263414e-02 2.138157894736842160e-02 1.313485113835376472e+00 1.472031403336604427e+00
3.411131059245960800e-02 2.603231597845601444e-02 1.341681574239713681e+00 1.609442060085837012e+00
3.335980937251786793e-02 1.588562351072279541e-02 1.313485113835376472e+00 1.461276181198246427e+00
3.492333901192504197e-02 3.236797274275979297e-02 1.343484102104791855e+00 1.561686621551275467e+00
3.788476716653512572e-02 3.078137332280978661e-02 1.276595744680851130e+00 1.491795126802585747e+00
2.968617472434266491e-02 2.883799830364715960e-02 1.341681574239713681e+00 1.547189272821041683e+00
3.451251078515962106e-02 3.106125970664365757e-02 1.361779391738538347e+00 1.578947368421052655e+00
3.290043290043290214e-02 2.597402597402597574e-02 1.372997711670480570e+00 1.507537688442211143e+00
3.914893617021276279e-02 1.531914893617021198e-02 1.358080579447713987e+00 1.476377952755905554e+00
3.568394222599829968e-02 1.614273576890399436e-02 1.327433628318584136e+00 1.530612244897959107e+00
3.048264182895851077e-02 2.709568162574089653e-02 1.298139333621808778e+00 1.537672988211173708e+00
3.370786516853932491e-02 1.685393258426966245e-02 1.278227524499360834e+00 1.516683518705763456e+00
3.655352480417754790e-02 2.175805047867710937e-02 1.330967169476486189e+00 1.540041067761807048e+00
2.866779089376053982e-02 2.529510961214165299e-02 1.354401805869074549e+00 1.530612244897959107e+00
3.111495246326706834e-02 1.901469317199654119e-02 1.327433628318584136e+00 1.528273051451859432e+00
4.000000000000000083e-02 3.377777777777777463e-02 1.334519572953736688e+00 1.573976915005246502e+00
2.775510204081632626e-02 2.367346938775510140e-02 1.278227524499360834e+00 1.496259351620947697e+00
3.368940016433853712e-02 1.561216105176663899e-02 1.294777729823046952e+00 1.480750246791707747e+00
3.398470688190314420e-02 2.548853016142735642e-02 1.330967169476486189e+00 1.528273051451859432e+00
3.983402489626555742e-02 2.489626556016597339e-02 1.325673884224480847e+00 1.498501498501498608e+00
4.820333041191936924e-02 3.242769500438211910e-02 1.341681574239713681e+00 1.547189272821041683e+00
3.220338983050847342e-02 2.033898305084745617e-02 1.320422535211267512e+00 1.454898157129000946e+00
2.521008403361344602e-02 2.436974789915966402e-02 1.294777729823046952e+00 1.503006012024048044e+00
3.057851239669421434e-02 2.644628099173553654e-02 1.301518438177874160e+00 1.535312180143295846e+00
3.177257525083612005e-02 2.257525083612040018e-02 1.306620209059233373e+00 1.537672988211173708e+00
3.916866506794564051e-02 1.758593125499600257e-02 1.318681318681318659e+00 1.452784503631961321e+00
4.056291390728476720e-02 1.655629139072847811e-02 1.306620209059233373e+00 1.525940996948117911e+00
3.341902313624678378e-02 2.227934875749785701e-02 1.325673884224480847e+00 1.503006012024048044e+00
3.519313304721029961e-02 2.918454935622317656e-02 1.323918799646955025e+00 1.547189272821041683e+00
3.431372549019608142e-02 1.715686274509804071e-02 1.296456352636127907e+00 1.442307692307692291e+00
3.979238754325259420e-02 1.816608996539792464e-02 1.354401805869074549e+00 1.535312180143295846e+00
2.355808285946385180e-02 2.193338748984565226e-02 1.298139333621808778e+00 1.509813789632612036e+00
4.088586030664394938e-02 3.066439522998296377e-02 1.308329699084169295e+00 1.549586776859504189e+00
2.666666666666666838e-02 1.916666666666666519e-02 1.303214596003475334e+00 1.540041067761807048e+00
3.856266432953549261e-02 2.453987730061349751e-02 1.347103726986977890e+00 1.566579634464752013e+00
3.916449086161880033e-02 3.568320278503046145e-02 1.336302895322939888e+00 1.542416452442159303e+00
3.911980440097799494e-02 3.096984515077424657e-02 1.276595744680851130e+00 1.485148514851485135e+00
2.633814783347493763e-02 2.888700084961767084e-02 1.301518438177874160e+00 1.530612244897959107e+00
2.964743589743589619e-02 2.003205128205128374e-02 1.296456352636127907e+00 1.474201474201474182e+00
3.422982885085574384e-02 1.955990220048899747e-02 1.301518438177874160e+00 1.491795126802585747e+00
4.835924006908463163e-02 1.899827288428324740e-02 1.356238698010849841e+00 1.516683518705763456e+00
3.703703703703703498e-02 2.880658436213991841e-02 1.338090990187332796e+00 1.530612244897959107e+00
2.933780385582564904e-02 1.927912824811399764e-02 1.301518438177874160e+00 1.514386673397274174e+00
3.327338129496403007e-02 3.057553956834532446e-02 1.369237790963030665e+00 1.559251559251559227e+00
3.319148936170212422e-02 1.787234042553191571e-02 1.311762133799737606e+00 1.521298174442190732e+00
4.196933010492332611e-02 2.340597255851493280e-02 1.298139333621808778e+00 1.452784503631961321e+00
2.635914332784184549e-02 2.635914332784184549e-02 1.301518438177874160e+00 1.521298174442190732e+00
3.527336860670193808e-02 2.557319223985890511e-02 1.352569882777276744e+00 1.540041067761807048e+00
3.914590747330960741e-02 1.868327402135231199e-02 1.347103726986977890e+00 1.540041067761807048e+00
2.890173410404624221e-02 1.734104046242774394e-02 1.296456352636127907e+00 1.485148514851485135e+00
2.928509905254091453e-02 1.722652885443583248e-02 1.345291479820627911e+00 1.496259351620947697e+00
3.919933277731443150e-02 1.834862385321101019e-02 1.330967169476486189e+00 1.494023904382470125e+00
3.225806451612903136e-02 2.801358234295416028e-02 1.327433628318584136e+00 1.500750375187593688e+00
3.322259136212624836e-02 1.827242524916943694e-02 1.289767841788478142e+00 1.532958610117526765e+00
4.269854824935952198e-02 1.451750640478223671e-02 1.345291479820627911e+00 1.516683518705763456e+00
3.356890459363957857e-02 3.268551236749116934e-02 1.334519572953736688e+00 1.564129301355578816e+00
3.767403767403767340e-02 2.620802620802620969e-02 1.329198050509525997e+00 1.503006012024048044e+00
3.190596137699411999e-02 2.434928631402183061e-02 1.304915180513266604e+00 1.512096774193548487e+00
3.045267489711934311e-02 2.880658436213991841e-02 1.311762133799737606e+00 1.500750375187593688e+00
4.063604240282685243e-02 2.561837455830388854e-02 1.365498406918525198e+00 1.544799176107106042e+00
2.510822510822510734e-02 2.597402597402597574e-02 1.310043668122270688e+00 1.573976915005246502e+00
3.391304347826087223e-02 3.043478260869565341e-02 1.322168356104010511e+00 1.544799176107106042e+00
3.450980392156862558e-02 3.058823529411764872e-02 1.268498942917547501e+00 1.480750246791707747e+00
3.742384682332462742e-02 2.001740644038294339e-02 1.338090990187332796e+00 1.528273051451859432e+00
3.849372384937238545e-02 2.594142259414225840e-02 1.304915180513266604e+00 1.505268439538384406e+00
3.193277310924369505e-02 1.512605042016806726e-02 1.320422535211267512e+00 1.485148514851485135e+00
4.633529907329402009e-02 2.864363942712721059e-02 1.339883876730683321e+00 1.578947368421052655e+00
2.854812398042414281e-02 1.794453507340946011e-02 1.284796573875802927e+00 1.472031403336604427e+00
2.298850574712643646e-02 2.216748768472906472e-02 1.299826689774696620e+00 1.523616048755713548e+00
