3.879651623119556580e-02 2.296120348376880574e-02 1.289767841788478142e+00 1.662971175166297222e+00
3.872633390705679940e-02 1.118760757314974166e-02 1.316944688323090418e+00 1.747233546884100264e+00
3.561887800534283000e-02 1.424755120213713235e-02 1.352569882777276744e+00 1.765744555620953449e+00
3.804797353184449782e-02 1.819685690653432761e-02 1.334519572953736688e+00 1.688238604389420416e+00
2.657218777679362307e-02 1.328609388839681153e-02 1.330967169476486189e+00 1.729106628242074839e+00
3.929765886287625576e-02 1.170568561872909613e-02 1.303214596003475334e+00 1.699716713881019858e+00
3.596491228070175517e-02 1.140350877192982532e-02 1.330967169476486189e+00 1.787842669845053578e+00
4.286964129483814695e-02 1.749781277340332550e-02 1.386321626617375236e+00 1.768867924528301883e+00
4.125412541254125376e-02 1.155115511551155043e-02 1.306620209059233373e+00 1.705514496873223429e+00
3.938356164383561425e-02 1.369863013698630061e-02 1.329198050509525997e+00 1.714285714285714191e+00
4.127257093723130099e-02 1.719690455717970759e-02 1.358080579447713987e+00 1.711351968054763306e+00
4.408163265306122569e-02 1.224489795918367284e-02 1.301518438177874160e+00 1.708428246013667495e+00
3.947368421052631360e-02 1.315789473684210453e-02 1.291433491175204562e+00 1.668520578420467082e+00
4.035512510088781063e-02 1.129943502824858753e-02 1.318681318681318659e+00 1.665741254858412068e+00
3.212520593080724768e-02 6.589785831960461374e-03 1.311762133799737606e+00 1.705514496873223429e+00
3.109656301145662799e-02 1.636661211129296356e-02 1.294777729823046952e+00 1.662971175166297222e+00
3.934426229508197065e-02 1.393442622950819693e-02 1.316944688323090418e+00 1.717229536348025221e+00
4.092071611253197266e-02 1.619778346121057006e-02 1.341681574239713681e+00 1.732101616628175522e+00
3.862300587741393509e-02 1.343408900083963020e-02 1.334519572953736688e+00 1.714285714285714191e+00
3.231292517006802839e-02 1.105442176870748312e-02 1.298139333621808778e+00 1.753360607831677465e+00
3.640982218458933134e-02 1.608806096528365634e-02 1.318681318681318659e+00 1.720183486238532122e+00
4.019688269073010828e-02 1.722723543888433212e-02 1.294777729823046952e+00 1.668520578420467082e+00
3.898170246618933715e-02 1.511535401750198869e-02 1.273344651952461826e+00 1.649257833974711485e+00
2.955665024630541732e-02 1.806239737274219909e-02 1.283147989734816141e+00 1.654715940430226073e+00
3.451109285127362120e-02 1.396877567789646737e-02 1.327433628318584136e+00 1.714285714285714191e+00
4.742096505823627239e-02 1.663893510815307730e-02 1.323918799646955025e+00 1.696832579185520329e+00
2.780191138140747018e-02 9.556907037358819065e-03 1.354401805869074549e+00 1.693958215697346059e+00
2.555910543130990309e-02 1.677316293929712390e-02 1.266891891891891886e+00 1.612036539494895226e+00
4.106073567151411613e-02 2.138579982891360143e-02 1.348920863309352569e+00 1.717229536348025221e+00
3.156996587030716506e-02 1.365187713310580218e-02 1.336302895322939888e+00 1.717229536348025221e+00
4.321521175453759550e-02 2.160760587726879775e-02 1.330967169476486189e+00 1.759530791788856297e+00
3.420843277645187197e-02 1.431980906921241116e-02 1.278227524499360834e+00 1.679731243001119756e+00
4.095563139931740482e-02 1.535836177474402681e-02 1.338090990187332796e+00 1.772002362669816922e+00
3.421727972626176228e-02 9.409751924721983934e-03 1.339883876730683321e+00 1.705514496873223429e+00
3.415883859948761619e-02 1.110162254483347544e-02 1.323918799646955025e+00 1.720183486238532122e+00
4.761904761904761640e-02 1.395730706075533692e-02 1.293103448275862100e+00 1.635768811341330453e+00
4.010462074978204255e-02 1.918047079337402080e-02 1.359927470534904703e+00 1.768867924528301883e+00
3.274336283185840663e-02 2.743362831858407042e-02 1.347103726986977890e+00 1.781472684085510627e+00
4.100418410041840878e-02 2.175732217573221605e-02 1.329198050509525997e+00 1.679731243001119756e+00
3.532182103610675278e-02 1.098901098901098987e-02 1.273344651952461826e+00 1.651982378854625511e+00
2.806122448979591830e-02 2.210884353741496625e-02 1.347103726986977890e+00 1.679731243001119756e+00
4.529914529914529780e-02 1.196581196581196667e-02 1.338090990187332796e+00 1.762632197414806035e+00
4.695652173913043154e-02 1.565217391304347949e-02 1.367365542388331745e+00 1.759530791788856297e+00
2.968617472434266491e-02 1.865988125530110286e-02 1.330967169476486189e+00 1.691093573844419495e+00
3.231441048034934538e-02 1.135371179039301390e-02 1.339883876730683321e+00 1.723147616312464159e+00
3.339191564147627606e-02 1.054481546572934997e-02 1.343484102104791855e+00 1.765744555620953449e+00
4.095004095004094874e-02 1.064701064701064660e-02 1.276595744680851130e+00 1.638448935008192331e+00
4.679802955665024466e-02 1.395730706075533692e-02 1.334519572953736688e+00 1.657458563535911589e+00
3.800675675675675713e-02 1.858108108108108211e-02 1.329198050509525997e+00 1.711351968054763306e+00
3.697024346257889865e-02 1.893597835888187475e-02 1.395998138669148458e+00 1.759530791788856297e+00
3.471634208298052249e-02 1.185436071126164288e-02 1.315212626041210031e+00 1.729106628242074839e+00
4.319478402607986739e-02 1.629991850040749674e-02 1.325673884224480847e+00 1.688238604389420416e+00
3.716216216216216423e-02 1.858108108108108211e-02 1.350742908599729786e+00 1.720183486238532122e+00
3.899480069324089831e-02 1.559792027729636071e-02 1.332741003998223039e+00 1.671309192200557181e+00
3.025210084033613453e-02 1.260504201680672301e-02 1.318681318681318659e+00 1.711351968054763306e+00
4.687500000000000000e-02 2.083333333333333218e-02 1.367365542388331745e+00 1.791044776119403048e+00
3.409090909090908839e-02 2.029220779220779203e-02 1.298139333621808778e+00 1.696832579185520329e+00
2.883865939204988474e-02 1.402961808261886205e-02 1.284796573875802927e+00 1.651982378854625511e+00
3.091944670463791719e-02 1.545972335231895860e-02 1.303214596003475334e+00 1.729106628242074839e+00
3.630623520126282505e-02 1.815311760063141253e-02 1.265288907633909776e+00 1.671309192200557181e+00
4.545454545454545581e-02 1.767676767676767610e-02 1.336302895322939888e+00 1.711351968054763306e+00
3.829787234042553168e-02 1.021276595744680799e-02 1.322168356104010511e+00 1.723147616312464159e+00
3.745928338762215259e-02 1.791530944625407268e-02 1.289767841788478142e+00 1.685393258426966190e+00
2.938840349483717168e-02 1.429706115965051656e-02 1.251042535446205139e+00 1.696832579185520329e+00
3.317152103559870696e-02 1.375404530744336537e-02 1.289767841788478142e+00 1.723147616312464159e+00
3.855421686746988291e-02 2.168674698795180697e-02 1.327433628318584136e+00 1.688238604389420416e+00
3.530377668308702643e-02 1.395730706075533692e-02 1.293103448275862100e+00 1.679731243001119756e+00
4.513274336283185778e-02 1.415929203539822989e-02 1.369237790963030665e+00 1.765744555620953449e+00
4.142973192526401560e-02 2.030869212022745618e-02 1.301518438177874160e+00 1.685393258426966190e+00
3.013481363996827964e-02 1.427438540840602656e-02 1.283147989734816141e+00 1.643835616438356073e+00
4.291845493562231745e-02 1.630901287553648132e-02 1.367365542388331745e+00 1.741149158444573519e+00
3.685092127303182807e-02 1.758793969849246214e-02 1.348920863309352569e+00 1.662971175166297222e+00
2.580645161290322578e-02 1.370967741935483902e-02 1.291433491175204562e+00 1.657458563535911589e+00
3.357903357903357922e-02 1.146601146601146544e-02 1.286449399656946824e+00 1.679731243001119756e+00
2.812241521918941445e-02 2.067824648469809845e-02 1.265288907633909776e+00 1.685393258426966190e+00
4.607046070460704690e-02 1.806684733514001689e-02 1.395998138669148458e+00 1.803968731208658971e+00
4.036697247706422242e-02 1.009174311926605561e-02 1.386321626617375236e+00 1.781472684085510627e+00
2.924901185770751103e-02 1.343873517786561313e-02 1.271725307333615884e+00 1.612036539494895226e+00
3.899082568807339666e-02 9.174311926605505096e-03 1.299826689774696620e+00 1.619870410367170610e+00
2.713815789473684320e-02 1.233552631578947387e-02 1.296456352636127907e+00 1.638448935008192331e+00
3.858267716535433017e-02 1.889763779527559029e-02 1.294777729823046952e+00 1.693958215697346059e+00
3.321976149914820930e-02 1.618398637137989649e-02 1.315212626041210031e+00 1.720183486238532122e+00
3.685092127303182807e-02 9.212730318257957018e-03 1.350742908599729786e+00 1.705514496873223429e+00
4.733218588640275559e-02 1.549053356282271976e-02 1.343484102104791855e+00 1.714285714285714191e+00
2.789886660854402900e-02 2.092414995640802175e-02 1.339883876730683321e+00 1.741149158444573519e+00
2.938706968933669020e-02 1.511335012594458398e-02 1.313485113835376472e+00 1.708428246013667495e+00
3.538331929233361206e-02 1.179443976411120518e-02 1.336302895322939888e+00 1.702610669693530143e+00
2.826267664172901067e-02 1.413133832086450534e-02 1.298139333621808778e+00 1.699716713881019858e+00
3.547854785478547768e-02 1.072607260726072577e-02 1.283147989734816141e+00 1.679731243001119756e+00
2.905569007263922657e-02 1.049233252623083153e-02 1.288106483469300123e+00 1.729106628242074839e+00
3.577371048252912106e-02 1.497504159733777096e-02 1.304915180513266604e+00 1.643835616438356073e+00
3.177257525083612005e-02 1.337792642140468204e-02 1.315212626041210031e+00 1.729106628242074839e+00
3.706972639011473641e-02 2.030008826125331151e-02 1.359927470534904703e+00 1.800720288115246204e+00
2.962962962962963076e-02 1.728395061728394896e-02 1.316944688323090418e+00 1.702610669693530143e+00
4.514480408858603105e-02 1.533219761499148188e-02 1.332741003998223039e+00 1.741149158444573519e+00
3.275862068965517543e-02 1.120689655172413778e-02 1.322168356104010511e+00 1.753360607831677465e+00
4.355555555555555569e-02 1.600000000000000033e-02 1.334519572953736688e+00 1.768867924528301883e+00
3.609515996718622166e-02 1.148482362592288808e-02 1.301518438177874160e+00 1.699716713881019858e+00
3.448275862068965469e-02 1.810344827586207045e-02 1.332741003998223039e+00 1.732101616628175522e+00
4.553903345724907153e-02 1.672862453531598348e-02 1.390176088971269763e+00 1.784651992861391978e+00
3.784693019343986220e-02 1.597981497056349953e-02 1.308329699084169295e+00 1.682557487380818895e+00
3.511705685618728839e-02 1.923076923076923184e-02 1.330967169476486189e+00 1.717229536348025221e+00
3.511705685618728839e-02 2.006688963210702392e-02 1.315212626041210031e+00 1.696832579185520329e+00
3.772003352891869360e-02 1.676445934618608566e-02 1.304915180513266604e+00 1.711351968054763306e+00
3.939647946353730390e-02 1.927912824811399764e-02 1.332741003998223039e+00 1.726121979286536323e+00
3.366174055829228295e-02 9.852216748768473017e-03 1.318681318681318659e+00 1.676914477361654665e+00
3.770351328191945406e-02 1.799485861182519367e-02 1.352569882777276744e+00 1.753360607831677465e+00
3.492333901192504197e-02 1.448040885860306728e-02 1.338090990187332796e+00 1.723147616312464159e+00
4.867986798679867916e-02 1.072607260726072577e-02 1.316944688323090418e+00 1.765744555620953449e+00
2.651201325600662656e-02 1.491300745650372787e-02 1.268498942917547501e+00 1.679731243001119756e+00
4.212299915754001700e-02 1.263689974726200579e-02 1.348920863309352569e+00 1.735106998264893008e+00
3.574620196604110650e-02 1.697944593386952611e-02 1.345291479820627911e+00 1.791044776119403048e+00
3.618421052631579093e-02 1.315789473684210453e-02 1.330967169476486189e+00 1.705514496873223429e+00
4.708904109589041181e-02 1.541095890410958819e-02 1.330967169476486189e+00 1.732101616628175522e+00
2.981466559226430418e-02 5.640612409347300557e-03 1.283147989734816141e+00 1.635768811341330453e+00
3.466872110939907270e-02 1.386748844375963047e-02 1.268498942917547501e+00 1.635768811341330453e+00
2.903225806451613031e-02 1.129032258064516063e-02 1.304915180513266604e+00 1.676914477361654665e+00
4.130052724077328680e-02 1.054481546572934997e-02 1.348920863309352569e+00 1.765744555620953449e+00
4.064352243861134306e-02 1.100762066045724019e-02 1.336302895322939888e+00 1.735106998264893008e+00
2.955665024630541732e-02 1.642036124794745561e-02 1.296456352636127907e+00 1.630434782608695565e+00
4.729148753224419327e-02 1.719690455717970759e-02 1.359927470534904703e+00 1.696832579185520329e+00
4.023972602739726151e-02 1.455479452054794440e-02 1.323918799646955025e+00 1.735106998264893008e+00
3.548387096774193589e-02 1.774193548387096794e-02 1.322168356104010511e+00 1.654715940430226073e+00
4.098360655737704611e-02 9.836065573770492662e-03 1.304915180513266604e+00 1.775147928994082802e+00
3.368940016433853712e-02 1.807723911257189814e-02 1.322168356104010511e+00 1.699716713881019858e+00
3.062046736502820402e-02 1.611603545527800010e-02 1.298139333621808778e+00 1.682557487380818895e+00
3.885135135135135004e-02 1.351351351351351426e-02 1.323918799646955025e+00 1.676914477361654665e+00
2.807597027250206476e-02 1.568951279933938903e-02 1.296456352636127907e+00 1.705514496873223429e+00
3.624382207578253495e-02 1.153212520593080784e-02 1.268498942917547501e+00 1.682557487380818895e+00
4.297224709042077317e-02 1.969561324977618655e-02 1.380579843534284423e+00 1.762632197414806035e+00
3.188879803761242998e-02 1.390024529844644322e-02 1.293103448275862100e+00 1.699716713881019858e+00
3.091060985797827732e-02 1.587301587301587213e-02 1.310043668122270688e+00 1.699716713881019858e+00
3.542958370239149973e-02 1.594331266607617453e-02 1.325673884224480847e+00 1.747233546884100264e+00
4.251700680272108707e-02 1.020408163265306041e-02 1.334519572953736688e+00 1.732101616628175522e+00
2.579034941763727259e-02 1.497504159733777096e-02 1.303214596003475334e+00 1.685393258426966190e+00
4.109589041095890183e-02 1.969178082191780713e-02 1.315212626041210031e+00 1.735106998264893008e+00
3.246753246753246447e-02 1.379870129870129809e-02 1.286449399656946824e+00 1.685393258426966190e+00
2.992125984251968462e-02 2.047244094488188948e-02 1.296456352636127907e+00 1.635768811341330453e+00
3.400809716599190180e-02 1.052631578947368397e-02 1.283147989734816141e+00 1.671309192200557181e+00
4.749787955894826247e-02 1.781170483460559756e-02 1.336302895322939888e+00 1.662971175166297222e+00
3.634826711749788997e-02 2.197802197802197974e-02 1.323918799646955025e+00 1.747233546884100264e+00
3.726169844020797012e-02 2.599653379549393337e-02 1.315212626041210031e+00 1.787842669845053578e+00
3.675856307435254600e-02 2.005012531328320691e-02 1.329198050509525997e+00 1.723147616312464159e+00
4.487179487179487197e-02 1.041666666666666609e-02 1.266891891891891886e+00 1.671309192200557181e+00
3.874690849134377474e-02 9.068425391591096105e-03 1.301518438177874160e+00 1.674107142857142794e+00
3.254177660510114423e-02 1.319261213720316663e-02 1.323918799646955025e+00 1.735106998264893008e+00
3.796376186367558109e-02 1.466781708369283878e-02 1.338090990187332796e+00 1.744186046511627897e+00
3.924775143090760560e-02 1.308258381030253520e-02 1.298139333621808778e+00 1.668520578420467082e+00
3.349673202614378981e-02 2.287581699346405081e-02 1.281503630926954296e+00 1.662971175166297222e+00
2.604166666666666782e-02 1.041666666666666609e-02 1.311762133799737606e+00 1.735106998264893008e+00
2.807017543859649175e-02 1.578947368421052683e-02 1.359927470534904703e+00 1.772002362669816922e+00
3.143093465674110659e-02 2.150537634408602322e-02 1.288106483469300123e+00 1.726121979286536323e+00
3.856041131105398395e-02 1.713796058269066030e-02 1.310043668122270688e+00 1.762632197414806035e+00
3.429027113237639868e-02 1.116427432216905886e-02 1.298139333621808778e+00 1.651982378854625511e+00
3.391384051329055654e-02 1.924839596700275018e-02 1.378676470588235281e+00 1.762632197414806035e+00
4.298459042984590500e-02 1.540957015409570238e-02 1.303214596003475334e+00 1.679731243001119756e+00
4.282115869017632387e-02 1.427371956339210796e-02 1.341681574239713681e+00 1.699716713881019858e+00
3.477523324851568981e-02 1.526717557251908337e-02 1.316944688323090418e+00 1.741149158444573519e+00
3.964757709251101603e-02 1.321585903083700476e-02 1.339883876730683321e+00 1.744186046511627897e+00
3.918228279386712365e-02 1.959114139693356182e-02 1.332741003998223039e+00 1.696832579185520329e+00
3.899480069324089831e-02 1.646447140381282481e-02 1.316944688323090418e+00 1.714285714285714191e+00
3.525365434221840177e-02 1.977644024075666390e-02 1.343484102104791855e+00 1.711351968054763306e+00
2.541699761715647196e-02 1.509134233518665685e-02 1.268498942917547501e+00 1.657458563535911589e+00
3.404592240696753536e-02 1.266825019794140875e-02 1.293103448275862100e+00 1.649257833974711485e+00
3.341483292583537212e-02 1.874490627546862229e-02 1.286449399656946824e+00 1.665741254858412068e+00
3.729401561144839866e-02 1.561144839549002614e-02 1.316944688323090418e+00 1.772002362669816922e+00
3.502919099249374169e-02 1.668056713928273496e-02 1.308329699084169295e+00 1.711351968054763306e+00
3.694158075601374630e-02 1.975945017182130503e-02 1.345291479820627911e+00 1.772002362669816922e+00
3.764320785597381064e-02 1.636661211129296356e-02 1.289767841788478142e+00 1.753360607831677465e+00
3.645007923930269206e-02 1.584786053882725892e-02 1.296456352636127907e+00 1.646542261251372041e+00
4.563650920736589400e-02 8.006405124099278889e-03 1.316944688323090418e+00 1.676914477361654665e+00
3.372681281618886834e-02 1.854974704890387932e-02 1.320422535211267512e+00 1.732101616628175522e+00
5.081669691470054595e-02 2.177858439201451821e-02 1.376778338687471237e+00 1.765744555620953449e+00
2.360876897133220784e-02 1.264755480607082649e-02 1.310043668122270688e+00 1.741149158444573519e+00
4.449838187702265246e-02 2.022653721682847808e-02 1.313485113835376472e+00 1.660210293303818530e+00
2.950558213716108352e-02 1.594896331738436882e-02 1.284796573875802927e+00 1.671309192200557181e+00
3.859964093357270976e-02 1.256732495511669705e-02 1.365498406918525198e+00 1.778304682868998121e+00
3.240740740740740561e-02 8.487654320987653850e-03 1.258917331095258163e+00 1.604278074866310133e+00
3.485477178423236622e-02 1.576763485477178373e-02 1.281503630926954296e+00 1.726121979286536323e+00
3.795233892321270980e-02 9.708737864077669061e-03 1.348920863309352569e+00 1.720183486238532122e+00
4.061738424045491236e-02 1.624695369618196425e-02 1.313485113835376472e+00 1.662971175166297222e+00
3.634894991922455604e-02 1.130856219709208341e-02 1.310043668122270688e+00 1.651982378854625511e+00
3.795233892321270980e-02 1.853486319505736821e-02 1.339883876730683321e+00 1.768867924528301883e+00
2.840434419381787645e-02 1.420217209690893823e-02 1.327433628318584136e+00 1.671309192200557181e+00
3.339350180505415433e-02 2.166064981949458387e-02 1.352569882777276744e+00 1.778304682868998121e+00
2.857142857142857054e-02 9.243697478991596758e-03 1.329198050509525997e+00 1.662971175166297222e+00
2.493551160791057653e-02 1.805674978503869418e-02 1.310043668122270688e+00 1.729106628242074839e+00
3.317152103559870696e-02 9.708737864077669061e-03 1.330967169476486189e+00 1.662971175166297222e+00
3.637833468067906001e-02 1.616814874696847343e-02 1.308329699084169295e+00 1.696832579185520329e+00
3.739130434782608758e-02 1.826086956521739274e-02 1.304915180513266604e+00 1.759530791788856297e+00
2.920284135753748941e-02 1.973164956590370972e-02 1.276595744680851130e+00 1.651982378854625511e+00
3.255425709515859939e-02 1.836393989983305455e-02 1.316944688323090418e+00 1.702610669693530143e+00
3.937653814602132957e-02 1.066447908121410937e-02 1.303214596003475334e+00 1.646542261251372041e+00
3.409090909090908839e-02 1.704545454545454419e-02 1.382488479262672820e+00 1.833740831295843421e+00
4.483925549915397657e-02 1.607445008460236732e-02 1.345291479820627911e+00 1.671309192200557181e+00
3.508771929824561209e-02 1.594896331738436882e-02 1.296456352636127907e+00 1.630434782608695565e+00
2.686817800167926040e-02 1.427371956339210796e-02 1.310043668122270688e+00 1.657458563535911589e+00
3.626543209876543356e-02 1.003086419753086364e-02 1.262095077829196388e+00 1.625135427952329348e+00
3.228621291448516284e-02 9.598603839441536070e-03 1.359927470534904703e+00 1.738122827346465726e+00
3.069838833461243158e-02 1.918649270913276930e-02 1.249479383590170745e+00 1.654715940430226073e+00
2.635658914728682134e-02 1.395348837209302306e-02 1.266891891891891886e+00 1.657458563535911589e+00
3.366174055829228295e-02 1.477832512315270866e-02 1.293103448275862100e+00 1.668520578420467082e+00
3.295819935691318009e-02 1.848874598070739464e-02 1.286449399656946824e+00 1.609442060085837012e+00
3.642384105960264767e-02 1.490066225165562891e-02 1.304915180513266604e+00 1.741149158444573519e+00
3.401360544217687382e-02 2.380952380952380820e-02 1.352569882777276744e+00 1.729106628242074839e+00
2.791878172588832530e-02 2.199661590524534804e-02 1.320422535211267512e+00 1.753360607831677465e+00
3.083003952569169856e-02 2.055335968379446571e-02 1.252609603340292255e+00 1.641137855579868798e+00
4.073150457190357482e-02 1.413133832086450534e-02 1.320422535211267512e+00 1.732101616628175522e+00
3.310238645111624606e-02 1.616628175519630589e-02 1.257334450963956352e+00 1.685393258426966190e+00
3.346613545816733148e-02 9.561752988047808252e-03 1.262095077829196388e+00 1.649257833974711485e+00
3.542009884678747750e-02 1.400329489291598020e-02 1.329198050509525997e+00 1.688238604389420416e+00
3.328050713153724027e-02 1.347068145800317009e-02 1.289767841788478142e+00 1.643835616438356073e+00
3.849238171611868431e-02 1.363271852445870069e-02 1.310043668122270688e+00 1.662971175166297222e+00
4.322527015793848487e-02 9.975062344139650622e-03 1.327433628318584136e+00 1.665741254858412068e+00
4.537366548042704589e-02 1.512455516014234863e-02 1.371115173674588572e+00 1.794258373205741552e+00
3.338762214983713450e-02 2.035830618892508007e-02 1.294777729823046952e+00 1.660210293303818530e+00
4.509973980919340653e-02 1.127493495229835163e-02 1.361779391738538347e+00 1.750291715285881011e+00
3.357531760435571860e-02 1.633393829401088779e-02 1.352569882777276744e+00 1.867995018679950103e+00
3.971756398940864963e-02 1.853486319505736821e-02 1.352569882777276744e+00 1.843884449907805756e+00
3.734439834024896182e-02 1.825726141078838280e-02 1.332741003998223039e+00 1.705514496873223429e+00
3.624382207578253495e-02 2.224052718286655822e-02 1.306620209059233373e+00 1.691093573844419495e+00
4.491525423728813526e-02 2.542372881355932368e-02 1.318681318681318659e+00 1.735106998264893008e+00
4.711616571892770361e-02 2.112103980503655595e-02 1.288106483469300123e+00 1.688238604389420416e+00
3.846153846153846367e-02 1.136363636363636395e-02 1.356238698010849841e+00 1.772002362669816922e+00
3.442028985507246397e-02 1.358695652173913006e-02 1.367365542388331745e+00 1.813784764207980738e+00
3.214890016920473464e-02 2.368866328257191248e-02 1.359927470534904703e+00 1.741149158444573519e+00
4.380791912384161824e-02 2.106149957877000850e-02 1.320422535211267512e+00 1.735106998264893008e+00
3.281519861830742985e-02 2.072538860103627020e-02 1.329198050509525997e+00 1.708428246013667495e+00
3.241491085899513708e-02 1.782820097244732643e-02 1.310043668122270688e+00 1.657458563535911589e+00
3.842940685045947991e-02 1.670843776106933909e-02 1.341681574239713681e+00 1.794258373205741552e+00
3.016241299303944190e-02 1.237432327919566963e-02 1.271725307333615884e+00 1.609442060085837012e+00
3.319502074688796683e-02 9.958506224066389356e-03 1.289767841788478142e+00 1.708428246013667495e+00
3.168155970755483219e-02 1.624695369618196425e-02 1.279863481228668887e+00 1.688238604389420416e+00
3.109243697478991653e-02 1.596638655462184753e-02 1.320422535211267512e+00 1.720183486238532122e+00
3.310104529616724606e-02 1.916376306620208927e-02 1.320422535211267512e+00 1.762632197414806035e+00
3.239929947460595122e-02 1.751313485113835389e-02 1.343484102104791855e+00 1.714285714285714191e+00
3.583333333333333509e-02 8.333333333333333218e-03 1.332741003998223039e+00 1.732101616628175522e+00
3.301476976542137148e-02 1.390095569070373509e-02 1.367365542388331745e+00 1.732101616628175522e+00
4.030874785591766901e-02 1.715265866209262496e-02 1.341681574239713681e+00 1.699716713881019858e+00
2.919708029197080196e-02 1.216545012165450197e-02 1.293103448275862100e+00 1.641137855579868798e+00
3.903654485049833783e-02 1.245847176079734227e-02 1.306620209059233373e+00 1.662971175166297222e+00
3.571428571428571230e-02 1.623376623376623223e-02 1.291433491175204562e+00 1.674107142857142794e+00
5.080440304826418230e-02 1.693480101608806077e-02 1.325673884224480847e+00 1.720183486238532122e+00
3.092783505154639290e-02 1.110229976209357698e-02 1.255755546253662702e+00 1.625135427952329348e+00
2.251552795031055987e-02 1.086956521739130405e-02 1.273344651952461826e+00 1.617250673854447429e+00
2.846975088967971385e-02 2.046263345195729541e-02 1.369237790963030665e+00 1.817080557238037519e+00
4.069767441860465407e-02 1.162790697674418589e-02 1.315212626041210031e+00 1.702610669693530143e+00
3.580349708576186646e-02 1.165695253955037480e-02 1.320422535211267512e+00 1.665741254858412068e+00
2.770780856423173816e-02 1.259445843828715418e-02 1.288106483469300123e+00 1.679731243001119756e+00
3.225806451612903136e-02 1.743679163034001639e-02 1.338090990187332796e+00 1.778304682868998121e+00
3.158769742310889306e-02 1.496259351620947593e-02 1.320422535211267512e+00 1.691093573844419495e+00
3.143585386576040752e-02 1.699235344095157210e-02 1.296456352636127907e+00 1.705514496873223429e+00
4.186795491143317088e-02 1.288244766505636067e-02 1.274968125796855034e+00 1.665741254858412068e+00
3.883495145631067624e-02 1.294498381877022715e-02 1.294777729823046952e+00 1.660210293303818530e+00
4.537815126050420006e-02 2.100840336134453951e-02 1.359927470534904703e+00 1.750291715285881011e+00
4.499151103565365156e-02 1.358234295415959234e-02 1.347103726986977890e+00 1.759530791788856297e+00
3.430962343096233963e-02 2.510460251046025063e-02 1.308329699084169295e+00 1.651982378854625511e+00
4.009819967266775587e-02 2.209492635024550011e-02 1.334519572953736688e+00 1.674107142857142794e+00
2.941176470588235253e-02 1.932773109243697551e-02 1.301518438177874160e+00 1.649257833974711485e+00
3.293172690763052080e-02 1.686746987951807247e-02 1.304915180513266604e+00 1.662971175166297222e+00
3.941730934018852078e-02 1.456726649528706022e-02 1.294777729823046952e+00 1.753360607831677465e+00
2.854671280276816631e-02 1.989619377162629710e-02 1.329198050509525997e+00 1.765744555620953449e+00
3.658536585365853439e-02 1.393728222996515678e-02 1.339883876730683321e+00 1.726121979286536323e+00
4.340567612687813021e-02 1.502504173622704574e-02 1.329198050509525997e+00 1.638448935008192331e+00
3.505696757230499644e-02 1.840490797546012400e-02 1.350742908599729786e+00 1.729106628242074839e+00
3.731343283582089221e-02 1.409618573797678277e-02 1.334519572953736688e+00 1.729106628242074839e+00
3.639371381306865522e-02 1.985111662531017368e-02 1.320422535211267512e+00 1.682557487380818895e+00
3.429027113237639868e-02 1.834130781499202639e-02 1.288106483469300123e+00 1.614639397201291793e+00
3.403863845446181841e-02 1.839926402943882142e-02 1.386321626617375236e+00 1.781472684085510627e+00
2.979066022544283460e-02 1.207729468599033802e-02 1.298139333621808778e+00 1.723147616312464159e+00
3.859649122807017746e-02 1.578947368421052683e-02 1.361779391738538347e+00 1.747233546884100264e+00
4.141501294219154111e-02 1.898188093183779054e-02 1.354401805869074549e+00 1.714285714285714191e+00
3.192407247627265104e-02 1.811906816220880054e-02 1.334519572953736688e+00 1.744186046511627897e+00
3.781512605042016556e-02 2.016806722689075751e-02 1.301518438177874160e+00 1.714285714285714191e+00
4.191114836546521588e-02 1.927912824811399764e-02 1.343484102104791855e+00 1.676914477361654665e+00
3.749999999999999861e-02 1.416666666666666595e-02 1.306620209059233373e+00 1.668520578420467082e+00
2.314049586776859360e-02 1.322314049586776827e-02 1.283147989734816141e+00 1.651982378854625511e+00
3.630363036303630581e-02 2.145214521452145154e-02 1.293103448275862100e+00 1.729106628242074839e+00
3.273040482342808033e-02 1.291989664082687263e-02 1.327433628318584136e+00 1.696832579185520329e+00
3.156996587030716506e-02 1.450511945392491536e-02 1.330967169476486189e+00 1.741149158444573519e+00
3.013029315960912002e-02 9.771986970684038223e-03 1.291433491175204562e+00 1.643835616438356073e+00
2.977667493796526052e-02 1.654259718775847807e-02 1.318681318681318659e+00 1.753360607831677465e+00
4.308202154101076903e-02 7.456503728251863937e-03 1.316944688323090418e+00 1.679731243001119756e+00
3.926482873851294686e-02 1.336675020885547127e-02 1.332741003998223039e+00 1.682557487380818895e+00
3.377265238879736259e-02 1.153212520593080784e-02 1.306620209059233373e+00 1.679731243001119756e+00
2.775441547518923621e-02 2.354920100925147336e-02 1.329198050509525997e+00 1.705514496873223429e+00
3.057851239669421434e-02 1.735537190082644607e-02 1.288106483469300123e+00 1.688238604389420416e+00
2.419354838709677352e-02 1.451612903225806515e-02 1.278227524499360834e+00 1.671309192200557181e+00
4.251839738348323766e-02 1.880621422730989478e-02 1.293103448275862100e+00 1.720183486238532122e+00
3.589743589743589480e-02 1.709401709401709574e-02 1.322168356104010511e+00 1.778304682868998121e+00
3.697749196141478928e-02 1.848874598070739464e-02 1.303214596003475334e+00 1.699716713881019858e+00
2.470119521912350624e-02 1.274900398406374549e-02 1.274968125796855034e+00 1.606855918585966769e+00
3.013029315960912002e-02 1.302931596091205270e-02 1.279863481228668887e+00 1.671309192200557181e+00
3.071672354948805361e-02 9.385665529010239760e-03 1.299826689774696620e+00 1.738122827346465726e+00
3.352891869237217132e-02 1.089689857502095481e-02 1.318681318681318659e+00 1.735106998264893008e+00
3.415409054805400996e-02 1.667990468625893397e-02 1.296456352636127907e+00 1.627780792186652281e+00
3.027754415475189184e-02 1.766190075693860329e-02 1.334519572953736688e+00 1.750291715285881011e+00
2.972749793559041967e-02 2.064409578860446071e-02 1.293103448275862100e+00 1.633097441480674927e+00
3.168469860896445250e-02 1.777434312210201053e-02 1.257334450963956352e+00 1.638448935008192331e+00
2.950558213716108352e-02 1.116427432216905886e-02 1.276595744680851130e+00 1.622498647917793413e+00
4.537815126050420006e-02 7.563025210084033632e-03 1.322168356104010511e+00 1.674107142857142794e+00
4.204451772464962850e-02 1.566364385820280189e-02 1.320422535211267512e+00 1.688238604389420416e+00
3.728251864125932402e-02 9.942004971002485827e-03 1.322168356104010511e+00 1.657458563535911589e+00
3.411860276198212805e-02 1.380991064175467013e-02 1.296456352636127907e+00 1.699716713881019858e+00
3.752181500872600606e-02 2.006980802792321036e-02 1.339883876730683321e+00 1.657458563535911589e+00
2.732240437158469856e-02 1.092896174863387977e-02 1.266891891891891886e+00 1.660210293303818530e+00
3.454085930918281144e-02 1.769165964616680603e-02 1.296456352636127907e+00 1.705514496873223429e+00
4.398340248962655935e-02 1.825726141078838280e-02 1.313485113835376472e+00 1.679731243001119756e+00
3.807947019867549687e-02 1.407284768211920604e-02 1.304915180513266604e+00 1.708428246013667495e+00
2.950819672131147625e-02 2.131147540983606425e-02 1.279863481228668887e+00 1.668520578420467082e+00
2.116850127011007596e-02 1.354784081287044827e-02 1.294777729823046952e+00 1.699716713881019858e+00
3.776824034334763658e-02 1.888412017167381829e-02 1.332741003998223039e+00 1.726121979286536323e+00
3.285256410256410381e-02 1.282051282051282007e-02 1.266891891891891886e+00 1.674107142857142794e+00
4.170073589533932618e-02 1.880621422730989478e-02 1.303214596003475334e+00 1.662971175166297222e+00
3.379549393414211372e-02 1.126516464471403849e-02 1.334519572953736688e+00 1.711351968054763306e+00
2.729528535980148968e-02 1.323407775020678245e-02 1.283147989734816141e+00 1.711351968054763306e+00
3.239202657807308677e-02 1.744186046511627883e-02 1.315212626041210031e+00 1.720183486238532122e+00
3.204601479046836204e-02 6.573541495480689917e-03 1.279863481228668887e+00 1.643835616438356073e+00
3.606557377049180585e-02 1.229508196721311453e-02 1.288106483469300123e+00 1.649257833974711485e+00
3.339191564147627606e-02 1.318101933216168746e-02 1.348920863309352569e+00 1.781472684085510627e+00
3.456998313659358918e-02 1.433389544688026991e-02 1.308329699084169295e+00 1.679731243001119756e+00
3.109656301145662799e-02 1.472995090016366616e-02 1.279863481228668887e+00 1.662971175166297222e+00
3.546712802768166306e-02 1.124567474048442962e-02 1.336302895322939888e+00 1.747233546884100264e+00
4.226542688081149496e-02 1.352493660185967797e-02 1.359927470534904703e+00 1.696832579185520329e+00
4.401408450704225039e-02 1.408450704225352144e-02 1.378676470588235281e+00 1.800720288115246204e+00
4.643714971977581929e-02 1.441152922337870373e-02 1.293103448275862100e+00 1.711351968054763306e+00
4.600484261501210786e-02 1.452784503631961328e-02 1.304915180513266604e+00 1.657458563535911589e+00
3.260869565217391214e-02 1.588628762541806003e-02 1.293103448275862100e+00 1.711351968054763306e+00
2.866502866502866620e-02 1.965601965601965553e-02 1.313485113835376472e+00 1.685393258426966190e+00
2.693602693602693485e-02 1.346801346801346742e-02 1.286449399656946824e+00 1.714285714285714191e+00
3.434816549570648275e-02 2.029664324746292131e-02 1.276595744680851130e+00 1.601708489054991968e+00
4.594820384294068250e-02 1.002506265664160345e-02 1.327433628318584136e+00 1.705514496873223429e+00
3.380049464138499410e-02 1.483924154987634018e-02 1.306620209059233373e+00 1.699716713881019858e+00
3.098106712564543952e-02 1.893287435456110154e-02 1.315212626041210031e+00 1.741149158444573519e+00
4.373423044575273227e-02 1.345668629100084043e-02 1.301518438177874160e+00 1.729106628242074839e+00
3.568532035685320625e-02 1.297648012976480164e-02 1.306620209059233373e+00 1.654715940430226073e+00
3.303787268331990351e-02 1.611603545527800010e-02 1.303214596003475334e+00 1.682557487380818895e+00
3.366174055829228295e-02 1.559934318555008213e-02 1.322168356104010511e+00 1.649257833974711485e+00
2.515177797051170935e-02 1.647875108412836034e-02 1.361779391738538347e+00 1.711351968054763306e+00
3.836734693877551228e-02 1.632653061224489943e-02 1.286449399656946824e+00 1.671309192200557181e+00
2.690972222222222376e-02 1.302083333333333391e-02 1.322168356104010511e+00 1.714285714285714191e+00
3.127383676582761590e-02 1.144164759725400417e-02 1.254180602006689016e+00 1.619870410367170610e+00
3.797468354430379861e-02 1.603375527426160324e-02 1.298139333621808778e+00 1.723147616312464159e+00
4.248088360237892852e-02 1.614273576890399436e-02 1.338090990187332796e+00 1.741149158444573519e+00
3.665338645418326352e-02 7.968127490039840499e-03 1.288106483469300123e+00 1.668520578420467082e+00
4.406779661016949068e-02 1.186440677966101725e-02 1.336302895322939888e+00 1.688238604389420416e+00
4.368546465448768651e-02 8.737092930897537996e-03 1.288106483469300123e+00 1.682557487380818895e+00
3.152789005658852145e-02 2.021018593371059005e-02 1.322168356104010511e+00 1.705514496873223429e+00
2.578268876611418056e-02 1.565377532228361124e-02 1.356238698010849841e+00 1.794258373205741552e+00
4.753521126760563292e-02 1.408450704225352144e-02 1.382488479262672820e+00 1.744186046511627897e+00
3.500000000000000333e-02 1.499999999999999944e-02 1.286449399656946824e+00 1.708428246013667495e+00
2.931034482758620649e-02 1.034482758620689641e-02 1.322168356104010511e+00 1.699716713881019858e+00
3.654485049833887389e-02 1.993355481727574624e-02 1.345291479820627911e+00 1.682557487380818895e+00
4.214223002633889215e-02 1.404741000877963129e-02 1.339883876730683321e+00 1.705514496873223429e+00
2.410640066500415596e-02 1.080631753948462122e-02 1.306620209059233373e+00 1.676914477361654665e+00
2.716049382716049371e-02 1.152263374485596771e-02 1.273344651952461826e+00 1.657458563535911589e+00
3.174603174603174427e-02 1.825396825396825504e-02 1.263689974726200482e+00 1.651982378854625511e+00
2.818104184457728353e-02 1.964133219470538122e-02 1.308329699084169295e+00 1.729106628242074839e+00
4.690265486725663652e-02 1.592920353982300863e-02 1.371115173674588572e+00 1.784651992861391978e+00
4.424778761061946841e-02 1.238938053097345116e-02 1.365498406918525198e+00 1.688238604389420416e+00
3.898305084745763011e-02 1.355932203389830469e-02 1.356238698010849841e+00 1.732101616628175522e+00
3.308519437551695613e-02 1.571546732837055330e-02 1.273344651952461826e+00 1.720183486238532122e+00
3.453815261044176910e-02 1.927710843373494146e-02 1.294777729823046952e+00 1.711351968054763306e+00
3.953871499176276477e-02 1.482701812191103766e-02 1.301518438177874160e+00 1.688238604389420416e+00
3.964401294498381967e-02 1.213592233009708719e-02 1.296456352636127907e+00 1.717229536348025221e+00
2.216748768472906472e-02 1.313628899835796345e-02 1.283147989734816141e+00 1.679731243001119756e+00
4.230118443316412818e-02 1.184433164128595624e-02 1.310043668122270688e+00 1.714285714285714191e+00
4.105090311986863555e-02 1.395730706075533692e-02 1.291433491175204562e+00 1.696832579185520329e+00
3.201970443349753948e-02 1.806239737274219909e-02 1.293103448275862100e+00 1.671309192200557181e+00
3.534482758620689780e-02 1.551724137931034461e-02 1.334519572953736688e+00 1.772002362669816922e+00
5.094991364421416064e-02 1.813471502590673426e-02 1.339883876730683321e+00 1.738122827346465726e+00
3.162055335968379233e-02 1.422924901185770689e-02 1.284796573875802927e+00 1.627780792186652281e+00
3.626107977437550284e-02 1.289282836422240078e-02 1.299826689774696620e+00 1.651982378854625511e+00
3.146853146853147154e-02 2.272727272727272790e-02 1.306620209059233373e+00 1.768867924528301883e+00
3.133159268929503610e-02 1.305483028720626562e-02 1.332741003998223039e+00 1.720183486238532122e+00
3.318777292576419180e-02 2.096069868995633148e-02 1.388246182322998568e+00 1.732101616628175522e+00
3.238866396761133637e-02 1.052631578947368397e-02 1.296456352636127907e+00 1.682557487380818895e+00
3.333333333333333287e-02 1.138211382113821224e-02 1.279863481228668887e+00 1.657458563535911589e+00
3.459372485921158313e-02 1.689460981496379577e-02 1.296456352636127907e+00 1.671309192200557181e+00
3.469210754553338910e-02 1.561144839549002614e-02 1.347103726986977890e+00 1.744186046511627897e+00
3.145695364238410702e-02 1.572847682119205351e-02 1.304915180513266604e+00 1.688238604389420416e+00
2.240663900414937779e-02 9.958506224066389356e-03 1.279863481228668887e+00 1.691093573844419495e+00
3.934987168520102940e-02 1.625320786997433778e-02 1.334519572953736688e+00 1.723147616312464159e+00
4.920767306088406901e-02 1.167639699749791447e-02 1.347103726986977890e+00 1.744186046511627897e+00
3.825622775800711917e-02 1.245551601423487524e-02 1.394052044609665364e+00 1.803968731208658971e+00
4.336513443191673811e-02 1.214223764093668757e-02 1.352569882777276744e+00 1.717229536348025221e+00
3.885135135135135004e-02 1.435810810810810891e-02 1.318681318681318659e+00 1.720183486238532122e+00
3.084832904884318716e-02 1.628106255355612694e-02 1.306620209059233373e+00 1.753360607831677465e+00
3.453815261044176910e-02 2.489959839357429663e-02 1.288106483469300123e+00 1.643835616438356073e+00
4.020979020979020824e-02 1.573426573426573577e-02 1.376778338687471237e+00 1.708428246013667495e+00
3.043110735418427804e-02 1.267962806424344918e-02 1.354401805869074549e+00 1.744186046511627897e+00
2.911877394636015401e-02 1.609195402298850552e-02 1.254180602006689016e+00 1.654715940430226073e+00
4.508566275924256322e-02 2.073940486925157645e-02 1.367365542388331745e+00 1.759530791788856297e+00
3.682946357085668809e-02 1.281024819855884622e-02 1.288106483469300123e+00 1.679731243001119756e+00
3.694779116465863461e-02 1.124497991967871556e-02 1.278227524499360834e+00 1.685393258426966190e+00
3.747870528109029098e-02 1.448040885860306728e-02 1.336302895322939888e+00 1.705514496873223429e+00
4.397394136807817461e-02 2.442996742671009816e-02 1.291433491175204562e+00 1.679731243001119756e+00
3.013029315960912002e-02 2.117263843648208368e-02 1.283147989734816141e+00 1.651982378854625511e+00
4.426229508196721091e-02 1.639344262295082053e-02 1.313485113835376472e+00 1.735106998264893008e+00
2.543859649122806946e-02 1.403508771929824588e-02 1.341681574239713681e+00 1.775147928994082802e+00
4.486626402070750808e-02 1.553062985332182878e-02 1.345291479820627911e+00 1.723147616312464159e+00
2.868852459016393505e-02 1.065573770491803213e-02 1.281503630926954296e+00 1.646542261251372041e+00
2.633679169992019301e-02 1.037509976057462112e-02 1.268498942917547501e+00 1.668520578420467082e+00
2.479338842975206680e-02 1.074380165289256193e-02 1.301518438177874160e+00 1.688238604389420416e+00
2.830974188176519496e-02 1.165695253955037480e-02 1.294777729823046952e+00 1.641137855579868798e+00
2.645051194539249292e-02 6.825938566552901092e-03 1.325673884224480847e+00 1.726121979286536323e+00
3.475513428120063225e-02 1.737756714060031613e-02 1.278227524499360834e+00 1.635768811341330453e+00
3.885135135135135004e-02 1.942567567567567502e-02 1.323918799646955025e+00 1.720183486238532122e+00
3.119868637110016427e-02 1.149425287356321823e-02 1.301518438177874160e+00 1.682557487380818895e+00
3.389830508474576259e-02 1.525423728813559386e-02 1.358080579447713987e+00 1.768867924528301883e+00
2.410714285714285823e-02 1.517857142857142842e-02 1.341681574239713681e+00 1.762632197414806035e+00
4.213241616509028065e-02 1.805674978503869418e-02 1.361779391738538347e+00 1.756440281030444917e+00
3.350970017636684117e-02 1.940035273368606594e-02 1.338090990187332796e+00 1.775147928994082802e+00
3.830480847595762323e-02 1.955990220048899747e-02 1.289767841788478142e+00 1.668520578420467082e+00
3.775167785234899431e-02 1.761744966442952906e-02 1.318681318681318659e+00 1.682557487380818895e+00
5.123674911660777709e-02 1.501766784452296735e-02 1.380579843534284423e+00 1.750291715285881011e+00
3.148301574150787208e-02 1.159900579950290042e-02 1.303214596003475334e+00 1.714285714285714191e+00
3.294746215494211844e-02 1.157613535173642079e-02 1.350742908599729786e+00 1.784651992861391978e+00
3.595317725752508048e-02 2.508361204013377990e-02 1.356238698010849841e+00 1.714285714285714191e+00
4.036697247706422242e-02 1.376146788990825764e-02 1.388246182322998568e+00 1.794258373205741552e+00
4.303797468354430417e-02 2.194092827004219537e-02 1.325673884224480847e+00 1.711351968054763306e+00
3.745644599303135647e-02 1.655052264808362303e-02 1.345291479820627911e+00 1.747233546884100264e+00
3.596491228070175517e-02 1.842105263157894565e-02 1.352569882777276744e+00 1.732101616628175522e+00
3.112840466926070082e-02 7.782101167315175205e-03 1.278227524499360834e+00 1.646542261251372041e+00
3.930131004366812369e-02 2.445414847161572064e-02 1.361779391738538347e+00 1.720183486238532122e+00
3.858267716535433017e-02 1.181102362204724393e-02 1.279863481228668887e+00 1.643835616438356073e+00
3.778337531486146428e-02 1.427371956339210796e-02 1.352569882777276744e+00 1.775147928994082802e+00
3.129890453834115877e-02 1.721439749608763559e-02 1.291433491175204562e+00 1.643835616438356073e+00
3.384094754653130255e-02 1.438240270727580289e-02 1.299826689774696620e+00 1.696832579185520329e+00
3.472222222222222376e-02 1.080246913580246854e-02 1.278227524499360834e+00 1.633097441480674927e+00
3.588907014681892022e-02 1.223491027732463363e-02 1.323918799646955025e+00 1.682557487380818895e+00
2.743142144638403834e-02 1.995012468827930124e-02 1.310043668122270688e+00 1.732101616628175522e+00
3.602058319039451451e-02 1.114922813036020588e-02 1.332741003998223039e+00 1.729106628242074839e+00
3.606853020739404780e-02 1.893597835888187475e-02 1.401869158878504606e+00 1.772002362669816922e+00
3.302286198137172057e-02 7.620660457239627691e-03 1.299826689774696620e+00 1.705514496873223429e+00
3.948497854077253483e-02 1.287553648068669523e-02 1.339883876730683321e+00 1.735106998264893008e+00
2.182700080840743739e-02 1.778496362166532077e-02 1.284796573875802927e+00 1.654715940430226073e+00
3.568320278503046145e-02 2.523933855526544826e-02 1.380579843534284423e+00 1.738122827346465726e+00
4.264577893820713922e-02 1.827676240208877395e-02 1.347103726986977890e+00 1.738122827346465726e+00
4.549509366636931423e-02 1.605709188224799244e-02 1.356238698010849841e+00 1.762632197414806035e+00
4.037005887300252477e-02 1.345668629100084043e-02 1.341681574239713681e+00 1.665741254858412068e+00
3.571428571428571230e-02 1.874999999999999931e-02 1.356238698010849841e+00 1.741149158444573519e+00
5.166374781085814050e-02 1.401050788091068311e-02 1.345291479820627911e+00 1.732101616628175522e+00
3.376205787781350748e-02 8.842443729903537095e-03 1.286449399656946824e+00 1.654715940430226073e+00
3.096984515077424657e-02 1.385493072534637292e-02 1.289767841788478142e+00 1.682557487380818895e+00
3.861003861003860921e-02 1.158301158301158242e-02 1.270110076206604655e+00 1.630434782608695565e+00
3.918076580587711438e-02 9.795191451469278596e-03 1.359927470534904703e+00 1.781472684085510627e+00
3.849238171611868431e-02 1.202886928628708885e-02 1.270110076206604655e+00 1.668520578420467082e+00
4.300168634064081147e-02 1.096121416526138308e-02 1.323918799646955025e+00 1.671309192200557181e+00
3.149606299212598381e-02 7.086614173228346358e-03 1.274968125796855034e+00 1.662971175166297222e+00
3.574329813160032759e-02 1.056051990251827798e-02 1.310043668122270688e+00 1.732101616628175522e+00
2.948609941027801121e-02 1.516427969671440591e-02 1.298139333621808778e+00 1.720183486238532122e+00
2.814698983580922464e-02 1.641907740422204887e-02 1.252609603340292255e+00 1.651982378854625511e+00
3.745019920318724826e-02 9.561752988047808252e-03 1.288106483469300123e+00 1.614639397201291793e+00
3.063063063063063002e-02 1.531531531531531501e-02 1.354401805869074549e+00 1.803968731208658971e+00
3.865979381443299112e-02 1.718213058419244127e-02 1.347103726986977890e+00 1.750291715285881011e+00
3.923205342237062049e-02 1.669449081803004928e-02 1.315212626041210031e+00 1.691093573844419495e+00
3.410981697171380778e-02 1.747088186356073047e-02 1.308329699084169295e+00 1.714285714285714191e+00
4.713804713804713858e-02 1.851851851851851749e-02 1.367365542388331745e+00 1.753360607831677465e+00
4.041272570937231440e-02 1.977644024075666390e-02 1.363636363636363535e+00 1.750291715285881011e+00
3.607382550335570814e-02 1.258389261744966361e-02 1.316944688323090418e+00 1.791044776119403048e+00
3.250641573994867556e-02 1.197604790419161749e-02 1.330967169476486189e+00 1.720183486238532122e+00
3.328050713153724027e-02 1.030110935023771830e-02 1.286449399656946824e+00 1.685393258426966190e+00
2.416666666666666616e-02 1.666666666666666644e-02 1.338090990187332796e+00 1.708428246013667495e+00
3.174603174603174427e-02 1.253132832080200432e-02 1.334519572953736688e+00 1.738122827346465726e+00
3.122432210353327797e-02 1.150369761709120822e-02 1.311762133799737606e+00 1.676914477361654665e+00
3.487358326068003278e-02 1.394943330427201450e-02 1.330967169476486189e+00 1.723147616312464159e+00
3.781882145998240879e-02 1.759014951627088999e-02 1.348920863309352569e+00 1.775147928994082802e+00
3.598971722365038733e-02 1.113967437874892850e-02 1.336302895322939888e+00 1.708428246013667495e+00
4.664970313825275716e-02 1.357082273112807450e-02 1.352569882777276744e+00 1.711351968054763306e+00
3.436988543371521931e-02 1.882160392798690532e-02 1.313485113835376472e+00 1.696832579185520329e+00
2.953240360951599544e-02 1.230516817063166506e-02 1.286449399656946824e+00 1.720183486238532122e+00
3.545527800161160648e-02 1.289282836422240078e-02 1.291433491175204562e+00 1.665741254858412068e+00
2.589285714285714454e-02 1.339285714285714211e-02 1.352569882777276744e+00 1.747233546884100264e+00
2.410640066500415596e-02 1.246882793017456414e-02 1.281503630926954296e+00 1.750291715285881011e+00
3.674540682414698112e-02 2.362204724409448786e-02 1.339883876730683321e+00 1.772002362669816922e+00
4.476351351351351426e-02 1.435810810810810891e-02 1.327433628318584136e+00 1.765744555620953449e+00
3.908794788273615289e-02 1.302931596091205270e-02 1.301518438177874160e+00 1.682557487380818895e+00
3.179650238473767654e-02 1.430842607313195618e-02 1.258917331095258163e+00 1.651982378854625511e+00
2.968036529680365132e-02 2.283105022831050102e-02 1.276595744680851130e+00 1.676914477361654665e+00
3.849597135183527308e-02 9.847806624888093274e-03 1.338090990187332796e+00 1.759530791788856297e+00
3.341687552213867818e-02 1.336675020885547127e-02 1.303214596003475334e+00 1.668520578420467082e+00
3.549783549783550041e-02 1.904761904761904934e-02 1.299826689774696620e+00 1.699716713881019858e+00
3.665814151747655292e-02 1.960784313725490169e-02 1.306620209059233373e+00 1.691093573844419495e+00
2.095084609186140256e-02 1.611603545527800010e-02 1.278227524499360834e+00 1.660210293303818530e+00
3.514644351464435434e-02 1.506276150627615038e-02 1.322168356104010511e+00 1.753360607831677465e+00
3.807106598984771884e-02 1.522842639593908684e-02 1.323918799646955025e+00 1.726121979286536323e+00
4.811898512685914425e-02 1.312335958005249326e-02 1.365498406918525198e+00 1.768867924528301883e+00
3.900414937759336120e-02 1.742738589211618311e-02 1.322168356104010511e+00 1.723147616312464159e+00
3.600654664484451845e-02 1.718494271685760966e-02 1.284796573875802927e+00 1.693958215697346059e+00
3.365810451727192093e-02 1.860053144375553580e-02 1.323918799646955025e+00 1.797483523067705313e+00
3.096984515077424657e-02 1.955990220048899747e-02 1.293103448275862100e+00 1.688238604389420416e+00
3.442485306465155326e-02 1.427371956339210796e-02 1.313485113835376472e+00 1.711351968054763306e+00
3.425229741019214513e-02 1.670843776106933909e-02 1.310043668122270688e+00 1.682557487380818895e+00
2.623456790123456644e-02 1.620370370370370280e-02 1.254180602006689016e+00 1.606855918585966769e+00
3.407155025553662564e-02 1.703577512776831282e-02 1.343484102104791855e+00 1.729106628242074839e+00
3.145695364238410702e-02 9.933774834437086518e-03 1.293103448275862100e+00 1.735106998264893008e+00
4.639999999999999680e-02 1.760000000000000106e-02 1.323918799646955025e+00 1.641137855579868798e+00
2.495840266222961595e-02 1.580698835274542413e-02 1.311762133799737606e+00 1.717229536348025221e+00
3.940886699507389207e-02 1.642036124794745561e-02 1.320422535211267512e+00 1.714285714285714191e+00
