6.250000000000000000e-02 6.763698630136986967e-02 1.094890510948905105e+00 1.097895699908508771e+00
8.813263525305410628e-02 8.900523560209423757e-02 1.077199281867145420e+00 1.207243460764587439e+00
1.018276762402088725e-01 9.399477806788511525e-02 1.135288552507095483e+00 1.132075471698113178e+00
6.157443491816055881e-02 8.261886204208884754e-02 1.035375323554788674e+00 1.135288552507095483e+00
9.571788413098236692e-02 8.816120906801007406e-02 1.110083256244218219e+00 1.138519924098671643e+00
7.111882046834344662e-02 7.198612315698178776e-02 1.088929219600725862e+00 1.158301158301158207e+00
8.028616852146264193e-02 8.108108108108108558e-02 1.077199281867145420e+00 1.103955841766329327e+00
7.085346215780997936e-02 7.487922705314009608e-02 1.060070671378091856e+00 1.119402985074626766e+00
8.205128205128205121e-02 9.487179487179486781e-02 1.080108010801080098e+00 1.154956689124157831e+00
8.774978279756733002e-02 8.427454387489140275e-02 1.110083256244218219e+00 1.145038167938931206e+00
7.431874483897604744e-02 8.422791081750619080e-02 1.091901728844403952e+00 1.182266009852216859e+00
7.119205298013245309e-02 7.781456953642383600e-02 1.074306177260519357e+00 1.128880526810912555e+00
7.637017070979335021e-02 9.973045822102426239e-02 1.138519924098671643e+00 1.214574898785425017e+00
8.130081300813007950e-02 7.560975609756097338e-02 1.077199281867145420e+00 1.116279069767441845e+00
7.728337236533958099e-02 8.821233411397345903e-02 1.060070671378091856e+00 1.135288552507095483e+00
8.032786885245901676e-02 8.688524590163934636e-02 1.088929219600725862e+00 1.132075471698113178e+00
6.650041562759767544e-02 5.236907730673316663e-02 1.094890510948905105e+00 1.113172541743970401e+00
6.700167504187604095e-02 6.448911222780569219e-02 1.060070671378091856e+00 1.138519924098671643e+00
7.794361525704809890e-02 6.716417910447761153e-02 1.074306177260519357e+00 1.135288552507095483e+00
6.544293695131683797e-02 6.943335993615323831e-02 1.062887511071744839e+00 1.138519924098671643e+00
7.809847198641765853e-02 7.640067911714770732e-02 1.100917431192660612e+00 1.154956689124157831e+00
7.565217391304347727e-02 7.478260869565217517e-02 1.085972850678732948e+00 1.141769743101807899e+00
8.541846419327006612e-02 7.592752372735116217e-02 1.107011070110701212e+00 1.145038167938931206e+00
7.594936708860759722e-02 7.763713080168777037e-02 1.088929219600725862e+00 1.138519924098671643e+00
8.277591973244147194e-02 8.612040133779264028e-02 1.080108010801080098e+00 1.161665053242981527e+00
8.956521739130435256e-02 8.434782608695652606e-02 1.100917431192660612e+00 1.196410767696909350e+00
6.804478897502153067e-02 7.751937984496123923e-02 1.062887511071744839e+00 1.122544434050514406e+00
7.361455748552522826e-02 6.947890818858561135e-02 1.071428571428571397e+00 1.103955841766329327e+00
7.759372275501308369e-02 6.887532693984306509e-02 1.107011070110701212e+00 1.154956689124157831e+00
7.511737089201878104e-02 8.137715179968700585e-02 1.068566340160284955e+00 1.135288552507095483e+00
6.778242677824267148e-02 8.953974895397490141e-02 1.071428571428571397e+00 1.154956689124157831e+00
7.939053728949478639e-02 7.618283881315156270e-02 1.113172541743970401e+00 1.097895699908508771e+00
7.623682076236820704e-02 8.029197080291970712e-02 1.091901728844403952e+00 1.138519924098671643e+00
9.000825763831543647e-02 8.753096614368290063e-02 1.107011070110701212e+00 1.178781925343811432e+00
8.629441624365481733e-02 7.698815566835871815e-02 1.107011070110701212e+00 1.132075471698113178e+00
6.655710764174198324e-02 7.641741988496301985e-02 1.062887511071744839e+00 1.138519924098671643e+00
8.466051969823973344e-02 9.220452640402347633e-02 1.094890510948905105e+00 1.141769743101807899e+00
7.465135356849876558e-02 7.875307629204265913e-02 1.077199281867145420e+00 1.103955841766329327e+00
8.883025505716798942e-02 8.970976253298153236e-02 1.110083256244218219e+00 1.161665053242981527e+00
9.060118543607112440e-02 8.298052497883150191e-02 1.125703564727954964e+00 1.113172541743970401e+00
7.658833768494342775e-02 7.136640557006092289e-02 1.097895699908508771e+00 1.148325358851674638e+00
7.326892109500805772e-02 8.051529790660225117e-02 1.071428571428571397e+00 1.141769743101807899e+00
6.255283178360102059e-02 7.354184277261199831e-02 1.068566340160284955e+00 1.168451801363193709e+00
9.300341296928327228e-02 9.726962457337884338e-02 1.119402985074626766e+00 1.178781925343811432e+00
7.078189300411522056e-02 8.065843621399176877e-02 1.062887511071744839e+00 1.135288552507095483e+00
8.105726872246696302e-02 7.929515418502203206e-02 1.100917431192660612e+00 1.178781925343811432e+00
7.032590051457976443e-02 6.775300171526586757e-02 1.071428571428571397e+00 1.145038167938931206e+00
8.634361233480175590e-02 9.162995594713656267e-02 1.132075471698113178e+00 1.199999999999999956e+00
7.303370786516853730e-02 6.982343499197431191e-02 1.080108010801080098e+00 1.119402985074626766e+00
7.113654946852003558e-02 7.931316434995912268e-02 1.068566340160284955e+00 1.165048543689320315e+00
7.775919732441471943e-02 7.274247491638795304e-02 1.110083256244218219e+00 1.122544434050514406e+00
7.653061224489796088e-02 8.163265306122448328e-02 1.083032490974729312e+00 1.151631477927063330e+00
8.182601205857019389e-02 7.924203273040482387e-02 1.097895699908508771e+00 1.138519924098671643e+00
7.274180655475619151e-02 7.194244604316546443e-02 1.068566340160284955e+00 1.107011070110701212e+00
1.006655574043261170e-01 9.234608985024958527e-02 1.100917431192660612e+00 1.138519924098671643e+00
8.667211774325429829e-02 7.604251839738347674e-02 1.100917431192660612e+00 1.145038167938931206e+00
5.993431855500821331e-02 6.978653530377668113e-02 1.071428571428571397e+00 1.113172541743970401e+00
8.184143222506394533e-02 7.502131287297528206e-02 1.091901728844403952e+00 1.178781925343811432e+00
7.476635514018691031e-02 7.731520815632965393e-02 1.085972850678732948e+00 1.148325358851674638e+00
1.027777777777777735e-01 9.444444444444444198e-02 1.125703564727954964e+00 1.182266009852216859e+00
7.792207792207792028e-02 7.954545454545454419e-02 1.068566340160284955e+00 1.122544434050514406e+00
7.119741100323624672e-02 7.766990291262135249e-02 1.074306177260519357e+00 1.128880526810912555e+00
7.931316434995912268e-02 9.157808667211773945e-02 1.062887511071744839e+00 1.154956689124157831e+00
7.809847198641765853e-02 8.234295415959252962e-02 1.119402985074626766e+00 1.161665053242981527e+00
9.249563699825480434e-02 8.115183246073298662e-02 1.113172541743970401e+00 1.132075471698113178e+00
8.053691275167784713e-02 8.557046979865771952e-02 1.085972850678732948e+00 1.135288552507095483e+00
7.527733755942947469e-02 7.369255150554675227e-02 1.071428571428571397e+00 1.132075471698113178e+00
7.321131447587354846e-02 6.738768718801996238e-02 1.094890510948905105e+00 1.135288552507095483e+00
9.872340425531915542e-02 7.829787234042552557e-02 1.125703564727954964e+00 1.145038167938931206e+00
8.521303258145362935e-02 7.852965747702589372e-02 1.116279069767441845e+00 1.128880526810912555e+00
8.029801324503310633e-02 7.947019867549669214e-02 1.091901728844403952e+00 1.125703564727954964e+00
5.967741935483870941e-02 6.532258064516129059e-02 1.062887511071744839e+00 1.085972850678732948e+00
8.839285714285714801e-02 8.125000000000000278e-02 1.141769743101807899e+00 1.175318315377081202e+00
8.623693379790940694e-02 8.013937282229964543e-02 1.100917431192660612e+00 1.145038167938931206e+00
9.965928449744462791e-02 8.177172061328789876e-02 1.125703564727954964e+00 1.154956689124157831e+00
7.102502017756255615e-02 7.102502017756255615e-02 1.077199281867145420e+00 1.113172541743970401e+00
8.135593220338982468e-02 9.237288135593220428e-02 1.100917431192660612e+00 1.132075471698113178e+00
9.690893901420216672e-02 8.939014202172096413e-02 1.135288552507095483e+00 1.141769743101807899e+00
8.285004142502071234e-02 7.622203811101906090e-02 1.074306177260519357e+00 1.135288552507095483e+00
7.937877480586712220e-02 7.161345987920621214e-02 1.103955841766329327e+00 1.178781925343811432e+00
8.447098976109214397e-02 8.020477815699658675e-02 1.083032490974729312e+00 1.138519924098671643e+00
7.161572052401746213e-02 6.637554585152838360e-02 1.094890510948905105e+00 1.138519924098671643e+00
8.562197092084006256e-02 7.996768982229401912e-02 1.077199281867145420e+00 1.125703564727954964e+00
7.383100902378998687e-02 7.301066447908120816e-02 1.091901728844403952e+00 1.141769743101807899e+00
1.044247787610619455e-01 8.938053097345133313e-02 1.135288552507095483e+00 1.145038167938931206e+00
7.376362112321876996e-02 6.538139145012573927e-02 1.074306177260519357e+00 1.132075471698113178e+00
6.588824020016680050e-02 6.505421184320267503e-02 1.083032490974729312e+00 1.145038167938931206e+00
6.661045531197301584e-02 7.082630691399663392e-02 1.074306177260519357e+00 1.119402985074626766e+00
8.132045088566827729e-02 8.051529790660225117e-02 1.110083256244218219e+00 1.122544434050514406e+00
7.736156351791531605e-02 6.270358306188925090e-02 1.094890510948905105e+00 1.107011070110701212e+00
7.154471544715447495e-02 7.154471544715447495e-02 1.097895699908508771e+00 1.122544434050514406e+00
6.023102310231023132e-02 7.260726072607261161e-02 1.062887511071744839e+00 1.148325358851674638e+00
7.940446650124069472e-02 7.940446650124069472e-02 1.097895699908508771e+00 1.110083256244218219e+00
8.252427184466019916e-02 7.038834951456310329e-02 1.085972850678732948e+00 1.119402985074626766e+00
8.389830508474575843e-02 5.677966101694915252e-02 1.113172541743970401e+00 1.116279069767441845e+00
9.332260659694288640e-02 8.205953338696701793e-02 1.116279069767441845e+00 1.141769743101807899e+00
7.020547945205479756e-02 7.791095890410959512e-02 1.107011070110701212e+00 1.154956689124157831e+00
7.260726072607261161e-02 8.663366336633662734e-02 1.071428571428571397e+00 1.165048543689320315e+00
8.557457212713937000e-02 9.046454767726161417e-02 1.074306177260519357e+00 1.148325358851674638e+00
7.470288624787775611e-02 8.404074702886248083e-02 1.091901728844403952e+00 1.135288552507095483e+00
7.517482517482516891e-02 7.167832167832167978e-02 1.116279069767441845e+00 1.132075471698113178e+00
8.099173553719007934e-02 7.768595041322313988e-02 1.074306177260519357e+00 1.132075471698113178e+00
9.507923269391159449e-02 8.840700583819849356e-02 1.110083256244218219e+00 1.138519924098671643e+00
6.240126382306476760e-02 5.766192733017377892e-02 1.071428571428571397e+00 1.100917431192660612e+00
7.791095890410959512e-02 7.705479452054794787e-02 1.094890510948905105e+00 1.158301158301158207e+00
6.918238993710691676e-02 7.154088050314465208e-02 1.100917431192660612e+00 1.132075471698113178e+00
7.901444350042480247e-02 7.051826677994901815e-02 1.103955841766329327e+00 1.151631477927063330e+00
8.417508417508418050e-02 7.828282828282828731e-02 1.116279069767441845e+00 1.154956689124157831e+00
6.650041562759767544e-02 6.733167082294264083e-02 1.068566340160284955e+00 1.145038167938931206e+00
8.451816745655607588e-02 8.293838862559241298e-02 1.077199281867145420e+00 1.141769743101807899e+00
8.566853482786228324e-02 6.885508406725379671e-02 1.085972850678732948e+00 1.097895699908508771e+00
8.144416456759026590e-02 7.472712006717044386e-02 1.097895699908508771e+00 1.141769743101807899e+00
8.702659145850120959e-02 7.332796132151490898e-02 1.088929219600725862e+00 1.141769743101807899e+00
8.101472995090015783e-02 7.364975450081832908e-02 1.094890510948905105e+00 1.113172541743970401e+00
8.989726027397260122e-02 8.647260273972602607e-02 1.122544434050514406e+00 1.161665053242981527e+00
6.951026856240126450e-02 6.793048973143760161e-02 1.074306177260519357e+00 1.119402985074626766e+00
8.879310344827585910e-02 8.362068965517241437e-02 1.088929219600725862e+00 1.132075471698113178e+00
8.223972003499561978e-02 6.561679790026246628e-02 1.132075471698113178e+00 1.148325358851674638e+00
7.481898632341110744e-02 7.079646017699114946e-02 1.083032490974729312e+00 1.128880526810912555e+00
9.249999999999999889e-02 8.999999999999999667e-02 1.080108010801080098e+00 1.132075471698113178e+00
8.340214698596201681e-02 7.514450867052023531e-02 1.085972850678732948e+00 1.125703564727954964e+00
9.213863060016906636e-02 8.960270498732036959e-02 1.094890510948905105e+00 1.145038167938931206e+00
8.024158757549611221e-02 8.196721311475409222e-02 1.088929219600725862e+00 1.141769743101807899e+00
8.983050847457627053e-02 8.135593220338982468e-02 1.128880526810912555e+00 1.148325358851674638e+00
7.481898632341110744e-02 7.160096540627514106e-02 1.083032490974729312e+00 1.110083256244218219e+00
7.527733755942947469e-02 8.716323296354992756e-02 1.074306177260519357e+00 1.135288552507095483e+00
8.244023083264633012e-02 7.254740313272876884e-02 1.088929219600725862e+00 1.141769743101807899e+00
8.036454018227008611e-02 7.373653686826843467e-02 1.074306177260519357e+00 1.113172541743970401e+00
8.410428931875525704e-02 7.317073170731706877e-02 1.083032490974729312e+00 1.128880526810912555e+00
7.433016421780466731e-02 7.692307692307692735e-02 1.088929219600725862e+00 1.125703564727954964e+00
6.396761133603239002e-02 7.854251012145749278e-02 1.065719360568383678e+00 1.138519924098671643e+00
6.354515050167224011e-02 5.518394648829431232e-02 1.065719360568383678e+00 1.128880526810912555e+00
7.269653423499577993e-02 9.298393913778528475e-02 1.119402985074626766e+00 1.199999999999999956e+00
7.363013698630137271e-02 7.534246575342465335e-02 1.107011070110701212e+00 1.168451801363193709e+00
8.764607679465775958e-02 9.265442404006678234e-02 1.107011070110701212e+00 1.161665053242981527e+00
9.672131147540984075e-02 9.344262295081967595e-02 1.125703564727954964e+00 1.151631477927063330e+00
6.917688266199649438e-02 7.618213660245183594e-02 1.103955841766329327e+00 1.178781925343811432e+00
6.907894736842105921e-02 7.565789473684210453e-02 1.113172541743970401e+00 1.132075471698113178e+00
7.971014492753622505e-02 7.085346215780997936e-02 1.074306177260519357e+00 1.113172541743970401e+00
7.813798836242726031e-02 7.398171238570240560e-02 1.100917431192660612e+00 1.135288552507095483e+00
8.263069139966272569e-02 9.106239460370994798e-02 1.110083256244218219e+00 1.145038167938931206e+00
6.409130816505706485e-02 6.672519754170325168e-02 1.100917431192660612e+00 1.161665053242981527e+00
8.156606851549755288e-02 8.238172920065252314e-02 1.088929219600725862e+00 1.154956689124157831e+00
7.885906040268456096e-02 8.053691275167784713e-02 1.071428571428571397e+00 1.145038167938931206e+00
8.702408702408702401e-02 7.770007770007769654e-02 1.085972850678732948e+00 1.138519924098671643e+00
7.748184019370460418e-02 7.586763518966908870e-02 1.080108010801080098e+00 1.122544434050514406e+00
8.016528925619834101e-02 8.016528925619834101e-02 1.100917431192660612e+00 1.113172541743970401e+00
8.460918614020951356e-02 8.783239323126511289e-02 1.116279069767441845e+00 1.168451801363193709e+00
7.648026315789473173e-02 8.305921052631579093e-02 1.091901728844403952e+00 1.135288552507095483e+00
7.712765957446808540e-02 8.244680851063829197e-02 1.088929219600725862e+00 1.141769743101807899e+00
8.626465661641541383e-02 8.793969849246231762e-02 1.085972850678732948e+00 1.125703564727954964e+00
9.275834011391374812e-02 7.404393816110658999e-02 1.116279069767441845e+00 1.103955841766329327e+00
6.601466992665036559e-02 7.416462917685411049e-02 1.077199281867145420e+00 1.175318315377081202e+00
8.723747980613894004e-02 8.562197092084006256e-02 1.100917431192660612e+00 1.141769743101807899e+00
7.766990291262135249e-02 8.090614886731391231e-02 1.068566340160284955e+00 1.161665053242981527e+00
8.660130718954248130e-02 9.068627450980391858e-02 1.085972850678732948e+00 1.128880526810912555e+00
7.189014539579967333e-02 8.077544426494345786e-02 1.048951048951048959e+00 1.138519924098671643e+00
9.083191850594227179e-02 7.979626485568760974e-02 1.122544434050514406e+00 1.154956689124157831e+00
6.910907577019151371e-02 7.160699417152373292e-02 1.080108010801080098e+00 1.141769743101807899e+00
6.994171523730224882e-02 7.077435470441298393e-02 1.083032490974729312e+00 1.125703564727954964e+00
9.037162162162162837e-02 7.939189189189188589e-02 1.113172541743970401e+00 1.119402985074626766e+00
8.933002481389577809e-02 8.188585607940446209e-02 1.085972850678732948e+00 1.138519924098671643e+00
7.926341072858286707e-02 8.166533226581265681e-02 1.068566340160284955e+00 1.110083256244218219e+00
7.909604519774011966e-02 7.990314769975787046e-02 1.107011070110701212e+00 1.128880526810912555e+00
8.528951486697965156e-02 7.902973395931142675e-02 1.107011070110701212e+00 1.122544434050514406e+00
9.068425391591096452e-02 9.068425391591096452e-02 1.085972850678732948e+00 1.138519924098671643e+00
7.461406518010291200e-02 6.775300171526586757e-02 1.083032490974729312e+00 1.116279069767441845e+00
6.639004149377593367e-02 8.298755186721991361e-02 1.071428571428571397e+00 1.165048543689320315e+00
9.601301871440194591e-02 8.787632221318145143e-02 1.097895699908508771e+00 1.138519924098671643e+00
8.942390369733448086e-02 9.544282029234738007e-02 1.068566340160284955e+00 1.154956689124157831e+00
6.281833616298811152e-02 8.064516129032257841e-02 1.071428571428571397e+00 1.135288552507095483e+00
7.905138339920948776e-02 7.035573122529643897e-02 1.085972850678732948e+00 1.083032490974729312e+00
7.388316151202749260e-02 6.786941580756013226e-02 1.085972850678732948e+00 1.168451801363193709e+00
7.030603804797352918e-02 7.692307692307692735e-02 1.062887511071744839e+00 1.135288552507095483e+00
7.815126050420168058e-02 7.899159663865545911e-02 1.094890510948905105e+00 1.135288552507095483e+00
8.128704487722268612e-02 9.652836579170194498e-02 1.094890510948905105e+00 1.154956689124157831e+00
8.020050125313282763e-02 7.936507936507936067e-02 1.091901728844403952e+00 1.138519924098671643e+00
6.548100242522231218e-02 6.305578011317704290e-02 1.080108010801080098e+00 1.094890510948905105e+00
9.138381201044386282e-02 7.136640557006092289e-02 1.116279069767441845e+00 1.132075471698113178e+00
7.478122513922036418e-02 7.557677008750994518e-02 1.060070671378091856e+00 1.113172541743970401e+00
8.485856905158069285e-02 8.069883527454242700e-02 1.110083256244218219e+00 1.135288552507095483e+00
6.671961874503573586e-02 6.513105639396346569e-02 1.068566340160284955e+00 1.074306177260519357e+00
9.416342412451361721e-02 9.260700389105058772e-02 1.083032490974729312e+00 1.145038167938931206e+00
7.161572052401746213e-02 8.558951965065501877e-02 1.083032490974729312e+00 1.171875000000000000e+00
7.059800664451827690e-02 7.475083056478405708e-02 1.054481546572934914e+00 1.125703564727954964e+00
8.956450287592440662e-02 8.381265406737879731e-02 1.100917431192660612e+00 1.151631477927063330e+00
8.206429780033841492e-02 7.529610829103214331e-02 1.103955841766329327e+00 1.165048543689320315e+00
7.851239669421487821e-02 5.537190082644628114e-02 1.110083256244218219e+00 1.128880526810912555e+00
6.699751861042183010e-02 7.526881720430107781e-02 1.077199281867145420e+00 1.119402985074626766e+00
8.713692946058090860e-02 7.966804979253111485e-02 1.107011070110701212e+00 1.161665053242981527e+00
9.075770191507077922e-02 8.909242298084929512e-02 1.103955841766329327e+00 1.158301158301158207e+00
7.344632768361582242e-02 7.021791767554479147e-02 1.074306177260519357e+00 1.122544434050514406e+00
7.102040816326531114e-02 8.489795918367347427e-02 1.074306177260519357e+00 1.138519924098671643e+00
8.101045296167247445e-02 8.449477351916376278e-02 1.103955841766329327e+00 1.138519924098671643e+00
8.195364238410596247e-02 8.112582781456953440e-02 1.077199281867145420e+00 1.135288552507095483e+00
8.103448275862068506e-02 8.620689655172414367e-02 1.094890510948905105e+00 1.182266009852216859e+00
7.376362112321876996e-02 6.789606035205364432e-02 1.091901728844403952e+00 1.107011070110701212e+00
8.133561643835617028e-02 7.876712328767122850e-02 1.103955841766329327e+00 1.122544434050514406e+00
9.383145091225021661e-02 9.730668983492615776e-02 1.094890510948905105e+00 1.175318315377081202e+00
9.280936454849497697e-02 8.193979933110367986e-02 1.116279069767441845e+00 1.158301158301158207e+00
8.031088082901553793e-02 7.340241796200346058e-02 1.071428571428571397e+00 1.141769743101807899e+00
7.315112540192926505e-02 8.038585209003215604e-02 1.065719360568383678e+00 1.154956689124157831e+00
6.677524429967426900e-02 8.469055374592833474e-02 1.043478260869565188e+00 1.161665053242981527e+00
8.432708688245314776e-02 8.006814310051107997e-02 1.100917431192660612e+00 1.138519924098671643e+00
9.741379310344827624e-02 9.827586206896551935e-02 1.094890510948905105e+00 1.175318315377081202e+00
7.477403451109285171e-02 6.327033689400164695e-02 1.100917431192660612e+00 1.088929219600725862e+00
8.684654300168634378e-02 7.251264755480607560e-02 1.077199281867145420e+00 1.138519924098671643e+00
8.065915004336512983e-02 9.973980919340849627e-02 1.083032490974729312e+00 1.171875000000000000e+00
8.119658119658119955e-02 8.290598290598290288e-02 1.080108010801080098e+00 1.145038167938931206e+00
7.537248028045573367e-02 8.326029798422436567e-02 1.080108010801080098e+00 1.196410767696909350e+00
9.003496503496503933e-02 8.828671328671328089e-02 1.128880526810912555e+00 1.165048543689320315e+00
9.640522875816993909e-02 9.068627450980391858e-02 1.100917431192660612e+00 1.122544434050514406e+00
7.561597281223449152e-02 7.476635514018691031e-02 1.071428571428571397e+00 1.165048543689320315e+00
9.553023663453111269e-02 9.640666082383873847e-02 1.119402985074626766e+00 1.192842942345924362e+00
7.401315789473683626e-02 6.496710526315789547e-02 1.113172541743970401e+00 1.145038167938931206e+00
8.362989323843415812e-02 8.807829181494661319e-02 1.125703564727954964e+00 1.199999999999999956e+00
8.013082583810302029e-02 7.277187244480784467e-02 1.110083256244218219e+00 1.145038167938931206e+00
7.373653686826843467e-02 8.119304059652029948e-02 1.048951048951048959e+00 1.107011070110701212e+00
7.394668959587273604e-02 7.566638005159070923e-02 1.097895699908508771e+00 1.141769743101807899e+00
7.258753202391118875e-02 7.087959009393680898e-02 1.103955841766329327e+00 1.145038167938931206e+00
8.854589764419171227e-02 8.529650690495532706e-02 1.094890510948905105e+00 1.141769743101807899e+00
6.578947368421052266e-02 6.888544891640867307e-02 1.074306177260519357e+00 1.138519924098671643e+00
9.613656783468103872e-02 1.015274034141958603e-01 1.151631477927063330e+00 1.178781925343811432e+00
8.059210526315789547e-02 7.648026315789473173e-02 1.100917431192660612e+00 1.135288552507095483e+00
7.463952502120441146e-02 8.227311280746395228e-02 1.062887511071744839e+00 1.122544434050514406e+00
7.148468185388845431e-02 6.520031421838178021e-02 1.077199281867145420e+00 1.116279069767441845e+00
8.096828046744573848e-02 8.597662771285476124e-02 1.088929219600725862e+00 1.178781925343811432e+00
9.540954095409541480e-02 8.910891089108910479e-02 1.154956689124157831e+00 1.171875000000000000e+00
8.064516129032257841e-02 7.885304659498207358e-02 1.094890510948905105e+00 1.161665053242981527e+00
5.987055016181229428e-02 6.957928802588997375e-02 1.080108010801080098e+00 1.138519924098671643e+00
8.142493638676845391e-02 8.566581849024597350e-02 1.097895699908508771e+00 1.161665053242981527e+00
8.613617719442165366e-02 9.515996718621820560e-02 1.100917431192660612e+00 1.154956689124157831e+00
8.641975308641974829e-02 8.312757201646089888e-02 1.103955841766329327e+00 1.135288552507095483e+00
8.416666666666666741e-02 7.416666666666667240e-02 1.065719360568383678e+00 1.132075471698113178e+00
7.574391343552749900e-02 7.303877366997295340e-02 1.125703564727954964e+00 1.125703564727954964e+00
8.752025931928687774e-02 7.941653160453808480e-02 1.080108010801080098e+00 1.110083256244218219e+00
7.021604938271605589e-02 6.712962962962963631e-02 1.080108010801080098e+00 1.094890510948905105e+00
8.806096528365792153e-02 8.128704487722268612e-02 1.103955841766329327e+00 1.135288552507095483e+00
1.000000000000000056e-01 9.186991869918699483e-02 1.094890510948905105e+00 1.135288552507095483e+00
9.128289473684210453e-02 8.881578947368420907e-02 1.085972850678732948e+00 1.158301158301158207e+00
7.671957671957671532e-02 7.407407407407406996e-02 1.094890510948905105e+00 1.138519924098671643e+00
9.380530973451327303e-02 8.495575221238937935e-02 1.107011070110701212e+00 1.161665053242981527e+00
8.546325878594249192e-02 7.827476038338658515e-02 1.088929219600725862e+00 1.125703564727954964e+00
9.832134292565947176e-02 9.352517985611510931e-02 1.091901728844403952e+00 1.154956689124157831e+00
6.563706563706563080e-02 6.718146718146718321e-02 1.054481546572934914e+00 1.097895699908508771e+00
8.423686405337781069e-02 9.591326105087573384e-02 1.077199281867145420e+00 1.189296333002973327e+00
7.284768211920529535e-02 7.947019867549669214e-02 1.074306177260519357e+00 1.148325358851674638e+00
7.524271844660193609e-02 6.877022653721683032e-02 1.088929219600725862e+00 1.122544434050514406e+00
7.863383637807784543e-02 6.195393169181890453e-02 1.088929219600725862e+00 1.094890510948905105e+00
7.565217391304347727e-02 7.217391304347825498e-02 1.088929219600725862e+00 1.168451801363193709e+00
6.342668863261943790e-02 5.930807248764415063e-02 1.077199281867145420e+00 1.128880526810912555e+00
6.671961874503573586e-02 7.227958697378872310e-02 1.077199281867145420e+00 1.168451801363193709e+00
7.125700560448358645e-02 6.805444355484387142e-02 1.091901728844403952e+00 1.119402985074626766e+00
6.992417860151642350e-02 7.582139848357202783e-02 1.080108010801080098e+00 1.138519924098671643e+00
7.888446215139442719e-02 8.366533864541832177e-02 1.091901728844403952e+00 1.138519924098671643e+00
9.349593495934958864e-02 9.268292682926829174e-02 1.107011070110701212e+00 1.141769743101807899e+00
7.078925956061839220e-02 7.078925956061839220e-02 1.085972850678732948e+00 1.107011070110701212e+00
8.153078202995008017e-02 8.485856905158069285e-02 1.071428571428571397e+00 1.119402985074626766e+00
8.945147679324894074e-02 8.101265822784810278e-02 1.054481546572934914e+00 1.116279069767441845e+00
6.980656013456686126e-02 7.569386038687972440e-02 1.071428571428571397e+00 1.116279069767441845e+00
8.749999999999999445e-02 7.749999999999999944e-02 1.128880526810912555e+00 1.132075471698113178e+00
8.699324324324324287e-02 8.108108108108108558e-02 1.107011070110701212e+00 1.154956689124157831e+00
9.337860780984720555e-02 7.555178268251273865e-02 1.116279069767441845e+00 1.168451801363193709e+00
8.633696563285833681e-02 7.963118189438390948e-02 1.097895699908508771e+00 1.158301158301158207e+00
8.467400508044030383e-02 8.467400508044030383e-02 1.107011070110701212e+00 1.148325358851674638e+00
7.939189189189188589e-02 7.516891891891891442e-02 1.080108010801080098e+00 1.125703564727954964e+00
8.623548922056384347e-02 8.043117744610281394e-02 1.074306177260519357e+00 1.148325358851674638e+00
6.175972927241962784e-02 7.698815566835871815e-02 1.085972850678732948e+00 1.185770750988142330e+00
7.285828662930343702e-02 7.045636509207366116e-02 1.062887511071744839e+00 1.122544434050514406e+00
8.756137479541735436e-02 6.955810147299508472e-02 1.091901728844403952e+00 1.125703564727954964e+00
6.687898089171974425e-02 6.449044585987261102e-02 1.060070671378091856e+00 1.094890510948905105e+00
6.980656013456686126e-02 7.821698906644239391e-02 1.107011070110701212e+00 1.158301158301158207e+00
7.130872483221475933e-02 6.795302013422818699e-02 1.083032490974729312e+00 1.103955841766329327e+00
6.169871794871795156e-02 6.410256410256409687e-02 1.062887511071744839e+00 1.103955841766329327e+00
8.401976935749588815e-02 7.495881383855024227e-02 1.080108010801080098e+00 1.132075471698113178e+00
8.382726502963590287e-02 7.790008467400508230e-02 1.074306177260519357e+00 1.154956689124157831e+00
6.354515050167224011e-02 7.274247491638795304e-02 1.077199281867145420e+00 1.145038167938931206e+00
8.462867012089810015e-02 6.994818652849740803e-02 1.141769743101807899e+00 1.128880526810912555e+00
1.007819287576020850e-01 9.296264118158123479e-02 1.138519924098671643e+00 1.154956689124157831e+00
7.368421052631578261e-02 7.368421052631578261e-02 1.091901728844403952e+00 1.189296333002973327e+00
6.709265175718849561e-02 7.507987220447284726e-02 1.065719360568383678e+00 1.132075471698113178e+00
8.747993579454253765e-02 8.186195826645265017e-02 1.091901728844403952e+00 1.119402985074626766e+00
7.547169811320754429e-02 7.718696397941680887e-02 1.080108010801080098e+00 1.145038167938931206e+00
8.924103419516263291e-02 8.340283569641367134e-02 1.103955841766329327e+00 1.135288552507095483e+00
7.616707616707617257e-02 7.862407862407862214e-02 1.080108010801080098e+00 1.125703564727954964e+00
7.883817427385891863e-02 8.298755186721991361e-02 1.046207497820401011e+00 1.128880526810912555e+00
8.326596604688762948e-02 8.811641067097816804e-02 1.068566340160284955e+00 1.132075471698113178e+00
8.078231292517007445e-02 8.503401360544217413e-02 1.091901728844403952e+00 1.175318315377081202e+00
7.467532467532467244e-02 7.792207792207792028e-02 1.074306177260519357e+00 1.119402985074626766e+00
7.939053728949478639e-02 7.618283881315156270e-02 1.083032490974729312e+00 1.094890510948905105e+00
9.535864978902953981e-02 8.438818565400843519e-02 1.113172541743970401e+00 1.128880526810912555e+00
7.271305707584049816e-02 7.896794370602032431e-02 1.071428571428571397e+00 1.128880526810912555e+00
7.625649913344886843e-02 6.672443674176777029e-02 1.116279069767441845e+00 1.135288552507095483e+00
7.947598253275109381e-02 9.170305676855895760e-02 1.103955841766329327e+00 1.178781925343811432e+00
8.382229673093043176e-02 8.885163453478625573e-02 1.074306177260519357e+00 1.135288552507095483e+00
8.547008547008547175e-02 8.034188034188034788e-02 1.116279069767441845e+00 1.141769743101807899e+00
6.988352745424292189e-02 7.071547420965058894e-02 1.077199281867145420e+00 1.097895699908508771e+00
6.350550381033022440e-02 6.943268416596104498e-02 1.080108010801080098e+00 1.125703564727954964e+00
7.520661157024793875e-02 7.438016528925620041e-02 1.100917431192660612e+00 1.148325358851674638e+00
8.234295415959252962e-02 7.385398981324278744e-02 1.068566340160284955e+00 1.135288552507095483e+00
9.113924050632911389e-02 8.945147679324894074e-02 1.083032490974729312e+00 1.141769743101807899e+00
9.618717504332754964e-02 8.925476603119583685e-02 1.128880526810912555e+00 1.192842942345924362e+00
7.446808510638297518e-02 7.180851063829787884e-02 1.107011070110701212e+00 1.148325358851674638e+00
7.770800627943484640e-02 7.535321821036106149e-02 1.071428571428571397e+00 1.094890510948905105e+00
8.710801393728223596e-02 8.013937282229964543e-02 1.122544434050514406e+00 1.141769743101807899e+00
7.016060862214708316e-02 9.636517328825021378e-02 1.057268722466960353e+00 1.138519924098671643e+00
7.993338884263113953e-02 8.576186511240632693e-02 1.085972850678732948e+00 1.145038167938931206e+00
7.179054054054054279e-02 7.094594594594594295e-02 1.071428571428571397e+00 1.128880526810912555e+00
7.209499575911790248e-02 6.870229007633588125e-02 1.094890510948905105e+00 1.125703564727954964e+00
7.982832618025750837e-02 7.896995708154506965e-02 1.094890510948905105e+00 1.151631477927063330e+00
6.683375104427735636e-02 7.936507936507936067e-02 1.038062283737024138e+00 1.135288552507095483e+00
9.531914893617021711e-02 9.361702127659574102e-02 1.119402985074626766e+00 1.154956689124157831e+00
8.144416456759026590e-02 7.472712006717044386e-02 1.097895699908508771e+00 1.132075471698113178e+00
6.828003457216939853e-02 8.470181503889369357e-02 1.077199281867145420e+00 1.165048543689320315e+00
7.148530579825258802e-02 6.751389992057188483e-02 1.083032490974729312e+00 1.125703564727954964e+00
7.531380753138075534e-02 8.200836820083681755e-02 1.083032490974729312e+00 1.132075471698113178e+00
8.041401273885349921e-02 7.882165605095541039e-02 1.074306177260519357e+00 1.138519924098671643e+00
8.681408681408681050e-02 8.108108108108108558e-02 1.068566340160284955e+00 1.119402985074626766e+00
8.851063829787234050e-02 8.340425531914893997e-02 1.128880526810912555e+00 1.128880526810912555e+00
8.269394714407501956e-02 8.184143222506394533e-02 1.100917431192660612e+00 1.161665053242981527e+00
8.894430590191189367e-02 6.151288445552784839e-02 1.122544434050514406e+00 1.080108010801080098e+00
7.764505119453925241e-02 7.423208191126279276e-02 1.125703564727954964e+00 1.154956689124157831e+00
9.536082474226803551e-02 9.965635738831615797e-02 1.138519924098671643e+00 1.207243460764587439e+00
8.231458842705786927e-02 8.231458842705786927e-02 1.083032490974729312e+00 1.145038167938931206e+00
7.202680067001675235e-02 8.542713567839195499e-02 1.088929219600725862e+00 1.189296333002973327e+00
8.065843621399176877e-02 6.995884773662551515e-02 1.077199281867145420e+00 1.100917431192660612e+00
9.890109890109889668e-02 8.960270498732036959e-02 1.094890510948905105e+00 1.168451801363193709e+00
7.644305772230888807e-02 7.800312012480499491e-02 1.048951048951048959e+00 1.138519924098671643e+00
6.969205834683954437e-02 5.267423014586709862e-02 1.080108010801080098e+00 1.085972850678732948e+00
8.016528925619834101e-02 8.016528925619834101e-02 1.094890510948905105e+00 1.122544434050514406e+00
6.928213689482470850e-02 6.677796327212019711e-02 1.116279069767441845e+00 1.119402985074626766e+00
8.013355592654423931e-02 7.345575959933221821e-02 1.088929219600725862e+00 1.141769743101807899e+00
8.617886178861788871e-02 7.642276422764227028e-02 1.103955841766329327e+00 1.165048543689320315e+00
7.836734693877550617e-02 9.632653061224490110e-02 1.060070671378091856e+00 1.158301158301158207e+00
8.843537414965986498e-02 8.333333333333332871e-02 1.107011070110701212e+00 1.135288552507095483e+00
6.340288924558587502e-02 6.179775280898876233e-02 1.062887511071744839e+00 1.107011070110701212e+00
8.546325878594249192e-02 7.507987220447284726e-02 1.085972850678732948e+00 1.100917431192660612e+00
7.413647851727042659e-02 8.424599831508003400e-02 1.083032490974729312e+00 1.171875000000000000e+00
7.894736842105262720e-02 7.072368421052631360e-02 1.100917431192660612e+00 1.125703564727954964e+00
7.451923076923076816e-02 7.371794871794871973e-02 1.054481546572934914e+00 1.122544434050514406e+00
8.312757201646089888e-02 7.654320987654321395e-02 1.065719360568383678e+00 1.110083256244218219e+00
8.242220353238015329e-02 7.989907485281749766e-02 1.107011070110701212e+00 1.128880526810912555e+00
8.732876712328767332e-02 8.818493150684932058e-02 1.091901728844403952e+00 1.154956689124157831e+00
7.422852376980818012e-02 8.006672226855712782e-02 1.077199281867145420e+00 1.141769743101807899e+00
7.775020678246484518e-02 8.850289495450786026e-02 1.074306177260519357e+00 1.154956689124157831e+00
9.802306425041186488e-02 8.484349258649094561e-02 1.085972850678732948e+00 1.128880526810912555e+00
8.950086058519793331e-02 9.122203098106712593e-02 1.103955841766329327e+00 1.185770750988142330e+00
7.678729037952339298e-02 7.502206531332744621e-02 1.119402985074626766e+00 1.145038167938931206e+00
8.096828046744573848e-02 7.929883138564274014e-02 1.107011070110701212e+00 1.148325358851674638e+00
8.290155440414508081e-02 8.808290155440413882e-02 1.085972850678732948e+00 1.148325358851674638e+00
8.016194331983805821e-02 7.530364372469636192e-02 1.057268722466960353e+00 1.122544434050514406e+00
6.812842599843382807e-02 7.517619420516837014e-02 1.054481546572934914e+00 1.138519924098671643e+00
8.644067796610169219e-02 6.949152542372881436e-02 1.103955841766329327e+00 1.151631477927063330e+00
7.130730050933786757e-02 7.640067911714770732e-02 1.091901728844403952e+00 1.145038167938931206e+00
7.799671592775041240e-02 8.210180623973727110e-02 1.085972850678732948e+00 1.113172541743970401e+00
8.265139116202946390e-02 8.183306055646481780e-02 1.085972850678732948e+00 1.145038167938931206e+00
7.624398073836276268e-02 7.704654895666131209e-02 1.085972850678732948e+00 1.161665053242981527e+00
7.493956486704270170e-02 8.380338436744561026e-02 1.057268722466960353e+00 1.128880526810912555e+00
8.144416456759026590e-02 9.068010075566750039e-02 1.094890510948905105e+00 1.171875000000000000e+00
8.573928258967629390e-02 9.448818897637795144e-02 1.122544434050514406e+00 1.161665053242981527e+00
7.758620689655172653e-02 8.534482758620690057e-02 1.077199281867145420e+00 1.132075471698113178e+00
7.398171238570240560e-02 6.982543640897755088e-02 1.080108010801080098e+00 1.145038167938931206e+00
8.764607679465775958e-02 7.762938230383972793e-02 1.103955841766329327e+00 1.135288552507095483e+00
8.293075684380031565e-02 8.373590982286634177e-02 1.103955841766329327e+00 1.132075471698113178e+00
9.891936824605153389e-02 7.481296758104738487e-02 1.119402985074626766e+00 1.113172541743970401e+00
6.130268199233716159e-02 7.586206896551724033e-02 1.062887511071744839e+00 1.122544434050514406e+00
9.841534612176813801e-02 8.840700583819849356e-02 1.128880526810912555e+00 1.168451801363193709e+00
7.750631844987362906e-02 7.329401853411962597e-02 1.077199281867145420e+00 1.122544434050514406e+00
7.679465776293822876e-02 7.429048414023371738e-02 1.094890510948905105e+00 1.148325358851674638e+00
7.351638618246235379e-02 8.237378210806023393e-02 1.103955841766329327e+00 1.165048543689320315e+00
8.319039451114923489e-02 8.747855917667238246e-02 1.091901728844403952e+00 1.175318315377081202e+00
7.678883071553228856e-02 6.980802792321116890e-02 1.091901728844403952e+00 1.138519924098671643e+00
8.091993185689948243e-02 8.091993185689948243e-02 1.085972850678732948e+00 1.148325358851674638e+00
5.773857257417802646e-02 7.137129109863672716e-02 1.068566340160284955e+00 1.171875000000000000e+00
5.590062111801242378e-02 7.531055900621118349e-02 1.046207497820401011e+00 1.151631477927063330e+00
7.698412698412698818e-02 7.936507936507936067e-02 1.071428571428571397e+00 1.132075471698113178e+00
8.473154362416107643e-02 9.144295302013423499e-02 1.077199281867145420e+00 1.145038167938931206e+00
8.112582781456953440e-02 8.278145695364239054e-02 1.091901728844403952e+00 1.116279069767441845e+00
8.092485549132948097e-02 7.927332782824111912e-02 1.097895699908508771e+00 1.116279069767441845e+00
9.090909090909091161e-02 8.484848484848485362e-02 1.122544434050514406e+00 1.122544434050514406e+00
6.340288924558587502e-02 7.223113964686998789e-02 1.085972850678732948e+00 1.116279069767441845e+00
8.485856905158069285e-02 7.071547420965058894e-02 1.088929219600725862e+00 1.132075471698113178e+00
9.121621621621621434e-02 8.868243243243242868e-02 1.113172541743970401e+00 1.161665053242981527e+00
6.772575250836120053e-02 7.943143812709030360e-02 1.083032490974729312e+00 1.116279069767441845e+00
6.893687707641195372e-02 7.392026578073089549e-02 1.083032490974729312e+00 1.138519924098671643e+00
9.181969949916526930e-02 9.098497495826377013e-02 1.110083256244218219e+00 1.151631477927063330e+00
9.001782531194295334e-02 7.040998217468805165e-02 1.138519924098671643e+00 1.125703564727954964e+00
8.253205128205128027e-02 9.134615384615384082e-02 1.088929219600725862e+00 1.122544434050514406e+00
8.840227088402270728e-02 9.002433090024331008e-02 1.068566340160284955e+00 1.158301158301158207e+00
7.268170426065162504e-02 7.101086048454469113e-02 1.080108010801080098e+00 1.113172541743970401e+00
7.824591573516767595e-02 8.340498710232158164e-02 1.080108010801080098e+00 1.151631477927063330e+00
9.382924767540151700e-02 7.523245984784446283e-02 1.113172541743970401e+00 1.122544434050514406e+00
6.119027661357921005e-02 5.699916177703268777e-02 1.065719360568383678e+00 1.103955841766329327e+00
8.063175394846218424e-02 6.982543640897755088e-02 1.097895699908508771e+00 1.132075471698113178e+00
7.647547797173732953e-02 7.730673316708229492e-02 1.077199281867145420e+00 1.192842942345924362e+00
1.026072329688814122e-01 7.989907485281749766e-02 1.122544434050514406e+00 1.154956689124157831e+00
6.516290726817042245e-02 6.349206349206348854e-02 1.035375323554788674e+00 1.103955841766329327e+00
8.158319870759289660e-02 7.350565428109855082e-02 1.071428571428571397e+00 1.148325358851674638e+00
7.812500000000000000e-02 7.154605263157894079e-02 1.068566340160284955e+00 1.091901728844403952e+00
9.114811568799298380e-02 7.712532865907098523e-02 1.085972850678732948e+00 1.145038167938931206e+00
9.605488850771869147e-02 8.576329331046311788e-02 1.097895699908508771e+00 1.138519924098671643e+00
8.095676172953081284e-02 8.463661453541858337e-02 1.097895699908508771e+00 1.168451801363193709e+00
8.445146014206787732e-02 7.813733228097868855e-02 1.080108010801080098e+00 1.145038167938931206e+00
9.153122326775021966e-02 8.810949529512403233e-02 1.141769743101807899e+00 1.154956689124157831e+00
8.171861836562763215e-02 8.340353833192923338e-02 1.065719360568383678e+00 1.138519924098671643e+00
8.765957446808510245e-02 7.489361702127660114e-02 1.100917431192660612e+00 1.151631477927063330e+00
7.744680851063830140e-02 6.468085106382978622e-02 1.100917431192660612e+00 1.128880526810912555e+00
8.803986710963454532e-02 6.810631229235880602e-02 1.100917431192660612e+00 1.116279069767441845e+00
7.280334728033473202e-02 8.368200836820083310e-02 1.091901728844403952e+00 1.145038167938931206e+00
8.160000000000000586e-02 8.000000000000000167e-02 1.080108010801080098e+00 1.103955841766329327e+00
6.760098928276998820e-02 7.666941467436108604e-02 1.068566340160284955e+00 1.125703564727954964e+00
6.810897435897435293e-02 7.772435897435897578e-02 1.085972850678732948e+00 1.171875000000000000e+00
6.443719412724306650e-02 6.280587275693311211e-02 1.071428571428571397e+00 1.113172541743970401e+00
7.451312447078746459e-02 7.451312447078746459e-02 1.080108010801080098e+00 1.122544434050514406e+00
8.039376538146021656e-02 8.449548810500409624e-02 1.103955841766329327e+00 1.128880526810912555e+00
7.980845969672785423e-02 8.220271348762968333e-02 1.085972850678732948e+00 1.138519924098671643e+00
7.945425361155698807e-02 6.741573033707864981e-02 1.074306177260519357e+00 1.107011070110701212e+00
8.076009501187648987e-02 6.967537608867775678e-02 1.071428571428571397e+00 1.100917431192660612e+00
6.472491909385112707e-02 5.987055016181229428e-02 1.054481546572934914e+00 1.085972850678732948e+00
9.233449477351916845e-02 8.710801393728223596e-02 1.110083256244218219e+00 1.165048543689320315e+00
9.735973597359735832e-02 8.415841584158416377e-02 1.100917431192660612e+00 1.148325358851674638e+00
1.049586776859504078e-01 9.008264462809917328e-02 1.135288552507095483e+00 1.125703564727954964e+00
8.202443280977311790e-02 7.242582897033159051e-02 1.113172541743970401e+00 1.122544434050514406e+00
7.512520868113523043e-02 8.514190317195326208e-02 1.094890510948905105e+00 1.125703564727954964e+00
9.793814432989690622e-02 8.848797250859107011e-02 1.132075471698113178e+00 1.138519924098671643e+00
7.333333333333333370e-02 7.749999999999999944e-02 1.077199281867145420e+00 1.128880526810912555e+00
7.510548523206750371e-02 7.594936708860759722e-02 1.074306177260519357e+00 1.141769743101807899e+00
8.191403081914030992e-02 7.218167072181670696e-02 1.054481546572934914e+00 1.110083256244218219e+00
7.654320987654321395e-02 8.148148148148148806e-02 1.091901728844403952e+00 1.135288552507095483e+00
6.972789115646257918e-02 7.908163265306122902e-02 1.103955841766329327e+00 1.141769743101807899e+00
8.346839546191248127e-02 7.941653160453808480e-02 1.100917431192660612e+00 1.110083256244218219e+00
5.579399141630901615e-02 7.553648068669527316e-02 1.051709027169149824e+00 1.189296333002973327e+00
7.295796986518636451e-02 6.106264869151466906e-02 1.062887511071744839e+00 1.110083256244218219e+00
8.714408973252804613e-02 8.283002588438308222e-02 1.116279069767441845e+00 1.148325358851674638e+00
8.144416456759026590e-02 8.312342569269520753e-02 1.080108010801080098e+00 1.161665053242981527e+00
9.054805401111994112e-02 8.657664813343923793e-02 1.100917431192660612e+00 1.135288552507095483e+00
8.980582524271844835e-02 8.656957928802588853e-02 1.083032490974729312e+00 1.110083256244218219e+00
7.404458598726114393e-02 8.519108280254776566e-02 1.080108010801080098e+00 1.122544434050514406e+00
8.673469387755101956e-02 7.397959183673469274e-02 1.113172541743970401e+00 1.122544434050514406e+00
8.119304059652029948e-02 6.959403479701739559e-02 1.100917431192660612e+00 1.103955841766329327e+00
7.955517536355859176e-02 7.698887938408896514e-02 1.085972850678732948e+00 1.132075471698113178e+00
8.463434675431388832e-02 8.874281018898931561e-02 1.103955841766329327e+00 1.116279069767441845e+00
7.540983606557377650e-02 7.622950819672130729e-02 1.062887511071744839e+00 1.122544434050514406e+00
8.946488294314380862e-02 7.692307692307692735e-02 1.103955841766329327e+00 1.128880526810912555e+00
6.627017841971112599e-02 5.692438402718776741e-02 1.091901728844403952e+00 1.125703564727954964e+00
5.614320585842148131e-02 6.346623270951994022e-02 1.040763226366001826e+00 1.091901728844403952e+00
7.803700724054705995e-02 8.125502815768302634e-02 1.074306177260519357e+00 1.138519924098671643e+00
8.326596604688762948e-02 7.356507679870655236e-02 1.083032490974729312e+00 1.116279069767441845e+00
8.428805237315875609e-02 7.528641571194762128e-02 1.094890510948905105e+00 1.110083256244218219e+00
7.451923076923076816e-02 8.012820512820513497e-02 1.051709027169149824e+00 1.119402985074626766e+00
7.955517536355859176e-02 8.383233532934131205e-02 1.094890510948905105e+00 1.151631477927063330e+00
8.188153310104528959e-02 8.101045296167247445e-02 1.103955841766329327e+00 1.141769743101807899e+00
7.914262159934047636e-02 7.914262159934047636e-02 1.094890510948905105e+00 1.103955841766329327e+00
8.667211774325429829e-02 8.585445625511038681e-02 1.100917431192660612e+00 1.151631477927063330e+00
8.346839546191248127e-02 6.888168557536467063e-02 1.085972850678732948e+00 1.110083256244218219e+00
1.054393305439330492e-01 8.368200836820083310e-02 1.132075471698113178e+00 1.122544434050514406e+00
8.587257617728531744e-02 9.695290858725762184e-02 1.128880526810912555e+00 1.210898082744702231e+00
7.590759075907591025e-02 7.755775577557755263e-02 1.071428571428571397e+00 1.151631477927063330e+00
8.117154811715480978e-02 6.945606694560670091e-02 1.103955841766329327e+00 1.128880526810912555e+00
8.305921052631579093e-02 6.578947368421052266e-02 1.080108010801080098e+00 1.122544434050514406e+00
1.051693404634581053e-01 1.060606060606060635e-01 1.135288552507095483e+00 1.175318315377081202e+00
6.982543640897755088e-02 7.980049875311720498e-02 1.060070671378091856e+00 1.122544434050514406e+00
6.543624161073825773e-02 6.963087248322147316e-02 1.080108010801080098e+00 1.125703564727954964e+00
9.031198686371100237e-02 7.224958949096879635e-02 1.097895699908508771e+00 1.110083256244218219e+00
7.275803722504230187e-02 7.021996615905244654e-02 1.088929219600725862e+00 1.165048543689320315e+00
8.816521048451152198e-02 8.816521048451152198e-02 1.088929219600725862e+00 1.110083256244218219e+00
9.446808510638297907e-02 8.170212765957446388e-02 1.110083256244218219e+00 1.151631477927063330e+00
7.874682472480948325e-02 8.298052497883150191e-02 1.085972850678732948e+00 1.145038167938931206e+00
9.502664298401421183e-02 9.236234458259325042e-02 1.094890510948905105e+00 1.203610832497492567e+00
8.235294117647058709e-02 8.823529411764706454e-02 1.097895699908508771e+00 1.151631477927063330e+00
8.543531326281529614e-02 8.380797396257119725e-02 1.080108010801080098e+00 1.132075471698113178e+00
8.581138487680543825e-02 7.901444350042480247e-02 1.091901728844403952e+00 1.151631477927063330e+00
8.695652173913043237e-02 8.269394714407501956e-02 1.085972850678732948e+00 1.138519924098671643e+00
8.347676419965575911e-02 9.380378657487091487e-02 1.085972850678732948e+00 1.154956689124157831e+00
8.450704225352112520e-02 9.279204639602320337e-02 1.077199281867145420e+00 1.199999999999999956e+00
8.269394714407501956e-02 7.672634271099744441e-02 1.119402985074626766e+00 1.148325358851674638e+00
6.959403479701739559e-02 6.628003314001656987e-02 1.074306177260519357e+00 1.125703564727954964e+00
6.980519480519480069e-02 6.168831168831168804e-02 1.100917431192660612e+00 1.116279069767441845e+00
8.400646203554119895e-02 8.158319870759289660e-02 1.071428571428571397e+00 1.125703564727954964e+00
7.067424857839155194e-02 7.636068237205523301e-02 1.068566340160284955e+00 1.151631477927063330e+00
7.008964955175224498e-02 7.660961695191524645e-02 1.068566340160284955e+00 1.125703564727954964e+00
8.669527896995708749e-02 8.412017167381974359e-02 1.091901728844403952e+00 1.171875000000000000e+00
7.658833768494342775e-02 7.397737162750217532e-02 1.103955841766329327e+00 1.185770750988142330e+00
8.767361111111110494e-02 1.059027777777777762e-01 1.100917431192660612e+00 1.178781925343811432e+00
9.805579036348266442e-02 8.030431107354184250e-02 1.107011070110701212e+00 1.158301158301158207e+00
7.659574468085106336e-02 8.000000000000000167e-02 1.088929219600725862e+00 1.151631477927063330e+00
8.248299319727890599e-02 9.098639455782313312e-02 1.088929219600725862e+00 1.158301158301158207e+00
6.683168316831683553e-02 7.425742574257425399e-02 1.054481546572934914e+00 1.110083256244218219e+00
8.803986710963454532e-02 7.973421926910298496e-02 1.091901728844403952e+00 1.128880526810912555e+00
8.375634517766497589e-02 8.629441624365481733e-02 1.107011070110701212e+00 1.138519924098671643e+00
8.048780487804878259e-02 6.341463414634146423e-02 1.091901728844403952e+00 1.122544434050514406e+00
9.252971137521222300e-02 8.064516129032257841e-02 1.128880526810912555e+00 1.138519924098671643e+00
8.654670094258783142e-02 9.425878320479863515e-02 1.097895699908508771e+00 1.171875000000000000e+00
8.892617449664429186e-02 8.808724832214764877e-02 1.077199281867145420e+00 1.138519924098671643e+00
6.608969315499606256e-02 7.238394964594807579e-02 1.035375323554788674e+00 1.113172541743970401e+00
8.154859967051070191e-02 7.742998352553541463e-02 1.077199281867145420e+00 1.122544434050514406e+00
9.838998211091234958e-02 9.481216457960643662e-02 1.103955841766329327e+00 1.178781925343811432e+00
6.521739130434782428e-02 5.936454849498327968e-02 1.083032490974729312e+00 1.128880526810912555e+00
7.585644371941271946e-02 8.890701468189232681e-02 1.085972850678732948e+00 1.168451801363193709e+00
6.881533101045296530e-02 7.839721254355400126e-02 1.107011070110701212e+00 1.154956689124157831e+00
