1.509740259740259827e-01 1.266233766233766100e-01 1.588141874007411358e+00 1.774098166765227580e+00
1.312803889789302958e-01 1.280388978930308008e-01 1.568217459487715626e+00 1.645639056500274311e+00
1.672354948805460650e-01 1.587030716723549506e-01 1.673173452314556720e+00 1.902346227013316460e+00
1.543513957307060813e-01 1.346469622331691318e-01 1.568217459487715626e+00 1.774098166765227580e+00
1.789077212806026440e-01 1.487758945386064013e-01 1.780415430267062282e+00 2.009377093101138545e+00
1.516079632465543725e-01 1.393568147013782565e-01 1.506780512305374131e+00 1.695873374788015919e+00
1.370558375634517712e-01 1.252115059221658167e-01 1.624255549539794341e+00 1.786777843954735046e+00
1.520737327188940169e-01 1.244239631336405555e-01 1.515917129863567414e+00 1.725129384703852686e+00
1.444991789819375927e-01 1.362889983579638753e-01 1.613770844540075355e+00 1.819284414796846550e+00
1.640488656195462358e-01 1.221640488656195456e-01 1.695873374788015919e+00 1.825928180158247205e+00
1.563025210084033612e-01 1.512605042016806622e-01 1.624255549539794341e+00 1.832620647525962099e+00
1.215277777777777762e-01 1.319444444444444475e-01 1.645639056500274311e+00 1.819284414796846550e+00
1.713780918727915159e-01 1.466431095406360297e-01 1.662049861495844771e+00 1.799640071985602940e+00
1.514657980456026176e-01 1.286644951140065163e-01 1.568217459487715626e+00 1.887979861548143568e+00
1.623376623376623362e-01 1.428571428571428492e-01 1.624255549539794341e+00 1.737116386797915357e+00
1.322314049586776896e-01 1.322314049586776896e-01 1.534526854219948833e+00 1.749271137026239042e+00
1.273666092943201433e-01 1.187607573149741802e-01 1.651073197578426077e+00 1.707455890722823000e+00
1.509433962264150886e-01 1.509433962264150886e-01 1.719197707736389580e+00 1.880877742946708508e+00
1.462585034013605401e-01 1.241496598639455773e-01 1.640240568616730510e+00 1.839362354383813569e+00
1.479099678456591571e-01 1.318327974276527204e-01 1.603420630678781489e+00 1.761597181444509719e+00
1.786310517529215436e-01 1.585976627712854803e-01 1.667593107281823306e+00 1.812688821752265866e+00
1.401273885350318438e-01 1.210191082802547780e-01 1.544004117344312865e+00 1.673173452314556720e+00
1.483979763912310346e-01 1.146711635750421593e-01 1.618996222342147906e+00 1.701644923425978506e+00
1.401709401709401726e-01 1.282051282051281937e-01 1.603420630678781489e+00 1.774098166765227580e+00
1.461267605633802813e-01 1.390845070422535301e-01 1.618996222342147906e+00 1.812688821752265866e+00
1.633333333333333304e-01 1.433333333333333404e-01 1.624255549539794341e+00 1.832620647525962099e+00
1.673003802281368690e-01 1.330798479087452468e-01 1.749271137026239042e+00 1.946787800129785806e+00
1.293706293706293753e-01 1.346153846153846090e-01 1.640240568616730510e+00 1.806140878988561127e+00
1.334488734835355406e-01 1.057192374350086617e-01 1.598295151838039496e+00 1.786777843954735046e+00
1.546391752577319645e-01 1.134020618556701027e-01 1.645639056500274311e+00 1.819284414796846550e+00
1.381692573402417967e-01 1.260794473229706336e-01 1.634877384196185224e+00 1.819284414796846550e+00
1.477663230240549852e-01 1.065292096219931234e-01 1.593202336696760479e+00 1.780415430267062282e+00
1.846689895470383369e-01 1.951219512195122019e-01 1.656543346217559387e+00 1.846153846153846256e+00
1.653418124006359180e-01 1.240063593004769454e-01 1.613770844540075355e+00 1.767825574543311795e+00
1.428571428571428492e-01 1.328903654485049934e-01 1.656543346217559387e+00 1.812688821752265866e+00
1.371900826446280919e-01 1.272727272727272596e-01 1.667593107281823306e+00 1.819284414796846550e+00
1.431095406360423927e-01 1.395759717314487558e-01 1.618996222342147906e+00 1.832620647525962099e+00
1.674491392801251977e-01 1.471048513302034566e-01 1.534526854219948833e+00 1.725129384703852686e+00
1.495495495495495486e-01 1.495495495495495486e-01 1.662049861495844771e+00 1.939237233354880408e+00
1.393841166936790887e-01 1.345218800648298185e-01 1.548786783686112445e+00 1.873828856964397271e+00
1.898305084745762761e-01 1.474576271186440746e-01 1.701644923425978506e+00 1.880877742946708508e+00
1.269841269841269771e-01 1.015873015873015872e-01 1.563314226159458142e+00 1.673173452314556720e+00
1.660777385159010466e-01 1.307420494699646774e-01 1.684446939921392383e+00 1.799640071985602940e+00
1.122278056951423741e-01 9.380234505862646011e-02 1.534526854219948833e+00 1.673173452314556720e+00
1.428571428571428492e-01 1.268057784911717500e-01 1.578116780641767525e+00 1.761597181444509719e+00
1.413612565445026281e-01 1.186736474694589927e-01 1.618996222342147906e+00 1.806140878988561127e+00
1.480891719745222879e-01 1.417197452229299326e-01 1.563314226159458142e+00 1.825928180158247205e+00
1.672535211267605626e-01 1.390845070422535301e-01 1.678791270285394432e+00 1.825928180158247205e+00
1.416938110749185742e-01 1.384364820846905597e-01 1.578116780641767525e+00 1.832620647525962099e+00
1.699115044247787587e-01 1.415929203539822989e-01 1.707455890722823000e+00 1.786777843954735046e+00
1.408695652173913015e-01 1.130434782608695649e-01 1.645639056500274311e+00 1.806140878988561127e+00
1.566666666666666763e-01 1.300000000000000044e-01 1.525165226232841897e+00 1.749271137026239042e+00
1.423948220064724934e-01 1.440129449838187803e-01 1.578116780641767525e+00 1.774098166765227580e+00
1.378205128205128305e-01 1.233974358974359031e-01 1.558441558441558517e+00 1.743172574084834503e+00
1.617873651771956911e-01 1.402157164869029249e-01 1.525165226232841897e+00 1.701644923425978506e+00
1.467889908256880815e-01 1.162079510703363933e-01 1.544004117344312865e+00 1.618996222342147906e+00
1.298701298701298579e-01 1.020408163265306145e-01 1.678791270285394432e+00 1.873828856964397271e+00
1.460481099656357473e-01 1.357388316151202645e-01 1.624255549539794341e+00 1.846153846153846256e+00
1.476510067114094049e-01 1.510067114093959773e-01 1.588141874007411358e+00 1.786777843954735046e+00
1.309523809523809590e-01 1.156462585034013640e-01 1.603420630678781489e+00 1.737116386797915357e+00
1.365935919055649150e-01 1.062394603709949370e-01 1.598295151838039496e+00 1.737116386797915357e+00
1.540930979133226242e-01 1.476725521669342012e-01 1.583113456464379842e+00 1.767825574543311795e+00
1.588628762541806072e-01 1.270903010033444802e-01 1.613770844540075355e+00 1.839362354383813569e+00
1.663837011884549966e-01 1.341256366723259652e-01 1.713306681896059391e+00 1.774098166765227580e+00
1.586776859504132331e-01 1.338842975206611663e-01 1.598295151838039496e+00 1.767825574543311795e+00
1.467116357504215929e-01 1.332209106239460317e-01 1.645639056500274311e+00 1.793185893604303693e+00
1.536098310291858782e-01 1.397849462365591267e-01 1.553599171413775348e+00 1.684446939921392383e+00
1.459369817578772821e-01 1.276948590381426218e-01 1.603420630678781489e+00 1.774098166765227580e+00
1.325695581014730007e-01 1.096563011456628545e-01 1.578116780641767525e+00 1.673173452314556720e+00
1.747572815533980639e-01 1.343042071197410869e-01 1.593202336696760479e+00 1.743172574084834503e+00
1.432926829268292568e-01 1.326219512195122019e-01 1.534526854219948833e+00 1.645639056500274311e+00
1.491525423728813637e-01 1.338983050847457612e-01 1.608579088471849827e+00 1.761597181444509719e+00
1.331168831168831057e-01 1.250000000000000000e-01 1.544004117344312865e+00 1.737116386797915357e+00
1.441441441441441429e-01 1.387387387387387372e-01 1.662049861495844771e+00 1.846153846153846256e+00
1.541155866900175142e-01 1.523642732049036719e-01 1.645639056500274311e+00 1.880877742946708508e+00
1.343065693430657015e-01 1.138686131386861256e-01 1.417099669343410584e+00 1.593202336696760479e+00
1.407528641571194894e-01 1.129296235679214389e-01 1.558441558441558517e+00 1.743172574084834503e+00
1.410018552875695608e-01 1.094619666048237544e-01 1.684446939921392383e+00 1.812688821752265866e+00
1.583198707592891885e-01 1.227786752827140504e-01 1.662049861495844771e+00 1.645639056500274311e+00
1.466227347611202547e-01 1.219110378912685311e-01 1.634877384196185224e+00 1.819284414796846550e+00
1.829855537720706249e-01 1.412520064205457504e-01 1.640240568616730510e+00 1.819284414796846550e+00
1.535776614310645771e-01 1.588132635253054203e-01 1.629549158066268433e+00 1.799640071985602940e+00
1.797556719022687655e-01 1.535776614310645771e-01 1.673173452314556720e+00 1.825928180158247205e+00
1.394557823129251584e-01 1.190476190476190410e-01 1.539250897896357051e+00 1.707455890722823000e+00
1.542207792207792305e-01 1.347402597402597435e-01 1.558441558441558517e+00 1.774098166765227580e+00
1.311475409836065642e-01 1.360655737704918045e-01 1.593202336696760479e+00 1.825928180158247205e+00
1.096296296296296324e-01 1.051851851851851871e-01 1.441614608361364791e+00 1.583113456464379842e+00
1.556982343499197508e-01 1.316211878009630742e-01 1.583113456464379842e+00 1.667593107281823306e+00
1.456140350877193068e-01 1.315789473684210453e-01 1.608579088471849827e+00 1.761597181444509719e+00
1.365853658536585469e-01 1.219512195121951192e-01 1.544004117344312865e+00 1.695873374788015919e+00
1.588946459412780565e-01 1.468048359240069212e-01 1.695873374788015919e+00 1.819284414796846550e+00
1.360544217687074953e-01 1.309523809523809590e-01 1.613770844540075355e+00 1.832620647525962099e+00
1.745454545454545592e-01 1.418181818181818155e-01 1.656543346217559387e+00 1.852995676343421882e+00
1.567164179104477695e-01 1.380597014925373234e-01 1.719197707736389580e+00 1.895135818066961519e+00
1.583333333333333259e-01 1.366666666666666585e-01 1.603420630678781489e+00 1.774098166765227580e+00
1.310592459605026960e-01 1.166965888689407566e-01 1.593202336696760479e+00 1.719197707736389580e+00
1.804123711340206160e-01 1.254295532646048095e-01 1.707455890722823000e+00 1.825928180158247205e+00
1.677740863787375303e-01 1.395348837209302306e-01 1.678791270285394432e+00 1.819284414796846550e+00
1.849056603773584773e-01 1.566037735849056534e-01 1.737116386797915357e+00 1.931745009658724976e+00
1.735985533453887897e-01 1.392405063291139167e-01 1.667593107281823306e+00 1.832620647525962099e+00
1.680672268907563160e-01 1.394957983193277351e-01 1.678791270285394432e+00 1.825928180158247205e+00
1.381692573402417967e-01 1.260794473229706336e-01 1.583113456464379842e+00 1.767825574543311795e+00
1.569343065693430683e-01 1.222627737226277406e-01 1.673173452314556720e+00 1.799640071985602940e+00
1.744966442953020114e-01 1.308724832214765155e-01 1.634877384196185224e+00 1.895135818066961519e+00
1.560975609756097560e-01 1.430894308943089499e-01 1.651073197578426077e+00 1.707455890722823000e+00
1.930434782608695665e-01 1.495652173913043503e-01 1.799640071985602940e+00 1.852995676343421882e+00
1.456628477905073660e-01 1.423895253682487816e-01 1.544004117344312865e+00 1.846153846153846256e+00
1.485148514851485080e-01 1.402640264026402683e-01 1.640240568616730510e+00 1.713306681896059391e+00
1.403812824956672534e-01 1.334488734835355406e-01 1.613770844540075355e+00 1.852995676343421882e+00
1.476014760147601468e-01 1.365313653136531469e-01 1.719197707736389580e+00 1.819284414796846550e+00
1.641025641025641024e-01 1.401709401709401726e-01 1.645639056500274311e+00 1.774098166765227580e+00
1.402640264026402683e-01 1.155115511551155077e-01 1.608579088471849827e+00 1.731102135025966549e+00
1.370967741935483764e-01 1.129032258064516098e-01 1.568217459487715626e+00 1.667593107281823306e+00
1.609195402298850552e-01 1.444991789819375927e-01 1.578116780641767525e+00 1.707455890722823000e+00
1.746031746031745935e-01 1.305114638447971709e-01 1.731102135025966549e+00 1.761597181444509719e+00
1.763754045307443230e-01 1.391585760517799475e-01 1.629549158066268433e+00 1.755412521942656623e+00
1.716666666666666619e-01 1.216666666666666730e-01 1.629549158066268433e+00 1.737116386797915357e+00
1.426403641881638928e-01 1.062215477996965030e-01 1.558441558441558517e+00 1.573151546932354483e+00
1.726495726495726468e-01 1.452991452991453103e-01 1.651073197578426077e+00 1.799640071985602940e+00
1.468189233278955896e-01 1.321370309951060418e-01 1.608579088471849827e+00 1.767825574543311795e+00
1.410256410256410242e-01 1.169871794871794879e-01 1.568217459487715626e+00 1.725129384703852686e+00
1.313291139240506389e-01 1.123417721518987361e-01 1.502253380070105226e+00 1.667593107281823306e+00
1.524500907441016240e-01 1.270417422867513579e-01 1.678791270285394432e+00 1.825928180158247205e+00
1.646234676007005127e-01 1.383537653239929888e-01 1.588141874007411358e+00 1.819284414796846550e+00
1.578947368421052544e-01 1.100478468899521584e-01 1.568217459487715626e+00 1.701644923425978506e+00
1.646234676007005127e-01 1.330998248686514895e-01 1.684446939921392383e+00 1.846153846153846256e+00
1.542130365659777347e-01 1.542130365659777347e-01 1.608579088471849827e+00 1.780415430267062282e+00
1.528776978417266119e-01 1.330935251798561203e-01 1.656543346217559387e+00 1.812688821752265866e+00
1.544715447154471621e-01 1.398373983739837345e-01 1.558441558441558517e+00 1.713306681896059391e+00
1.719858156028368779e-01 1.648936170212765839e-01 1.755412521942656623e+00 1.931745009658724976e+00
1.919866444073455858e-01 1.903171953255425597e-01 1.678791270285394432e+00 1.859888406695598295e+00
1.628289473684210453e-01 1.167763157894736864e-01 1.573151546932354483e+00 1.707455890722823000e+00
1.672473867595818953e-01 1.463414634146341375e-01 1.662049861495844771e+00 1.780415430267062282e+00
1.202435312024353053e-01 1.111111111111111049e-01 1.529831718510963778e+00 1.673173452314556720e+00
1.575342465753424570e-01 1.660958904109589018e-01 1.695873374788015919e+00 1.774098166765227580e+00
1.371237458193979852e-01 1.120401337792642088e-01 1.618996222342147906e+00 1.725129384703852686e+00
1.983050847457627219e-01 1.576271186440678096e-01 1.684446939921392383e+00 1.902346227013316460e+00
1.617418351477449556e-01 1.135303265940902084e-01 1.608579088471849827e+00 1.707455890722823000e+00
1.453590192644483303e-01 1.330998248686514895e-01 1.645639056500274311e+00 1.859888406695598295e+00
1.377708978328173461e-01 1.160990712074303349e-01 1.506780512305374131e+00 1.707455890722823000e+00
1.256281407035175768e-01 1.189279731993299893e-01 1.563314226159458142e+00 1.725129384703852686e+00
1.610305958132045023e-01 1.046698872785829376e-01 1.573151546932354483e+00 1.690140845070422504e+00
1.342062193126022929e-01 1.391162029459901694e-01 1.583113456464379842e+00 1.799640071985602940e+00
1.637239165329053003e-01 1.380417335473515250e-01 1.588141874007411358e+00 1.774098166765227580e+00
1.652470187393526302e-01 1.243611584327086877e-01 1.673173452314556720e+00 1.799640071985602940e+00
1.416803953871499100e-01 1.186161449752883013e-01 1.568217459487715626e+00 1.761597181444509719e+00
1.778523489932885837e-01 1.627516778523489804e-01 1.684446939921392383e+00 1.812688821752265866e+00
1.647446457990115187e-01 1.367380560131795653e-01 1.634877384196185224e+00 1.749271137026239042e+00
1.558872305140961978e-01 1.343283582089552231e-01 1.588141874007411358e+00 1.737116386797915357e+00
1.346749226006191957e-01 1.331269349845201344e-01 1.484413656605640730e+00 1.701644923425978506e+00
1.300309597523219840e-01 1.455108359133126805e-01 1.539250897896357051e+00 1.743172574084834503e+00
1.503378378378378288e-01 1.418918918918918859e-01 1.558441558441558517e+00 1.737116386797915357e+00
1.564059900166389350e-01 1.430948419301164842e-01 1.618996222342147906e+00 1.767825574543311795e+00
1.710296684118673693e-01 1.465968586387434436e-01 1.667593107281823306e+00 1.852995676343421882e+00
1.107544141252006370e-01 1.268057784911717500e-01 1.475651746187899738e+00 1.634877384196185224e+00
1.438596491228070207e-01 1.298245614035087592e-01 1.618996222342147906e+00 1.731102135025966549e+00
1.453287197231833972e-01 1.262975778546712724e-01 1.568217459487715626e+00 1.902346227013316460e+00
1.327433628318584191e-01 1.165191740412979404e-01 1.480019733596448006e+00 1.603420630678781489e+00
1.921708185053380702e-01 1.494661921708184960e-01 1.749271137026239042e+00 1.832620647525962099e+00
1.666666666666666574e-01 1.238095238095238138e-01 1.608579088471849827e+00 1.780415430267062282e+00
1.349593495934959253e-01 1.447154471544715437e-01 1.583113456464379842e+00 1.866832607342874928e+00
1.663747810858143550e-01 1.366024518388791464e-01 1.673173452314556720e+00 1.839362354383813569e+00
1.675392670157068165e-01 1.465968586387434436e-01 1.678791270285394432e+00 1.887979861548143568e+00
1.615999999999999936e-01 1.328000000000000014e-01 1.608579088471849827e+00 1.755412521942656623e+00
1.393841166936790887e-01 1.377633711507293413e-01 1.578116780641767525e+00 1.786777843954735046e+00
1.548599670510708293e-01 1.186161449752883013e-01 1.593202336696760479e+00 1.755412521942656623e+00
1.648000000000000020e-01 1.456000000000000072e-01 1.598295151838039496e+00 1.806140878988561127e+00
1.345826235093696699e-01 1.090289608177172076e-01 1.588141874007411358e+00 1.774098166765227580e+00
1.523972602739726012e-01 1.472602739726027454e-01 1.645639056500274311e+00 1.846153846153846256e+00
1.219110378912685311e-01 1.202635914332784162e-01 1.515917129863567414e+00 1.767825574543311795e+00
1.493624772313296989e-01 1.256830601092896182e-01 1.684446939921392383e+00 1.931745009658724976e+00
1.618887015177065680e-01 1.517706576728499179e-01 1.624255549539794341e+00 1.786777843954735046e+00
1.324503311258278249e-01 1.192052980132450313e-01 1.548786783686112445e+00 1.786777843954735046e+00
1.896243291592128732e-01 1.806797853309481117e-01 1.812688821752265866e+00 1.946787800129785806e+00
1.636363636363636354e-01 1.537190082644628031e-01 1.629549158066268433e+00 1.819284414796846550e+00
1.690909090909090973e-01 1.290909090909090895e-01 1.713306681896059391e+00 1.866832607342874928e+00
1.739130434782608647e-01 1.408695652173913015e-01 1.749271137026239042e+00 1.852995676343421882e+00
1.505016722408026864e-01 1.204013377926421435e-01 1.583113456464379842e+00 1.725129384703852686e+00
1.622950819672131229e-01 1.426229508196721341e-01 1.598295151838039496e+00 1.731102135025966549e+00
1.813559322033898302e-01 1.474576271186440746e-01 1.667593107281823306e+00 1.931745009658724976e+00
1.501650165016501781e-01 1.237623762376237613e-01 1.634877384196185224e+00 1.731102135025966549e+00
1.447368421052631637e-01 1.447368421052631637e-01 1.613770844540075355e+00 1.819284414796846550e+00
1.400000000000000133e-01 1.133333333333333276e-01 1.608579088471849827e+00 1.725129384703852686e+00
1.738437001594896336e-01 1.259968102073365237e-01 1.618996222342147906e+00 1.799640071985602940e+00
1.351351351351351426e-01 1.224165341812400581e-01 1.529831718510963778e+00 1.812688821752265866e+00
1.521739130434782705e-01 1.102484472049689440e-01 1.563314226159458142e+00 1.678791270285394432e+00
1.701388888888888951e-01 1.597222222222222099e-01 1.651073197578426077e+00 1.825928180158247205e+00
1.498194945848375370e-01 1.498194945848375370e-01 1.719197707736389580e+00 1.812688821752265866e+00
1.360759493670886111e-01 9.810126582278480556e-02 1.568217459487715626e+00 1.667593107281823306e+00
1.315372424722662525e-01 1.030110935023771795e-01 1.529831718510963778e+00 1.731102135025966549e+00
1.386623164763458316e-01 1.190864600326264205e-01 1.515917129863567414e+00 1.673173452314556720e+00
1.734006734006733885e-01 1.515151515151515194e-01 1.673173452314556720e+00 1.880877742946708508e+00
1.570121951219512202e-01 1.356707317073170826e-01 1.539250897896357051e+00 1.662049861495844771e+00
1.486268174474959514e-01 1.292407108239095326e-01 1.593202336696760479e+00 1.767825574543311795e+00
1.266447368421052544e-01 1.266447368421052544e-01 1.568217459487715626e+00 1.737116386797915357e+00
1.737649063032367935e-01 1.379897785349233352e-01 1.684446939921392383e+00 1.825928180158247205e+00
1.491525423728813637e-01 1.474576271186440746e-01 1.613770844540075355e+00 1.774098166765227580e+00
1.701807228915662717e-01 1.430722891566265087e-01 1.618996222342147906e+00 1.673173452314556720e+00
1.582278481012658333e-01 1.329113924050632778e-01 1.645639056500274311e+00 1.743172574084834503e+00
1.474036850921273123e-01 1.474036850921273123e-01 1.624255549539794341e+00 1.799640071985602940e+00
1.777777777777777846e-01 1.350427350427350348e-01 1.701644923425978506e+00 1.767825574543311795e+00
1.285266457680250829e-01 1.300940438871473481e-01 1.511335012594458460e+00 1.749271137026239042e+00
1.555153707052441270e-01 1.464737793851717818e-01 1.662049861495844771e+00 1.846153846153846256e+00
1.541038525963148997e-01 1.591289782244556250e-01 1.640240568616730510e+00 1.806140878988561127e+00
1.477272727272727348e-01 1.461038961038960970e-01 1.640240568616730510e+00 1.749271137026239042e+00
1.709401709401709435e-01 1.606837606837606958e-01 1.684446939921392383e+00 1.902346227013316460e+00
1.535947712418300748e-01 1.307189542483660205e-01 1.598295151838039496e+00 1.799640071985602940e+00
1.496710526315789547e-01 1.101973684210526272e-01 1.558441558441558517e+00 1.761597181444509719e+00
1.450252951096121512e-01 1.551433389544688013e-01 1.588141874007411358e+00 1.859888406695598295e+00
1.730103806228373564e-01 1.470588235294117696e-01 1.667593107281823306e+00 1.786777843954735046e+00
1.416526138279932678e-01 1.399662731871837984e-01 1.588141874007411358e+00 1.819284414796846550e+00
1.509121061359867400e-01 1.393034825870646809e-01 1.583113456464379842e+00 1.774098166765227580e+00
1.753554502369668311e-01 1.469194312796208435e-01 1.613770844540075355e+00 1.767825574543311795e+00
1.531250000000000111e-01 1.281249999999999889e-01 1.548786783686112445e+00 1.707455890722823000e+00
1.452145214521452232e-01 1.254125412541254037e-01 1.525165226232841897e+00 1.731102135025966549e+00
1.675213675213675091e-01 1.452991452991453103e-01 1.603420630678781489e+00 1.793185893604303693e+00
1.647058823529411742e-01 1.428571428571428492e-01 1.608579088471849827e+00 1.737116386797915357e+00
1.630971993410214038e-01 1.252059308072487609e-01 1.608579088471849827e+00 1.755412521942656623e+00
1.645569620253164445e-01 1.471518987341772222e-01 1.588141874007411358e+00 1.749271137026239042e+00
1.757877280265340014e-01 1.442786069651741387e-01 1.667593107281823306e+00 1.743172574084834503e+00
1.873935264054514549e-01 1.567291311754684946e-01 1.707455890722823000e+00 1.859888406695598295e+00
1.584158415841584178e-01 1.155115511551155077e-01 1.613770844540075355e+00 1.780415430267062282e+00
1.365935919055649150e-01 1.129848229342327176e-01 1.634877384196185224e+00 1.701644923425978506e+00
1.493055555555555525e-01 1.302083333333333426e-01 1.684446939921392383e+00 1.839362354383813569e+00
1.419457735247209029e-01 1.387559808612440215e-01 1.558441558441558517e+00 1.743172574084834503e+00
1.548183254344391857e-01 1.374407582938388661e-01 1.593202336696760479e+00 1.767825574543311795e+00
1.440261865793780738e-01 1.325695581014730007e-01 1.573151546932354483e+00 1.866832607342874928e+00
1.389312977099236568e-01 1.236641221374045752e-01 1.515917129863567414e+00 1.662049861495844771e+00
1.333333333333333315e-01 1.333333333333333315e-01 1.563314226159458142e+00 1.743172574084834503e+00
1.450777202072538741e-01 1.571675302245250372e-01 1.695873374788015919e+00 1.866832607342874928e+00
1.519607843137254777e-01 1.274509803921568540e-01 1.563314226159458142e+00 1.731102135025966549e+00
1.470588235294117696e-01 1.356209150326797286e-01 1.553599171413775348e+00 1.755412521942656623e+00
1.442622950819672234e-01 1.311475409836065642e-01 1.588141874007411358e+00 1.812688821752265866e+00
1.559220389805097418e-01 1.499250374812593767e-01 1.529831718510963778e+00 1.725129384703852686e+00
1.470588235294117696e-01 1.176470588235294101e-01 1.613770844540075355e+00 1.755412521942656623e+00
1.503164556962025278e-01 1.313291139240506389e-01 1.553599171413775348e+00 1.749271137026239042e+00
1.578947368421052544e-01 1.192982456140350839e-01 1.690140845070422504e+00 1.761597181444509719e+00
1.847328244274809295e-01 1.312977099236641298e-01 1.624255549539794341e+00 1.780415430267062282e+00
1.751227495908347087e-01 1.505728314238952426e-01 1.624255549539794341e+00 1.743172574084834503e+00
1.170212765957446832e-01 1.170212765957446832e-01 1.578116780641767525e+00 1.832620647525962099e+00
1.799660441426146062e-01 1.511035653650254773e-01 1.618996222342147906e+00 1.812688821752265866e+00
1.566484517304189417e-01 1.165755919854280509e-01 1.749271137026239042e+00 1.880877742946708508e+00
1.785150078988941569e-01 1.374407582938388661e-01 1.634877384196185224e+00 1.725129384703852686e+00
1.704180064308681575e-01 1.398713826366559387e-01 1.588141874007411358e+00 1.774098166765227580e+00
1.571194762684124391e-01 1.309328968903437085e-01 1.588141874007411358e+00 1.690140845070422504e+00
1.885813148788927363e-01 1.435986159169550247e-01 1.725129384703852686e+00 1.902346227013316460e+00
1.537242472266243942e-01 1.394611727416798785e-01 1.578116780641767525e+00 1.707455890722823000e+00
1.528861154446177761e-01 1.575663026521060828e-01 1.529831718510963778e+00 1.819284414796846550e+00
1.270096463022508115e-01 1.237942122186495159e-01 1.502253380070105226e+00 1.832620647525962099e+00
1.398713826366559387e-01 1.270096463022508115e-01 1.608579088471849827e+00 1.749271137026239042e+00
1.234991423670668970e-01 1.234991423670668970e-01 1.593202336696760479e+00 1.701644923425978506e+00
1.272727272727272596e-01 1.074380165289256228e-01 1.563314226159458142e+00 1.707455890722823000e+00
1.568265682656826698e-01 1.439114391143911376e-01 1.749271137026239042e+00 1.909611712285168572e+00
1.780821917808219079e-01 1.592465753424657515e-01 1.673173452314556720e+00 1.812688821752265866e+00
1.392405063291139167e-01 1.344936708860759444e-01 1.506780512305374131e+00 1.743172574084834503e+00
1.576086956521739191e-01 1.431159420289855044e-01 1.713306681896059391e+00 1.825928180158247205e+00
1.451612903225806550e-01 1.225806451612903164e-01 1.578116780641767525e+00 1.695873374788015919e+00
1.703958691910499035e-01 1.480206540447504271e-01 1.690140845070422504e+00 1.806140878988561127e+00
1.421725239616613290e-01 1.421725239616613290e-01 1.573151546932354483e+00 1.806140878988561127e+00
1.375212224108658676e-01 1.137521222410865923e-01 1.593202336696760479e+00 1.731102135025966549e+00
1.317829457364341206e-01 1.271317829457364323e-01 1.520527116066903162e+00 1.725129384703852686e+00
1.538461538461538547e-01 1.391162029459901694e-01 1.629549158066268433e+00 1.678791270285394432e+00
1.471074380165289242e-01 1.305785123966942129e-01 1.613770844540075355e+00 1.786777843954735046e+00
1.816666666666666707e-01 1.700000000000000122e-01 1.645639056500274311e+00 1.916932907348242843e+00
1.544850498338870559e-01 1.312292358803986703e-01 1.598295151838039496e+00 1.859888406695598295e+00
1.642036124794745422e-01 1.625615763546797987e-01 1.548786783686112445e+00 1.793185893604303693e+00
1.561514195583596221e-01 1.435331230283911630e-01 1.558441558441558517e+00 1.719197707736389580e+00
1.626409017713365546e-01 1.336553945249597530e-01 1.598295151838039496e+00 1.713306681896059391e+00
1.416083916083916150e-01 1.346153846153846090e-01 1.640240568616730510e+00 1.737116386797915357e+00
1.247974068071312781e-01 9.724473257698541817e-02 1.515917129863567414e+00 1.701644923425978506e+00
1.454849498327759061e-01 1.471571906354515180e-01 1.573151546932354483e+00 1.846153846153846256e+00
1.971326164874551978e-01 1.702508960573476671e-01 1.774098166765227580e+00 1.909611712285168572e+00
1.890145395799676942e-01 1.502423263327948288e-01 1.656543346217559387e+00 1.866832607342874928e+00
1.703577512776831282e-01 1.652470187393526302e-01 1.695873374788015919e+00 1.887979861548143568e+00
1.548599670510708293e-01 1.367380560131795653e-01 1.645639056500274311e+00 1.786777843954735046e+00
9.634551495016611955e-02 1.096345514950166078e-01 1.502253380070105226e+00 1.725129384703852686e+00
1.566265060240963902e-01 1.394148020654044640e-01 1.598295151838039496e+00 1.812688821752265866e+00
1.446740858505564387e-01 1.335453100158982553e-01 1.558441558441558517e+00 1.825928180158247205e+00
1.693121693121693028e-01 1.534391534391534306e-01 1.701644923425978506e+00 1.895135818066961519e+00
1.527001862197392978e-01 1.191806331471135932e-01 1.749271137026239042e+00 1.873828856964397271e+00
1.303656597774244807e-01 1.240063593004769454e-01 1.534526854219948833e+00 1.767825574543311795e+00
1.806020066889632014e-01 1.387959866220735694e-01 1.667593107281823306e+00 1.725129384703852686e+00
1.868686868686868785e-01 1.279461279461279466e-01 1.678791270285394432e+00 1.852995676343421882e+00
1.228668941979522145e-01 1.262798634812286602e-01 1.613770844540075355e+00 1.725129384703852686e+00
1.386481802426343113e-01 1.473136915077989662e-01 1.645639056500274311e+00 1.793185893604303693e+00
1.702508960573476671e-01 1.559139784946236562e-01 1.713306681896059391e+00 1.924310455420141119e+00
1.523500810372771519e-01 1.199351701782820079e-01 1.563314226159458142e+00 1.774098166765227580e+00
1.643598615916954941e-01 1.366782006920415349e-01 1.678791270285394432e+00 1.806140878988561127e+00
1.495016611295681142e-01 1.478405315614617910e-01 1.608579088471849827e+00 1.767825574543311795e+00
1.566484517304189417e-01 1.457194899817850775e-01 1.651073197578426077e+00 1.902346227013316460e+00
1.331114808652246184e-01 1.247920133111480867e-01 1.629549158066268433e+00 1.767825574543311795e+00
1.583793738489871206e-01 1.289134438305709063e-01 1.629549158066268433e+00 1.880877742946708508e+00
1.333333333333333315e-01 1.271317829457364323e-01 1.484413656605640730e+00 1.725129384703852686e+00
1.541155866900175142e-01 1.401050788091068311e-01 1.634877384196185224e+00 1.780415430267062282e+00
1.856899488926746222e-01 1.482112436115843312e-01 1.645639056500274311e+00 1.799640071985602940e+00
1.651705565529623110e-01 1.256732495511669601e-01 1.731102135025966549e+00 1.806140878988561127e+00
1.787003610108303386e-01 1.335740072202166173e-01 1.690140845070422504e+00 1.846153846153846256e+00
1.829268292682926789e-01 1.324041811846689842e-01 1.743172574084834503e+00 1.755412521942656623e+00
1.850079744816587046e-01 1.164274322169059073e-01 1.684446939921392383e+00 1.755412521942656623e+00
1.672473867595818953e-01 1.742160278745644719e-01 1.690140845070422504e+00 1.962066710268149050e+00
1.615120274914089438e-01 1.546391752577319645e-01 1.629549158066268433e+00 1.799640071985602940e+00
1.304347826086956486e-01 1.147826086956521691e-01 1.618996222342147906e+00 1.767825574543311795e+00
1.516666666666666718e-01 1.033333333333333326e-01 1.588141874007411358e+00 1.749271137026239042e+00
1.819672131147541116e-01 1.672131147540983631e-01 1.662049861495844771e+00 1.786777843954735046e+00
1.630036630036630074e-01 1.172161172161172160e-01 1.684446939921392383e+00 1.954397394136807797e+00
1.526586620926243532e-01 1.166380789022298525e-01 1.588141874007411358e+00 1.719197707736389580e+00
1.587837837837837718e-01 1.537162162162162282e-01 1.662049861495844771e+00 1.761597181444509719e+00
1.573033707865168496e-01 1.444622792937399758e-01 1.544004117344312865e+00 1.774098166765227580e+00
1.370558375634517712e-01 1.319796954314720883e-01 1.608579088471849827e+00 1.755412521942656623e+00
1.352253756260433926e-01 9.849749582637729040e-02 1.603420630678781489e+00 1.707455890722823000e+00
1.127694859038142622e-01 9.784411276948590253e-02 1.534526854219948833e+00 1.678791270285394432e+00
1.525423728813559421e-01 1.237288135593220401e-01 1.563314226159458142e+00 1.819284414796846550e+00
1.732673267326732547e-01 1.171617161716171640e-01 1.645639056500274311e+00 1.767825574543311795e+00
1.275510204081632681e-01 1.122448979591836732e-01 1.593202336696760479e+00 1.755412521942656623e+00
1.552587646076794559e-01 1.118530884808013326e-01 1.598295151838039496e+00 1.667593107281823306e+00
1.430948419301164842e-01 1.281198003327786994e-01 1.578116780641767525e+00 1.749271137026239042e+00
1.404958677685950452e-01 1.322314049586776896e-01 1.624255549539794341e+00 1.806140878988561127e+00
2.064056939501779375e-01 2.046263345195729610e-01 1.793185893604303693e+00 1.873828856964397271e+00
1.615120274914089438e-01 1.391752577319587680e-01 1.539250897896357051e+00 1.780415430267062282e+00
1.758793969849246352e-01 1.390284757118928072e-01 1.651073197578426077e+00 1.761597181444509719e+00
1.333333333333333315e-01 1.499999999999999944e-01 1.613770844540075355e+00 1.780415430267062282e+00
1.493710691823899317e-01 1.132075471698113234e-01 1.525165226232841897e+00 1.695873374788015919e+00
1.564059900166389350e-01 1.613976705490848540e-01 1.578116780641767525e+00 1.793185893604303693e+00
1.586538461538461453e-01 1.362179487179487059e-01 1.548786783686112445e+00 1.701644923425978506e+00
1.401384083044982798e-01 1.418685121107266522e-01 1.634877384196185224e+00 1.793185893604303693e+00
1.370967741935483764e-01 1.241935483870967721e-01 1.511335012594458460e+00 1.749271137026239042e+00
1.412520064205457504e-01 1.348314606741572996e-01 1.618996222342147906e+00 1.719197707736389580e+00
1.111111111111111049e-01 1.162393162393162427e-01 1.544004117344312865e+00 1.780415430267062282e+00
1.597444089456868943e-01 1.501597444089456945e-01 1.603420630678781489e+00 1.755412521942656623e+00
1.841652323580034445e-01 1.790017211703958666e-01 1.690140845070422504e+00 1.887979861548143568e+00
1.752921535893155192e-01 1.502504173622704609e-01 1.583113456464379842e+00 1.767825574543311795e+00
1.435483870967741993e-01 1.338709677419354926e-01 1.553599171413775348e+00 1.767825574543311795e+00
1.720067453625632459e-01 1.433389544688027095e-01 1.719197707736389580e+00 1.799640071985602940e+00
1.669505962521294629e-01 1.328790459965928372e-01 1.640240568616730510e+00 1.825928180158247205e+00
1.604729729729729715e-01 1.402027027027027140e-01 1.651073197578426077e+00 1.725129384703852686e+00
1.653160453808752151e-01 1.296596434359805483e-01 1.656543346217559387e+00 1.725129384703852686e+00
1.861614497528830403e-01 1.532125205930807144e-01 1.684446939921392383e+00 1.895135818066961519e+00
1.449752883031301398e-01 1.285008237232289907e-01 1.558441558441558517e+00 1.684446939921392383e+00
1.388455538221528840e-01 1.201248049921996852e-01 1.578116780641767525e+00 1.656543346217559387e+00
1.396933560477001679e-01 1.243611584327086877e-01 1.593202336696760479e+00 1.799640071985602940e+00
1.522988505747126520e-01 1.135057471264367818e-01 1.511335012594458460e+00 1.673173452314556720e+00
1.726495726495726468e-01 1.555555555555555580e-01 1.662049861495844771e+00 1.761597181444509719e+00
1.669367909238249625e-01 1.296596434359805483e-01 1.640240568616730510e+00 1.806140878988561127e+00
1.240063593004769454e-01 1.081081081081081141e-01 1.471309465424227580e+00 1.731102135025966549e+00
1.533333333333333215e-01 1.383333333333333359e-01 1.667593107281823306e+00 1.812688821752265866e+00
1.285475792988313992e-01 1.118530884808013326e-01 1.608579088471849827e+00 1.761597181444509719e+00
1.525423728813559421e-01 1.371340523882896845e-01 1.593202336696760479e+00 1.725129384703852686e+00
1.722488038277512068e-01 1.626794258373205626e-01 1.618996222342147906e+00 1.852995676343421882e+00
1.515650741350905994e-01 1.548599670510708293e-01 1.583113456464379842e+00 1.806140878988561127e+00
1.241379310344827569e-01 1.327586206896551602e-01 1.578116780641767525e+00 1.755412521942656623e+00
1.292407108239095326e-01 1.130856219709208410e-01 1.539250897896357051e+00 1.634877384196185224e+00
1.867088607594936667e-01 1.582278481012658333e-01 1.629549158066268433e+00 1.799640071985602940e+00
1.490066225165563030e-01 1.076158940397350938e-01 1.593202336696760479e+00 1.749271137026239042e+00
1.483870967741935387e-01 1.161290322580645212e-01 1.573151546932354483e+00 1.707455890722823000e+00
1.486486486486486569e-01 1.081081081081081141e-01 1.645639056500274311e+00 1.737116386797915357e+00
1.398963730569948161e-01 1.416234887737478354e-01 1.593202336696760479e+00 1.825928180158247205e+00
1.549999999999999989e-01 1.266666666666666774e-01 1.624255549539794341e+00 1.761597181444509719e+00
1.556776556776556797e-01 1.391941391941391992e-01 1.673173452314556720e+00 1.859888406695598295e+00
1.669505962521294629e-01 1.413969335604770006e-01 1.634877384196185224e+00 1.767825574543311795e+00
1.699346405228758239e-01 1.519607843137254777e-01 1.593202336696760479e+00 1.812688821752265866e+00
1.412520064205457504e-01 1.043338683788122001e-01 1.534526854219948833e+00 1.618996222342147906e+00
1.586102719033232744e-01 1.435045317220543792e-01 1.553599171413775348e+00 1.667593107281823306e+00
1.413373860182370878e-01 1.170212765957446832e-01 1.558441558441558517e+00 1.640240568616730510e+00
1.416234887737478354e-01 1.139896373056994844e-01 1.618996222342147906e+00 1.707455890722823000e+00
1.791044776119402882e-01 1.409618573797678243e-01 1.624255549539794341e+00 1.767825574543311795e+00
1.577181208053691219e-01 1.459731543624161187e-01 1.662049861495844771e+00 1.786777843954735046e+00
1.921182266009852091e-01 1.559934318555008248e-01 1.695873374788015919e+00 1.825928180158247205e+00
1.845878136200716779e-01 1.577060931899641472e-01 1.673173452314556720e+00 1.946787800129785806e+00
1.691542288557214002e-01 1.227197346600331640e-01 1.678791270285394432e+00 1.774098166765227580e+00
1.325503355704698016e-01 1.057046979865771813e-01 1.573151546932354483e+00 1.774098166765227580e+00
1.343283582089552231e-01 1.127694859038142622e-01 1.544004117344312865e+00 1.743172574084834503e+00
1.608623548922056279e-01 1.177446102819237200e-01 1.588141874007411358e+00 1.806140878988561127e+00
1.714770797962648641e-01 1.341256366723259652e-01 1.634877384196185224e+00 1.755412521942656623e+00
1.650000000000000078e-01 1.683333333333333348e-01 1.634877384196185224e+00 1.962066710268149050e+00
1.307692307692307765e-01 1.169230769230769212e-01 1.548786783686112445e+00 1.634877384196185224e+00
1.409168081494057700e-01 1.290322580645161255e-01 1.678791270285394432e+00 1.825928180158247205e+00
1.460317460317460403e-01 1.365079365079364948e-01 1.539250897896357051e+00 1.725129384703852686e+00
1.666666666666666574e-01 1.200716845878136152e-01 1.713306681896059391e+00 1.895135818066961519e+00
1.539735099337748436e-01 1.357615894039735094e-01 1.645639056500274311e+00 1.873828856964397271e+00
1.362275449101796321e-01 1.062874251497006040e-01 1.493280238924838299e+00 1.690140845070422504e+00
1.398963730569948161e-01 1.260794473229706336e-01 1.667593107281823306e+00 1.793185893604303693e+00
1.446945337620578753e-01 1.205787781350482341e-01 1.583113456464379842e+00 1.755412521942656623e+00
1.567656765676567754e-01 1.336633663366336711e-01 1.624255549539794341e+00 1.806140878988561127e+00
1.655290102389078422e-01 1.501706484641638362e-01 1.684446939921392383e+00 1.812688821752265866e+00
1.539792387543252594e-01 1.401384083044982798e-01 1.651073197578426077e+00 1.852995676343421882e+00
1.517128874388254389e-01 1.272430668841761925e-01 1.544004117344312865e+00 1.767825574543311795e+00
1.495798319327731052e-01 1.344537815126050362e-01 1.629549158066268433e+00 1.799640071985602940e+00
1.502683363148479556e-01 1.466905187835420288e-01 1.634877384196185224e+00 1.887979861548143568e+00
1.484641638225255855e-01 1.416382252559726940e-01 1.534526854219948833e+00 1.743172574084834503e+00
1.871921182266009787e-01 1.428571428571428492e-01 1.593202336696760479e+00 1.767825574543311795e+00
1.465517241379310220e-01 1.155172413793103398e-01 1.613770844540075355e+00 1.774098166765227580e+00
1.766723842195540295e-01 1.423670668953687934e-01 1.719197707736389580e+00 1.887979861548143568e+00
1.377708978328173461e-01 1.222910216718266219e-01 1.525165226232841897e+00 1.695873374788015919e+00
1.611374407582938373e-01 1.406003159557661919e-01 1.608579088471849827e+00 1.806140878988561127e+00
1.708185053380782970e-01 1.334519572953736521e-01 1.731102135025966549e+00 1.859888406695598295e+00
1.334431630971993354e-01 1.268533772652388758e-01 1.568217459487715626e+00 1.725129384703852686e+00
1.350877192982456176e-01 1.000000000000000056e-01 1.645639056500274311e+00 1.673173452314556720e+00
1.771336553945249692e-01 1.545893719806763211e-01 1.690140845070422504e+00 1.786777843954735046e+00
1.462264150943396179e-01 1.242138364779874216e-01 1.534526854219948833e+00 1.713306681896059391e+00
1.856392294220665373e-01 1.453590192644483303e-01 1.767825574543311795e+00 1.819284414796846550e+00
1.433070866141732402e-01 1.307086614173228467e-01 1.548786783686112445e+00 1.707455890722823000e+00
1.531986531986531952e-01 1.430976430976430847e-01 1.624255549539794341e+00 1.880877742946708508e+00
1.522491349480968870e-01 1.539792387543252594e-01 1.690140845070422504e+00 1.852995676343421882e+00
1.399662731871837984e-01 1.382799325463743567e-01 1.558441558441558517e+00 1.749271137026239042e+00
1.450511945392491397e-01 1.075085324232081946e-01 1.558441558441558517e+00 1.743172574084834503e+00
1.247892074198988233e-01 1.214165261382799260e-01 1.573151546932354483e+00 1.725129384703852686e+00
1.756329113924050556e-01 1.344936708860759444e-01 1.613770844540075355e+00 1.761597181444509719e+00
1.247892074198988233e-01 1.163575042158516010e-01 1.598295151838039496e+00 1.786777843954735046e+00
1.655518394648829439e-01 1.438127090301003219e-01 1.618996222342147906e+00 1.880877742946708508e+00
1.506622516556291314e-01 1.374172185430463655e-01 1.529831718510963778e+00 1.684446939921392383e+00
1.521367521367521236e-01 1.521367521367521236e-01 1.645639056500274311e+00 1.819284414796846550e+00
1.609907120743034048e-01 1.439628482972136192e-01 1.520527116066903162e+00 1.755412521942656623e+00
1.504132231404958775e-01 1.289256198347107363e-01 1.634877384196185224e+00 1.725129384703852686e+00
1.707746478873239382e-01 1.355633802816901545e-01 1.684446939921392383e+00 1.832620647525962099e+00
1.573208722741432919e-01 1.386292834890965608e-01 1.608579088471849827e+00 1.629549158066268433e+00
1.603927986906710235e-01 1.194762684124386215e-01 1.662049861495844771e+00 1.701644923425978506e+00
1.322314049586776896e-01 1.140495867768595017e-01 1.558441558441558517e+00 1.749271137026239042e+00
1.454545454545454475e-01 1.530303030303030165e-01 1.568217459487715626e+00 1.743172574084834503e+00
1.478991596638655481e-01 1.478991596638655481e-01 1.603420630678781489e+00 1.812688821752265866e+00
1.675485008818342059e-01 1.463844797178130430e-01 1.678791270285394432e+00 1.852995676343421882e+00
1.351351351351351426e-01 1.126126126126126142e-01 1.475651746187899738e+00 1.667593107281823306e+00
1.264559068219633930e-01 1.181364392678868613e-01 1.529831718510963778e+00 1.793185893604303693e+00
1.470588235294117696e-01 1.055363321799307891e-01 1.608579088471849827e+00 1.695873374788015919e+00
1.280000000000000027e-01 1.168000000000000010e-01 1.558441558441558517e+00 1.786777843954735046e+00
1.494607087827426739e-01 1.371340523882896845e-01 1.573151546932354483e+00 1.701644923425978506e+00
1.336717428087986492e-01 1.116751269035533012e-01 1.578116780641767525e+00 1.737116386797915357e+00
1.658986175115207407e-01 1.382488479262672931e-01 1.578116780641767525e+00 1.690140845070422504e+00
1.598639455782313035e-01 1.275510204081632681e-01 1.568217459487715626e+00 1.812688821752265866e+00
1.759729272419627844e-01 1.539763113367174363e-01 1.662049861495844771e+00 1.819284414796846550e+00
1.638795986622073597e-01 1.287625418060200644e-01 1.701644923425978506e+00 1.780415430267062282e+00
1.473684210526315652e-01 1.298245614035087592e-01 1.578116780641767525e+00 1.832620647525962099e+00
1.412151067323481057e-01 1.100164203612479519e-01 1.553599171413775348e+00 1.731102135025966549e+00
1.729452054794520521e-01 1.575342465753424570e-01 1.695873374788015919e+00 1.819284414796846550e+00
1.548183254344391857e-01 1.311216429699842145e-01 1.568217459487715626e+00 1.767825574543311795e+00
1.555915721231766746e-01 1.588330632090761696e-01 1.624255549539794341e+00 1.806140878988561127e+00
1.579804560260586188e-01 1.465798045602605959e-01 1.598295151838039496e+00 1.749271137026239042e+00
1.260364842454394785e-01 1.194029850746268634e-01 1.603420630678781489e+00 1.749271137026239042e+00
1.359223300970873738e-01 1.084142394822006500e-01 1.578116780641767525e+00 1.799640071985602940e+00
1.638795986622073597e-01 1.254180602006688960e-01 1.690140845070422504e+00 1.806140878988561127e+00
1.595394736842105365e-01 1.167763157894736864e-01 1.618996222342147906e+00 1.780415430267062282e+00
1.596491228070175405e-01 1.228070175438596423e-01 1.651073197578426077e+00 1.731102135025966549e+00
1.567944250871080025e-01 1.358885017421602726e-01 1.651073197578426077e+00 1.866832607342874928e+00
1.704347826086956563e-01 1.443478260869565100e-01 1.701644923425978506e+00 1.909611712285168572e+00
1.528998242530755780e-01 1.353251318101933165e-01 1.573151546932354483e+00 1.839362354383813569e+00
1.525704809286898833e-01 1.376451077943615375e-01 1.640240568616730510e+00 1.767825574543311795e+00
1.738410596026490063e-01 1.374172185430463655e-01 1.618996222342147906e+00 1.819284414796846550e+00
1.204013377926421435e-01 1.220735785953177277e-01 1.563314226159458142e+00 1.767825574543311795e+00
1.699115044247787587e-01 1.398230088495575341e-01 1.695873374788015919e+00 1.895135818066961519e+00
1.716417910447761153e-01 1.529850746268656692e-01 1.749271137026239042e+00 1.887979861548143568e+00
1.328244274809160241e-01 1.221374045801526670e-01 1.488833746898263088e+00 1.673173452314556720e+00
1.672240802675585281e-01 1.655518394648829439e-01 1.701644923425978506e+00 1.909611712285168572e+00
1.807228915662650592e-01 1.475903614457831359e-01 1.568217459487715626e+00 1.786777843954735046e+00
1.611208406304728558e-01 1.383537653239929888e-01 1.608579088471849827e+00 1.832620647525962099e+00
1.442463533225283590e-01 1.215559157212317692e-01 1.583113456464379842e+00 1.774098166765227580e+00
1.499999999999999944e-01 1.316666666666666541e-01 1.568217459487715626e+00 1.755412521942656623e+00
1.408934707903780059e-01 1.288659793814432852e-01 1.573151546932354483e+00 1.755412521942656623e+00
1.567291311754684946e-01 1.431005110732538332e-01 1.608579088471849827e+00 1.755412521942656623e+00
1.573604060913705582e-01 1.269035532994923776e-01 1.684446939921392383e+00 1.737116386797915357e+00
1.627906976744186163e-01 1.411960132890365538e-01 1.583113456464379842e+00 1.799640071985602940e+00
1.493624772313296989e-01 1.256830601092896182e-01 1.690140845070422504e+00 1.832620647525962099e+00
1.599353796445880382e-01 1.421647819063004969e-01 1.593202336696760479e+00 1.725129384703852686e+00
1.404682274247491536e-01 1.321070234113712327e-01 1.624255549539794341e+00 1.780415430267062282e+00
1.241721854304635719e-01 8.940397350993377346e-02 1.583113456464379842e+00 1.656543346217559387e+00
1.552901023890785048e-01 1.262798634812286602e-01 1.701644923425978506e+00 1.806140878988561127e+00
1.691542288557214002e-01 1.177446102819237200e-01 1.603420630678781489e+00 1.690140845070422504e+00
1.521367521367521236e-01 1.282051282051281937e-01 1.645639056500274311e+00 1.825928180158247205e+00
1.497093023255813837e-01 1.380813953488372048e-01 1.488833746898263088e+00 1.780415430267062282e+00
1.523642732049036719e-01 1.401050788091068311e-01 1.695873374788015919e+00 1.873828856964397271e+00
1.700000000000000122e-01 1.516666666666666718e-01 1.598295151838039496e+00 1.749271137026239042e+00
1.757469244288225041e-01 1.230228471001757473e-01 1.725129384703852686e+00 1.832620647525962099e+00
1.551724137931034531e-01 1.379310344827586188e-01 1.618996222342147906e+00 1.812688821752265866e+00
1.378763866877971422e-01 1.283676703645007799e-01 1.520527116066903162e+00 1.749271137026239042e+00
1.513761467889908341e-01 1.559633027522935866e-01 1.558441558441558517e+00 1.731102135025966549e+00
1.457627118644067854e-01 1.355932203389830504e-01 1.624255549539794341e+00 1.786777843954735046e+00
1.563573883161512024e-01 1.460481099656357473e-01 1.667593107281823306e+00 1.780415430267062282e+00
1.663807890222984698e-01 1.320754716981132060e-01 1.629549158066268433e+00 1.832620647525962099e+00
1.414141414141414088e-01 1.245791245791245810e-01 1.573151546932354483e+00 1.786777843954735046e+00
1.758064516129032306e-01 1.322580645161290369e-01 1.629549158066268433e+00 1.812688821752265866e+00
1.603448275862068839e-01 1.206896551724137984e-01 1.618996222342147906e+00 1.839362354383813569e+00
1.561938958707360936e-01 1.113105924596050206e-01 1.634877384196185224e+00 1.839362354383813569e+00
1.343804537521814946e-01 9.947643979057591013e-02 1.598295151838039496e+00 1.780415430267062282e+00
1.635434412265757975e-01 1.311754684838160046e-01 1.618996222342147906e+00 1.786777843954735046e+00
1.501706484641638362e-01 1.450511945392491397e-01 1.640240568616730510e+00 1.707455890722823000e+00
1.655948553054662487e-01 1.479099678456591571e-01 1.640240568616730510e+00 1.749271137026239042e+00
1.568965517241379393e-01 1.482758620689655082e-01 1.678791270285394432e+00 1.887979861548143568e+00
1.610619469026548789e-01 1.115044247787610604e-01 1.678791270285394432e+00 1.852995676343421882e+00
1.743772241992882499e-01 1.637010676156583633e-01 1.713306681896059391e+00 1.832620647525962099e+00
1.593959731543624081e-01 1.526845637583892634e-01 1.640240568616730510e+00 1.866832607342874928e+00
1.350078492935635754e-01 1.161695447409733101e-01 1.529831718510963778e+00 1.707455890722823000e+00
1.461412151067323362e-01 1.461412151067323362e-01 1.578116780641767525e+00 1.806140878988561127e+00
1.588447653429602979e-01 1.335740072202166173e-01 1.713306681896059391e+00 1.895135818066961519e+00
1.431005110732538332e-01 1.294718909710391719e-01 1.578116780641767525e+00 1.780415430267062282e+00
1.656050955414012649e-01 1.433121019108280214e-01 1.624255549539794341e+00 1.695873374788015919e+00
1.746293245469522359e-01 1.581548599670510591e-01 1.629549158066268433e+00 1.880877742946708508e+00
1.677419354838709797e-01 1.499999999999999944e-01 1.573151546932354483e+00 1.749271137026239042e+00
1.552901023890785048e-01 1.467576791808873626e-01 1.603420630678781489e+00 1.852995676343421882e+00
1.790540540540540571e-01 1.368243243243243146e-01 1.645639056500274311e+00 1.825928180158247205e+00
1.512605042016806622e-01 1.294117647058823650e-01 1.544004117344312865e+00 1.737116386797915357e+00
1.306620209059233539e-01 1.480836236933797956e-01 1.603420630678781489e+00 1.812688821752265866e+00
1.487179487179487170e-01 1.196581196581196632e-01 1.603420630678781489e+00 1.725129384703852686e+00
